3 168 3 1
168 3 168 1
3 168 265 1
168 265 168 1
265 168 3 1
168 3 168 1
3 168 168 1
168 168 168 1
168 168 265 1
168 265 168 1
265 168 168 1
168 168 168 1
168 168 265 1
168 265 3 1
265 3 168 1
3 168 3 1
168 3 168 1
3 168 3 1
168 3 265 1
3 265 168 1
265 168 3 1
168 3 168 1
3 168 168 1
168 168 168 1
168 168 265 1
168 265 168 1
265 168 168 1
168 168 265 1
168 265 3 1
265 3 265 1
3 265 168 1
265 168 168 1
168 168 265 1
168 265 265 1
265 265 265 1
265 265 168 1
265 168 168 1
168 168 265 1
168 265 265 1
265 265 168 1
265 168 265 1
168 265 168 1
265 168 168 1
168 168 168 1
168 168 168 1
168 168 168 1
168 168 265 1
168 265 168 1
265 168 265 1
168 265 168 1
265 168 3 1
168 3 168 1
3 168 168 1
168 168 168 1
168 168 265 1
168 265 265 1
265 265 3 1
265 3 265 1
3 265 168 1
265 168 168 1
168 168 168 1
168 168 3 1
168 3 168 1
3 168 168 1
168 168 168 1
168 168 3 1
168 3 265 1
3 265 168 1
265 168 3 1
168 3 168 1
3 168 265 1
168 265 168 1
265 168 3 1
168 3 168 1
3 168 168 1
168 168 168 1
168 168 168 1
168 168 265 1
168 265 168 1
265 168 168 1
168 168 3 1
168 3 168 1
3 168 265 1
168 265 3 1
265 3 265 1
3 265 3 1
265 3 265 1
3 265 3 1
265 3 168 1
3 168 265 1
168 265 168 1
265 168 265 1
168 265 168 1
265 168 168 1
168 168 265 1
168 265 265 1
265 265 265 1
265 265 265 1
265 265 168 1
265 168 168 1
168 168 3 1
168 3 168 1
3 168 265 1
168 265 168 1
265 168 3 1
168 3 265 1
3 265 3 1
265 3 168 1
3 168 168 1
168 168 265 1
168 265 265 1
265 265 265 1
265 265 265 1
265 265 168 1
265 168 265 1
168 265 265 1
265 265 168 1
265 168 3 1
168 3 168 1
3 168 265 1
168 265 265 1
265 265 3 1
265 3 3 1
3 3 265 1
3 265 168 1
265 168 3 1
168 3 265 1
3 265 265 1
265 265 3 1
265 3 3 1
3 3 265 1
3 265 265 1
265 265 265 1
265 265 168 1
265 168 168 1
168 168 168 1
168 168 265 1
168 265 168 1
265 168 3 1
168 3 265 1
3 265 265 1
265 265 3 1
265 3 168 1
3 168 265 1
168 265 3 1
265 3 265 1
3 265 3 1
265 3 3 1
3 3 3 1
3 3 3 1
3 3 168 1
3 168 265 1
168 265 265 1
265 265 168 1
265 168 265 1
168 265 168 1
265 168 265 1
168 265 265 1
265 265 168 1
265 168 3 1
168 3 3 1
3 3 265 1
3 265 168 1
265 168 265 1
168 265 265 1
265 265 3 1
265 3 265 1
3 265 168 1
265 168 168 1
168 168 3 1
168 3 168 1
3 168 168 1
168 168 3 1
168 3 265 1
3 265 168 1
265 168 265 1
168 265 168 1
265 168 168 1
168 168 3 1
168 3 168 1
3 168 3 1
168 3 265 1
3 265 265 1
265 265 265 1
265 265 168 1
265 168 3 1
168 3 265 1
3 265 3 1
265 3 168 1
3 168 168 1
168 168 168 1
168 168 168 1
168 168 168 1
168 168 265 1
168 265 3 1
265 3 3 1
3 3 168 1
3 168 265 1
168 265 265 1
265 265 3 1
265 3 3 1
3 3 168 1
3 168 168 1
168 168 168 1
168 168 168 1
168 168 3 1
168 3 265 1
3 265 168 1
265 168 168 1
168 168 168 1
168 168 168 1
168 168 265 1
168 265 3 1
265 3 3 1
3 3 168 1
3 168 265 1
168 265 265 1
265 265 168 1
265 168 168 1
168 168 3 1
168 3 3 1
3 3 168 1
3 168 265 1
168 265 168 1
265 168 168 1
168 168 168 1
168 168 265 1
168 265 3 1
265 3 265 1
3 265 168 1
265 168 3 1
168 3 168 1
3 168 265 1
168 265 3 1
265 3 168 1
3 168 3 1
168 3 168 1
3 168 3 1
168 3 168 1
3 168 3 1
168 3 265 1
3 265 168 1
265 168 265 1
168 265 168 1
265 168 265 1
168 265 265 1
265 265 168 1
265 168 265 1
168 265 3 1
265 3 168 1
3 168 168 1
168 168 168 1
168 168 168 1
168 168 168 1
168 168 168 1
168 168 168 1
168 168 168 1
168 168 265 1
168 265 265 1
265 265 265 1
265 265 265 1
265 265 3 1
265 3 168 1
3 168 265 1
168 265 168 1
265 168 168 1
168 168 168 1
168 168 168 1
168 168 168 1
168 168 3 1
168 3 3 1
3 3 3 1
3 3 168 1
3 168 3 1
168 3 168 1
3 168 3 1
168 3 3 1
3 3 168 1
3 168 168 1
168 168 168 1
168 168 265 1
168 265 265 1
265 265 168 1
265 168 168 1
168 168 168 1
168 168 168 1
168 168 3 1
168 3 168 1
3 168 168 1
168 168 168 1
168 168 168 1
168 168 168 1
168 168 168 1
168 168 265 1
168 265 3 1
265 3 3 1
3 3 265 1
3 265 265 1
265 265 168 1
265 168 168 1
168 168 168 1
168 168 168 1
168 168 265 1
168 265 168 1
265 168 168 1
168 168 168 1
168 168 168 1
168 168 265 1
168 265 168 1
265 168 265 1
168 265 3 1
265 3 265 1
3 265 3 1
265 3 265 1
3 265 265 1
265 265 168 1
265 168 168 1
168 168 3 1
168 3 168 1
3 168 265 1
168 265 168 1
265 168 265 1
168 265 168 1
265 168 3 1
168 3 265 1
3 265 168 1
265 168 3 1
168 3 3 1
3 3 265 1
3 265 265 1
265 265 168 1
265 168 265 1
168 265 3 1
265 3 265 1
3 265 168 1
265 168 265 1
168 265 3 1
265 3 265 1
3 265 168 1
265 168 265 1
168 265 3 1
265 3 265 1
3 265 3 1
265 3 168 1
3 168 168 1
168 168 168 1
168 168 168 1
168 168 265 1
168 265 168 1
265 168 168 1
168 168 265 1
168 265 168 1
265 168 3 1
168 3 265 1
3 265 168 1
265 168 265 1
168 265 3 1
265 3 168 1
3 168 265 1
168 265 265 1
265 265 265 1
265 265 265 1
265 265 3 1
265 3 3 1
3 3 168 1
3 168 265 1
168 265 168 1
265 168 265 1
168 265 3 1
265 3 3 1
3 3 168 1
3 168 168 1
168 168 168 1
168 168 265 1
168 265 265 1
265 265 3 1
265 3 168 1
3 168 168 1
168 168 168 1
168 168 3 1
168 3 168 1
3 168 168 1
168 168 265 1
168 265 168 1
265 168 3 1
168 3 168 1
3 168 265 1
168 265 3 1
265 3 168 1
3 168 168 1
168 168 168 1
168 168 265 1
168 265 168 1
265 168 168 1
168 168 168 1
168 168 168 1
168 168 265 1
168 265 168 1
265 168 265 1
168 265 265 1
265 265 168 1
265 168 265 1
168 265 3 1
265 3 168 1
3 168 265 1
168 265 265 1
265 265 168 1
265 168 3 1
168 3 265 1
3 265 168 1
265 168 265 1
168 265 168 1
265 168 3 1
168 3 168 1
3 168 265 1
168 265 3 1
265 3 3 1
3 3 3 1
3 3 3 1
3 3 265 1
3 265 168 1
265 168 168 1
168 168 3 1
168 3 265 1
3 265 3 1
265 3 168 1
3 168 168 1
168 168 265 1
168 265 168 1
265 168 265 1
168 265 168 1
265 168 3 1
168 3 168 1
3 168 3 1
168 3 168 1
3 168 3 1
168 3 265 1
3 265 3 1
265 3 168 1
3 168 265 1
168 265 265 1
265 265 265 1
265 265 168 1
265 168 265 1
168 265 3 1
265 3 265 1
3 265 168 1
265 168 265 1
168 265 3 1
265 3 168 1
3 168 168 1
168 168 265 1
168 265 168 1
265 168 168 1
168 168 168 1
168 168 265 1
168 265 265 1
265 265 168 1
265 168 168 1
168 168 265 1
168 265 265 1
265 265 265 1
265 265 3 1
265 3 168 1
3 168 3 1
168 3 3 1
3 3 265 1
3 265 265 1
265 265 3 1
265 3 168 1
3 168 168 1
168 168 3 1
168 3 3 1
3 3 3 1
3 3 168 1
3 168 168 1
168 168 3 1
168 3 168 1
3 168 265 1
168 265 168 1
265 168 168 1
168 168 265 1
168 265 168 1
265 168 168 1
168 168 168 1
168 168 3 1
168 3 168 1
3 168 265 1
168 265 265 1
265 265 168 1
265 168 168 1
168 168 265 1
168 265 265 1
265 265 168 1
265 168 3 1
168 3 168 1
3 168 265 1
168 265 265 1
265 265 168 1
265 168 265 1
168 265 3 1
265 3 168 1
3 168 265 1
168 265 3 1
265 3 265 1
3 265 168 1
265 168 168 1
168 168 168 1
168 168 168 1
168 168 168 1
168 168 265 1
168 265 3 1
265 3 265 1
3 265 3 1
265 3 168 1
3 168 168 1
168 168 265 1
168 265 3 1
265 3 265 1
3 265 168 1
265 168 168 1
168 168 3 1
168 3 265 1
3 265 168 1
265 168 3 1
168 3 168 1
3 168 168 1
168 168 168 1
168 168 168 1
168 168 168 1
168 168 265 1
168 265 168 1
265 168 265 1
168 265 168 1
265 168 168 1
168 168 168 1
168 168 168 1
168 168 3 1
168 3 168 1
3 168 168 1
168 168 168 1
168 168 168 1
168 168 265 1
168 265 168 1
265 168 3 1
168 3 3 1
3 3 3 1
3 3 3 1
3 3 265 1
3 265 168 1
265 168 168 1
168 168 265 1
168 265 265 1
265 265 168 1
265 168 265 1
168 265 168 1
265 168 3 1
168 3 168 1
3 168 168 1
168 168 168 1
168 168 168 1
168 168 3 1
168 3 3 1
3 3 265 1
3 265 265 1
265 265 3 1
265 3 3 1
3 3 265 1
3 265 265 1
265 265 3 1
265 3 168 1
3 168 265 1
168 265 168 1
265 168 265 1
168 265 168 1
265 168 168 1
168 168 168 1
168 168 265 1
168 265 168 1
265 168 265 1
168 265 168 1
265 168 168 1
168 168 265 1
168 265 265 1
265 265 168 1
265 168 168 1
168 168 168 1
168 168 168 1
168 168 265 1
168 265 265 1
265 265 168 1
265 168 265 1
168 265 168 1
265 168 265 1
168 265 168 1
265 168 3 1
168 3 168 1
3 168 168 1
168 168 168 1
168 168 168 1
168 168 265 1
168 265 168 1
265 168 168 1
168 168 168 1
168 168 168 1
168 168 168 1
168 168 168 1
168 168 265 1
168 265 168 1
265 168 168 1
168 168 168 1
168 168 265 1
168 265 168 1
265 168 265 1
168 265 265 1
265 265 168 1
265 168 265 1
168 265 3 1
265 3 168 1
3 168 168 1
168 168 168 1
168 168 168 1
168 168 265 1
168 265 168 1
265 168 168 1
168 168 3 1
168 3 168 1
3 168 3 1
168 3 168 1
3 168 168 1
168 168 168 1
168 168 265 1
168 265 3 1
265 3 168 1
3 168 265 1
168 265 3 1
265 3 265 1
3 265 265 1
265 265 265 1
265 265 265 1
265 265 168 1
265 168 265 1
168 265 265 1
265 265 265 1
265 265 168 1
265 168 265 1
168 265 265 1
265 265 265 1
265 265 265 1
265 265 265 1
265 265 265 1
265 265 3 1
265 3 168 1
3 168 168 1
168 168 265 1
168 265 168 1
265 168 265 1
168 265 3 1
265 3 3 1
3 3 168 1
3 168 168 1
168 168 3 1
168 3 168 1
3 168 168 1
168 168 265 1
168 265 265 1
265 265 3 1
265 3 3 1
3 3 3 1
3 3 168 1
3 168 3 1
168 3 265 1
3 265 168 1
265 168 168 1
168 168 168 1
168 168 265 1
168 265 168 1
265 168 3 1
168 3 168 1
3 168 168 1
168 168 3 1
168 3 265 1
3 265 168 1
265 168 265 1
168 265 265 1
265 265 265 1
265 265 168 1
265 168 168 1
168 168 3 1
168 3 168 1
3 168 168 1
168 168 3 1
168 3 168 1
3 168 168 1
168 168 265 1
168 265 3 1
265 3 168 1
3 168 3 1
168 3 265 1
3 265 265 1
265 265 265 1
265 265 265 1
265 265 3 1
265 3 265 1
3 265 168 1
265 168 168 1
168 168 265 1
168 265 168 1
265 168 168 1
168 168 265 1
168 265 168 1
265 168 265 1
168 265 265 1
265 265 168 1
265 168 265 1
168 265 168 1
265 168 265 1
168 265 168 1
265 168 168 1
168 168 265 1
168 265 265 1
265 265 3 1
265 3 265 1
3 265 168 1
265 168 168 1
168 168 168 1
168 168 168 1
168 168 168 1
168 168 168 1
168 168 3 1
168 3 3 1
3 3 168 1
3 168 3 1
168 3 265 1
3 265 168 1
265 168 3 1
168 3 265 1
3 265 265 1
265 265 168 1
265 168 265 1
168 265 168 1
265 168 3 1
168 3 168 1
3 168 168 1
168 168 3 1
168 3 168 1
3 168 168 1
168 168 3 1
168 3 168 1
3 168 265 1
168 265 3 1
265 3 3 1
3 3 168 1
3 168 3 1
168 3 168 1
3 168 168 1
168 168 3 1
168 3 265 1
3 265 168 1
265 168 168 1
168 168 168 1
168 168 3 1
168 3 3 1
3 3 168 1
3 168 168 1
168 168 168 1
168 168 3 1
168 3 265 1
3 265 265 1
265 265 265 1
265 265 3 1
265 3 168 1
3 168 265 1
168 265 168 1
265 168 3 1
168 3 168 1
3 168 265 1
168 265 265 1
265 265 265 1
265 265 265 1
265 265 168 1
265 168 168 1
168 168 265 1
168 265 265 1
265 265 265 1
265 265 265 1
265 265 168 1
265 168 265 1
168 265 265 1
265 265 168 1
265 168 168 1
168 168 168 1
168 168 168 1
168 168 168 1
168 168 3 1
168 3 265 1
3 265 265 1
265 265 265 1
265 265 168 1
265 168 168 1
168 168 3 1
168 3 168 1
3 168 265 1
168 265 3 1
265 3 265 1
3 265 168 1
265 168 265 1
168 265 265 1
265 265 265 1
265 265 168 1
265 168 265 1
168 265 265 1
265 265 3 1
265 3 265 1
3 265 265 1
265 265 168 1
265 168 265 1
168 265 168 1
265 168 3 1
168 3 265 1
3 265 168 1
265 168 168 1
168 168 168 1
168 168 265 1
168 265 3 1
265 3 168 1
3 168 265 1
168 265 168 1
265 168 3 1
168 3 168 1
3 168 168 1
168 168 168 1
168 168 3 1
168 3 168 1
3 168 265 1
168 265 168 1
265 168 265 1
168 265 265 1
265 265 168 1
265 168 265 1
168 265 3 1
265 3 168 1
3 168 3 1
168 3 265 1
3 265 3 1
265 3 168 1
3 168 265 1
168 265 265 1
265 265 265 1
265 265 168 1
265 168 168 1
168 168 168 1
168 168 265 1
168 265 168 1
265 168 168 1
168 168 168 1
168 168 168 1
168 168 168 1
168 168 265 1
168 265 168 1
265 168 168 1
168 168 168 1
168 168 265 1
168 265 3 1
265 3 265 1
3 265 3 1
265 3 265 1
3 265 265 1
265 265 168 1
265 168 265 1
168 265 168 1
265 168 168 1
168 168 168 1
168 168 168 1
168 168 168 1
168 168 265 1
168 265 265 1
265 265 3 1
265 3 265 1
3 265 168 1
265 168 265 1
168 265 168 1
265 168 265 1
168 265 168 1
265 168 265 1
168 265 168 1
265 168 168 1
168 168 265 1
168 265 265 1
265 265 168 1
265 168 168 1
168 168 168 1
168 168 265 1
168 265 3 1
265 3 168 1
3 168 3 1
168 3 3 1
3 3 168 1
3 168 168 1
168 168 168 1
168 168 168 1
168 168 3 1
168 3 168 1
3 168 3 1
168 3 3 1
3 3 168 1
3 168 265 1
168 265 3 1
265 3 168 1
3 168 168 1
168 168 265 1
168 265 168 1
265 168 3 1
168 3 3 1
3 3 168 1
3 168 168 1
168 168 168 1
168 168 3 1
168 3 168 1
3 168 168 1
168 168 265 1
168 265 168 1
265 168 168 1
168 168 168 1
168 168 168 1
168 168 168 1
168 168 265 1
168 265 168 1
265 168 265 1
168 265 265 1
265 265 168 1
265 168 265 1
168 265 3 1
265 3 3 1
3 3 265 1
3 265 168 1
265 168 265 1
168 265 168 1
265 168 168 1
168 168 168 1
168 168 265 1
168 265 265 1
265 265 168 1
265 168 265 1
168 265 265 1
265 265 168 1
265 168 168 1
168 168 3 1
168 3 168 1
3 168 168 1
168 168 168 1
168 168 265 1
168 265 168 1
265 168 265 1
168 265 265 1
265 265 168 1
265 168 168 1
168 168 168 1
168 168 3 1
168 3 265 1
3 265 168 1
265 168 265 1
168 265 3 1
265 3 265 1
3 265 168 1
265 168 168 1
168 168 3 1
168 3 168 1
3 168 265 1
168 265 168 1
265 168 3 1
168 3 265 1
3 265 3 1
265 3 265 1
3 265 168 1
265 168 3 1
168 3 3 1
3 3 265 1
3 265 168 1
265 168 265 1
168 265 3 1
265 3 3 1
3 3 168 1
3 168 265 1
168 265 168 1
265 168 265 1
168 265 265 1
265 265 168 1
265 168 168 1
168 168 168 1
168 168 168 1
168 168 265 1
168 265 168 1
265 168 265 1
168 265 265 1
265 265 168 1
265 168 265 1
168 265 265 1
265 265 168 1
265 168 265 1
168 265 265 1
265 265 265 1
265 265 168 1
265 168 168 1
168 168 168 1
168 168 168 1
168 168 265 1
168 265 265 1
265 265 265 1
265 265 265 1
265 265 265 1
265 265 265 1
265 265 168 1
265 168 168 1
168 168 168 1
168 168 168 1
168 168 168 1
168 168 168 1
168 168 168 1
168 168 265 1
168 265 3 1
265 3 265 1
3 265 168 1
265 168 265 1
168 265 168 1
265 168 3 1
168 3 168 1
3 168 168 1
168 168 168 1
168 168 168 1
168 168 168 1
168 168 168 1
168 168 265 1
168 265 168 1
265 168 168 1
168 168 168 1
168 168 265 1
168 265 168 1
265 168 168 1
168 168 3 1
168 3 168 1
3 168 168 1
168 168 168 1
168 168 168 1
168 168 168 1
168 168 3 1
168 3 168 1
3 168 168 1
168 168 168 1
168 168 168 1
168 168 168 1
168 168 168 1
168 168 265 1
168 265 168 1
265 168 265 1
168 265 168 1
265 168 265 1
168 265 168 1
265 168 265 1
168 265 168 1
265 168 168 1
168 168 168 1
168 168 3 1
168 3 3 1
3 3 168 1
3 168 168 1
168 168 265 1
168 265 265 1
265 265 168 1
265 168 168 1
168 168 3 1
168 3 168 1
3 168 168 1
168 168 3 1
168 3 265 1
3 265 168 1
265 168 265 1
168 265 3 1
265 3 3 1
3 3 265 1
3 265 168 1
265 168 168 1
168 168 265 1
168 265 3 1
265 3 168 1
3 168 265 1
168 265 168 1
265 168 265 1
168 265 168 1
265 168 265 1
168 265 265 1
265 265 265 1
265 265 168 1
265 168 265 1
168 265 3 1
265 3 265 1
3 265 168 1
265 168 168 1
168 168 3 1
168 3 168 1
3 168 168 1
168 168 168 1
168 168 265 1
168 265 3 1
265 3 168 1
3 168 265 1
168 265 265 1
265 265 168 1
265 168 168 1
168 168 265 1
168 265 168 1
265 168 168 1
168 168 3 1
168 3 168 1
3 168 168 1
168 168 265 1
168 265 168 1
265 168 168 1
168 168 168 1
168 168 265 1
168 265 168 1
265 168 265 1
168 265 168 1
265 168 168 1
168 168 3 1
168 3 265 1
3 265 3 1
265 3 168 1
3 168 168 1
168 168 265 1
168 265 168 1
265 168 265 1
168 265 265 1
265 265 3 1
265 3 265 1
3 265 168 1
265 168 265 1
168 265 3 1
265 3 3 1
3 3 168 1
3 168 168 1
168 168 168 1
168 168 265 1
168 265 3 1
265 3 3 1
3 3 168 1
3 168 3 1
168 3 3 1
3 3 265 1
3 265 168 1
265 168 265 1
168 265 168 1
265 168 265 1
168 265 3 1
265 3 3 1
3 3 168 1
3 168 168 1
168 168 168 1
168 168 265 1
168 265 3 1
265 3 168 1
3 168 168 1
168 168 168 1
168 168 168 1
168 168 168 1
168 168 3 1
168 3 3 1
3 3 265 1
3 265 265 1
265 265 265 1
265 265 168 1
265 168 3 1
168 3 265 1
3 265 265 1
265 265 168 1
265 168 168 1
168 168 168 1
168 168 3 1
168 3 3 1
3 3 168 1
3 168 265 1
168 265 146 1
265 146 146 1
146 146 3 1
146 3 168 1
3 168 168 1
168 168 265 1
168 265 265 1
265 265 3 1
265 3 168 1
3 168 168 1
168 168 168 1
168 168 265 1
168 265 168 1
265 168 168 1
168 168 168 1
168 168 168 1
168 168 168 1
168 168 3 1
168 3 168 1
3 168 168 1
168 168 168 1
168 168 168 1
168 168 168 1
168 168 168 1
168 168 168 1
168 168 168 1
168 168 168 1
168 168 168 1
168 168 168 1
168 168 168 1
168 168 3 1
168 3 265 1
3 265 168 1
265 168 168 1
168 168 3 1
168 3 265 1
3 265 265 1
265 265 168 1
265 168 168 1
168 168 3 1
168 3 265 1
3 265 3 1
265 3 168 1
3 168 168 1
168 168 168 1
168 168 168 1
168 168 168 1
168 168 168 1
168 168 168 1
168 168 168 1
168 168 168 1
168 168 168 1
168 168 3 1
168 3 265 1
3 265 3 1
265 3 168 1
3 168 265 1
168 265 265 1
265 265 168 1
265 168 168 1
168 168 168 1
168 168 265 1
168 265 168 1
265 168 3 1
168 3 168 1
3 168 3 1
168 3 3 1
3 3 3 1
3 3 168 1
3 168 3 1
168 3 168 1
3 168 168 1
168 168 3 1
168 3 168 1
3 168 168 1
168 168 168 1
168 168 265 1
168 265 168 1
265 168 168 1
168 168 168 1
168 168 265 1
168 265 265 1
265 265 168 1
265 168 265 1
168 265 265 1
265 265 265 1
265 265 265 1
265 265 168 1
265 168 168 1
168 168 168 1
168 168 168 1
168 168 3 1
168 3 265 1
3 265 168 1
265 168 168 1
168 168 168 1
168 168 168 1
168 168 3 1
168 3 168 1
3 168 265 1
168 265 265 1
265 265 168 1
265 168 265 1
168 265 265 1
265 265 265 1
265 265 168 1
265 168 265 1
168 265 168 1
265 168 168 1
168 168 168 1
168 168 265 1
168 265 168 1
265 168 168 1
168 168 3 1
168 3 265 1
3 265 168 1
265 168 3 1
168 3 265 1
3 265 168 1
265 168 168 1
168 168 265 1
168 265 168 1
265 168 168 1
168 168 168 1
168 168 265 1
168 265 3 1
265 3 168 1
3 168 265 1
168 265 168 1
265 168 168 1
168 168 168 1
168 168 168 1
168 168 3 1
168 3 168 1
3 168 3 1
168 3 168 1
3 168 168 1
168 168 3 1
168 3 3 1
3 3 3 1
3 3 168 1
3 168 168 1
168 168 168 1
168 168 168 1
168 168 3 1
168 3 3 1
3 3 168 1
3 168 168 1
168 168 168 1
168 168 3 1
168 3 265 1
3 265 3 1
265 3 3 1
3 3 168 1
3 168 265 1
168 265 3 1
265 3 3 1
3 3 265 1
3 265 3 1
265 3 265 1
3 265 168 1
265 168 168 1
168 168 168 1
168 168 3 1
168 3 168 1
3 168 168 1
168 168 168 1
168 168 168 1
168 168 168 1
168 168 3 1
168 3 168 1
3 168 168 1
168 168 265 1
168 265 168 1
265 168 168 1
168 168 168 1
168 168 3 1
168 3 168 1
3 168 168 1
168 168 168 1
168 168 3 1
168 3 168 1
3 168 168 1
168 168 168 1
168 168 265 1
168 265 168 1
265 168 168 1
168 168 265 1
168 265 168 1
265 168 168 1
168 168 3 1
168 3 168 1
3 168 168 1
168 168 168 1
168 168 168 1
168 168 168 1
168 168 168 1
168 168 168 1
168 168 3 1
168 3 3 1
3 3 265 1
3 265 265 1
265 265 168 1
265 168 265 1
168 265 3 1
265 3 168 1
3 168 3 1
168 3 168 1
3 168 265 1
168 265 3 1
265 3 168 1
3 168 168 1
168 168 168 1
168 168 168 1
168 168 265 1
168 265 168 1
265 168 168 1
168 168 3 1
168 3 168 1
3 168 168 1
168 168 265 1
168 265 168 1
265 168 168 1
168 168 265 1
168 265 168 1
265 168 168 1
168 168 168 1
168 168 168 1
168 168 168 1
168 168 168 1
168 168 168 1
168 168 168 1
168 168 168 1
168 168 168 1
168 168 168 1
168 168 265 1
168 265 3 1
265 3 168 1
3 168 168 1
168 168 168 1
168 168 265 1
168 265 168 1
265 168 168 1
168 168 168 1
168 168 265 1
168 265 168 1
265 168 265 1
168 265 265 1
265 265 3 1
265 3 168 1
3 168 265 1
168 265 168 1
265 168 168 1
168 168 265 1
168 265 168 1
265 168 265 1
168 265 168 1
265 168 265 1
168 265 265 1
265 265 265 1
265 265 265 1
265 265 3 1
265 3 3 1
3 3 168 1
3 168 168 1
168 168 265 1
168 265 265 1
265 265 168 1
265 168 168 1
168 168 265 1
168 265 265 1
265 265 168 1
265 168 168 1
168 168 168 1
168 168 3 1
168 3 265 1
3 265 3 1
265 3 265 1
3 265 168 1
265 168 265 1
168 265 168 1
265 168 168 1
168 168 168 1
168 168 265 1
168 265 265 1
265 265 3 1
265 3 265 1
3 265 265 1
265 265 168 1
265 168 3 1
168 3 265 1
3 265 168 1
265 168 168 1
168 168 168 1
168 168 3 1
168 3 168 1
3 168 3 1
168 3 168 1
3 168 265 1
168 265 168 1
265 168 168 1
168 168 265 1
168 265 3 1
265 3 168 1
3 168 265 1
168 265 168 1
265 168 168 1
168 168 168 1
168 168 3 1
168 3 265 1
3 265 265 1
265 265 168 1
265 168 168 1
168 168 168 1
168 168 3 1
168 3 3 1
3 3 168 1
3 168 168 1
168 168 265 1
168 265 265 1
265 265 168 1
265 168 3 1
168 3 168 1
3 168 3 1
168 3 168 1
3 168 168 1
168 168 168 1
168 168 168 1
168 168 168 1
168 168 265 1
168 265 168 1
265 168 3 1
168 3 168 1
3 168 168 1
168 168 168 1
168 168 168 1
168 168 265 1
168 265 168 1
265 168 265 1
168 265 168 1
265 168 168 1
168 168 168 1
168 168 3 1
168 3 168 1
3 168 168 1
168 168 265 1
168 265 265 1
265 265 265 1
265 265 265 1
265 265 168 1
265 168 168 1
168 168 168 1
168 168 168 1
168 168 3 1
168 3 168 1
3 168 168 1
168 168 265 1
168 265 3 1
265 3 3 1
3 3 168 1
3 168 265 1
168 265 168 1
265 168 3 1
168 3 168 1
3 168 168 1
168 168 168 1
168 168 168 1
168 168 265 1
168 265 3 1
265 3 168 1
3 168 168 1
168 168 168 1
168 168 3 1
168 3 168 1
3 168 168 1
168 168 265 1
168 265 168 1
265 168 168 1
168 168 265 1
168 265 265 1
265 265 3 1
265 3 168 1
3 168 168 1
168 168 3 1
168 3 168 1
3 168 265 1
168 265 3 1
265 3 265 1
3 265 168 1
265 168 168 1
168 168 265 1
168 265 168 1
265 168 168 1
168 168 3 1
168 3 168 1
3 168 265 1
168 265 168 1
265 168 265 1
168 265 265 1
265 265 168 1
265 168 3 1
168 3 168 1
3 168 168 1
168 168 168 1
168 168 168 1
168 168 168 1
168 168 265 1
168 265 265 1
265 265 168 1
265 168 3 1
168 3 168 1
3 168 265 1
168 265 168 1
265 168 265 1
168 265 168 1
265 168 265 1
168 265 168 1
265 168 265 1
168 265 168 1
265 168 168 1
168 168 265 1
168 265 168 1
265 168 168 1
168 168 168 1
168 168 3 1
168 3 3 1
3 3 265 1
3 265 265 1
265 265 3 1
265 3 265 1
3 265 168 1
265 168 168 1
168 168 168 1
168 168 3 1
168 3 168 1
3 168 3 1
168 3 168 1
3 168 168 1
168 168 168 1
168 168 265 1
168 265 3 1
265 3 168 1
3 168 168 1
168 168 265 1
168 265 3 1
265 3 168 1
3 168 168 1
168 168 265 1
168 265 3 1
265 3 168 1
3 168 265 1
168 265 3 1
265 3 3 1
3 3 168 1
3 168 168 1
168 168 168 1
168 168 3 1
168 3 168 1
3 168 168 1
168 168 168 1
168 168 168 1
168 168 168 1
168 168 168 1
168 168 168 1
168 168 265 1
168 265 265 1
265 265 168 1
265 168 168 1
168 168 265 1
168 265 168 1
265 168 168 1
168 168 3 1
168 3 265 1
3 265 3 1
265 3 168 1
3 168 168 1
168 168 168 1
168 168 168 1
168 168 168 1
168 168 168 1
168 168 168 1
168 168 265 1
168 265 265 1
265 265 265 1
265 265 168 1
265 168 265 1
168 265 168 1
265 168 265 1
168 265 265 1
265 265 3 1
265 3 168 1
3 168 168 1
168 168 168 1
168 168 265 1
168 265 168 1
265 168 168 1
168 168 3 1
168 3 265 1
3 265 265 1
265 265 168 1
265 168 168 1
168 168 168 1
168 168 168 1
168 168 3 1
168 3 3 1
3 3 265 1
3 265 168 1
265 168 168 1
168 168 265 1
168 265 265 1
265 265 168 1
265 168 168 1
168 168 168 1
168 168 168 1
168 168 168 1
168 168 168 1
168 168 168 1
168 168 168 1
168 168 168 1
168 168 168 1
168 168 168 1
168 168 168 1
168 168 168 1
168 168 168 1
168 168 168 1
168 168 168 1
168 168 168 1
168 168 168 1
168 168 168 1
168 168 265 1
168 265 168 1
265 168 168 1
168 168 265 1
168 265 168 1
265 168 168 1
168 168 265 1
168 265 168 1
265 168 3 1
168 3 265 1
3 265 168 1
265 168 265 1
168 265 3 1
265 3 168 1
3 168 168 1
168 168 265 1
168 265 168 1
265 168 265 1
168 265 168 1
265 168 3 1
168 3 168 1
3 168 265 1
168 265 265 1
265 265 168 1
265 168 168 1
168 168 265 1
168 265 265 1
265 265 265 1
265 265 3 1
265 3 3 1
3 3 168 1
3 168 168 1
168 168 3 1
168 3 265 1
3 265 265 1
265 265 265 1
265 265 168 1
265 168 265 1
168 265 168 1
265 168 265 1
168 265 168 1
265 168 168 1
168 168 168 1
168 168 168 1
168 168 168 1
168 168 168 1
168 168 168 1
168 168 168 1
168 168 168 1
168 168 168 1
168 168 168 1
168 168 168 1
new
102 78 78 1
78 78 104 1
78 104 91 1
104 91 168 1
91 168 168 1
168 168 168 1
168 168 102 1
168 102 168 1
102 168 168 1
168 168 102 1
168 102 168 1
102 168 102 1
168 102 168 1
102 168 168 1
168 168 168 1
168 168 102 1
168 102 168 1
102 168 168 1
168 168 102 1
168 102 91 1
102 91 45 1
91 45 45 1
45 45 45 1
45 45 192 1
45 192 45 1
192 45 122 1
45 122 6 1
122 6 196 1
6 196 91 1
196 91 195 1
91 195 5 1
195 5 91 1
5 91 195 1
91 195 195 1
195 195 195 1
195 195 195 1
195 195 195 1
195 195 195 1
195 195 195 1
195 195 195 1
195 195 195 1
195 195 195 1
195 195 195 1
195 195 3 1
195 3 122 1
3 122 104 1
122 104 45 1
104 45 78 1
45 78 91 1
78 91 102 1
91 102 168 1
102 168 168 1
168 168 168 1
168 168 168 1
168 168 168 1
168 168 168 1
168 168 168 1
168 168 192 1
168 192 102 1
192 102 102 1
102 102 91 1
102 91 45 1
91 45 45 1
45 45 102 1
45 102 102 1
102 102 168 1
102 168 102 1
168 102 102 1
102 102 168 1
102 168 102 1
168 102 163 1
102 163 45 1
163 45 104 1
45 104 13 1
104 13 5 1
13 5 197 1
5 197 91 1
197 91 13 1
91 13 104 1
13 104 78 1
104 78 4 1
78 4 3 1
4 3 6 1
3 6 91 1
6 91 91 1
91 91 91 1
91 91 6 1
new
91 142 265 1
142 265 175 1
265 175 142 1
175 142 104 1
142 104 3 1
104 3 3 1
3 3 104 1
3 104 3 1
104 3 3 1
3 3 104 1
3 104 265 1
104 265 146 1
265 146 3 1
146 3 3 1
3 3 104 1
3 104 3 1
104 3 175 1
3 175 265 1
175 265 142 1
265 142 146 1
142 146 142 1
146 142 104 1
142 104 142 1
104 142 142 1
142 142 265 1
142 265 175 1
265 175 175 1
175 175 3 1
175 3 3 1
3 3 175 1
3 175 3 1
175 3 142 1
3 142 3 1
142 3 3 1
3 3 142 1
3 142 142 1
142 142 3 1
142 3 142 1
3 142 104 1
142 104 104 1
104 104 142 1
104 142 3 1
142 3 175 1
3 175 142 1
175 142 142 1
142 142 142 1
142 142 142 1
142 142 265 1
142 265 142 1
265 142 3 1
142 3 104 1
3 104 265 1
104 265 3 1
265 3 104 1
3 104 3 1
104 3 146 1
3 146 175 1
146 175 142 1
175 142 265 1
142 265 142 1
265 142 265 1
142 265 146 1
265 146 175 1
146 175 142 1
175 142 3 1
142 3 175 1
3 175 142 1
175 142 3 1
142 3 175 1
3 175 3 1
175 3 142 1
3 142 3 1
142 3 3 1
3 3 104 1
3 104 104 1
104 104 3 1
104 3 142 1
3 142 3 1
142 3 142 1
3 142 265 1
142 265 3 1
265 3 3 1
3 3 104 1
3 104 3 1
104 3 142 1
3 142 3 1
142 3 146 1
3 146 175 1
146 175 3 1
175 3 3 1
3 3 142 1
3 142 3 1
142 3 104 1
3 104 175 1
104 175 175 1
175 175 175 1
175 175 265 1
175 265 146 1
265 146 265 1
146 265 265 1
265 265 3 1
265 3 3 1
3 3 3 1
3 3 3 1
3 3 3 1
3 3 265 1
3 265 142 1
265 142 142 1
142 142 104 1
142 104 265 1
104 265 3 1
265 3 265 1
3 265 3 1
265 3 265 1
3 265 175 1
265 175 265 1
175 265 142 1
265 142 265 1
142 265 104 1
265 104 3 1
104 3 265 1
3 265 175 1
265 175 3 1
175 3 3 1
3 3 175 1
3 175 142 1
175 142 265 1
142 265 142 1
265 142 142 1
142 142 3 1
142 3 142 1
3 142 265 1
142 265 104 1
265 104 265 1
104 265 3 1
265 3 104 1
3 104 142 1
104 142 3 1
142 3 142 1
3 142 142 1
142 142 3 1
142 3 3 1
3 3 3 1
3 3 3 1
3 3 3 1
3 3 265 1
3 265 3 1
265 3 3 1
3 3 175 1
3 175 3 1
175 3 142 1
3 142 104 1
142 104 3 1
104 3 3 1
3 3 142 1
3 142 265 1
142 265 104 1
265 104 175 1
104 175 175 1
175 175 175 1
175 175 142 1
175 142 3 1
142 3 265 1
3 265 142 1
265 142 146 1
142 146 265 1
146 265 104 1
265 104 142 1
104 142 175 1
142 175 142 1
175 142 3 1
142 3 265 1
3 265 3 1
265 3 3 1
3 3 3 1
3 3 265 1
3 265 3 1
265 3 142 1
3 142 3 1
142 3 3 1
3 3 265 1
3 265 3 1
265 3 265 1
3 265 265 1
265 265 3 1
265 3 3 1
3 3 142 1
3 142 3 1
142 3 104 1
3 104 175 1
104 175 3 1
175 3 175 1
3 175 175 1
175 175 265 1
175 265 104 1
265 104 142 1
104 142 142 1
142 142 175 1
142 175 142 1
175 142 142 1
142 142 175 1
142 175 3 1
175 3 265 1
3 265 104 1
265 104 3 1
104 3 104 1
3 104 142 1
104 142 3 1
142 3 104 1
3 104 3 1
104 3 142 1
3 142 142 1
142 142 104 1
142 104 3 1
104 3 3 1
3 3 175 1
3 175 3 1
175 3 265 1
3 265 142 1
265 142 175 1
142 175 142 1
175 142 3 1
142 3 3 1
3 3 104 1
3 104 3 1
104 3 175 1
3 175 142 1
175 142 3 1
142 3 3 1
3 3 3 1
3 3 104 1
3 104 3 1
104 3 142 1
3 142 265 1
142 265 3 1
265 3 142 1
3 142 3 1
142 3 175 1
3 175 104 1
175 104 3 1
104 3 175 1
3 175 104 1
175 104 142 1
104 142 3 1
142 3 3 1
3 3 142 1
3 142 3 1
142 3 142 1
3 142 3 1
142 3 3 1
3 3 3 1
3 3 175 1
3 175 104 1
175 104 265 1
104 265 3 1
265 3 3 1
3 3 3 1
3 3 3 1
3 3 175 1
3 175 265 1
175 265 3 1
265 3 175 1
3 175 3 1
175 3 265 1
3 265 104 1
265 104 3 1
104 3 175 1
3 175 104 1
175 104 265 1
104 265 142 1
265 142 104 1
142 104 142 1
104 142 104 1
142 104 142 1
104 142 142 1
142 142 265 1
142 265 104 1
265 104 3 1
104 3 3 1
3 3 3 1
3 3 104 1
3 104 265 1
104 265 142 1
265 142 265 1
142 265 104 1
265 104 3 1
104 3 3 1
3 3 104 1
3 104 265 1
104 265 265 1
265 265 265 1
265 265 3 1
265 3 3 1
3 3 3 1
3 3 104 1
3 104 142 1
104 142 142 1
142 142 3 1
142 3 265 1
3 265 3 1
265 3 3 1
3 3 3 1
3 3 104 1
3 104 3 1
104 3 104 1
3 104 3 1
104 3 146 1
3 146 3 1
146 3 3 1
3 3 175 1
3 175 104 1
175 104 3 1
104 3 104 1
3 104 175 1
104 175 104 1
175 104 142 1
104 142 3 1
142 3 3 1
3 3 104 1
3 104 142 1
104 142 3 1
142 3 142 1
3 142 175 1
142 175 142 1
175 142 3 1
142 3 142 1
3 142 3 1
142 3 175 1
3 175 104 1
175 104 3 1
104 3 104 1
3 104 142 1
104 142 142 1
142 142 146 1
142 146 3 1
146 3 265 1
3 265 142 1
265 142 142 1
142 142 3 1
142 3 142 1
3 142 175 1
142 175 265 1
175 265 142 1
265 142 3 1
142 3 142 1
3 142 3 1
142 3 104 1
3 104 175 1
104 175 146 1
175 146 3 1
146 3 142 1
3 142 3 1
142 3 175 1
3 175 265 1
175 265 265 1
265 265 3 1
265 3 3 1
3 3 142 1
3 142 142 1
142 142 104 1
142 104 3 1
104 3 175 1
3 175 3 1
175 3 142 1
3 142 104 1
142 104 142 1
104 142 265 1
142 265 3 1
265 3 3 1
3 3 3 1
3 3 142 1
3 142 3 1
142 3 3 1
3 3 3 1
3 3 3 1
3 3 146 1
3 146 104 1
146 104 3 1
104 3 175 1
3 175 265 1
175 265 265 1
265 265 142 1
265 142 3 1
142 3 142 1
3 142 3 1
142 3 175 1
3 175 142 1
175 142 265 1
142 265 3 1
265 3 265 1
3 265 142 1
265 142 265 1
142 265 3 1
265 3 3 1
3 3 3 1
3 3 175 1
3 175 142 1
175 142 104 1
142 104 3 1
104 3 104 1
3 104 3 1
104 3 104 1
3 104 3 1
104 3 142 1
3 142 104 1
142 104 3 1
104 3 3 1
3 3 142 1
3 142 104 1
142 104 3 1
104 3 3 1
3 3 104 1
3 104 3 1
104 3 104 1
3 104 142 1
104 142 3 1
142 3 175 1
3 175 3 1
175 3 3 1
3 3 265 1
3 265 265 1
265 265 142 1
265 142 175 1
142 175 142 1
175 142 146 1
142 146 3 1
146 3 175 1
3 175 265 1
175 265 3 1
265 3 265 1
3 265 3 1
265 3 142 1
3 142 175 1
142 175 3 1
175 3 142 1
3 142 3 1
142 3 146 1
3 146 104 1
146 104 265 1
104 265 3 1
265 3 142 1
3 142 3 1
142 3 104 1
3 104 175 1
104 175 142 1
175 142 104 1
142 104 265 1
104 265 265 1
265 265 142 1
265 142 146 1
142 146 3 1
146 3 3 1
3 3 104 1
3 104 3 1
104 3 104 1
3 104 104 1
104 104 175 1
104 175 142 1
175 142 265 1
142 265 104 1
265 104 3 1
104 3 142 1
3 142 3 1
142 3 175 1
3 175 175 1
175 175 146 1
175 146 3 1
146 3 119 1
3 119 3 1
119 3 3 1
3 3 265 1
3 265 3 1
265 3 265 1
3 265 3 1
265 3 265 1
3 265 3 1
265 3 142 1
3 142 265 1
142 265 3 1
265 3 146 1
3 146 104 1
146 104 265 1
104 265 146 1
265 146 3 1
146 3 3 1
3 3 142 1
3 142 142 1
142 142 265 1
142 265 265 1
265 265 146 1
265 146 142 1
146 142 142 1
142 142 265 1
142 265 146 1
265 146 142 1
146 142 265 1
142 265 3 1
265 3 142 1
3 142 3 1
142 3 146 1
3 146 3 1
146 3 265 1
3 265 142 1
265 142 265 1
142 265 142 1
265 142 3 1
142 3 175 1
3 175 91 1
175 91 265 1
91 265 54 1
265 54 146 1
54 146 104 1
146 104 3 1
104 3 265 1
3 265 104 1
265 104 104 1
104 104 265 1
new
3 3 265 1
3 265 3 1
265 3 265 1
3 265 168 1
265 168 168 1
168 168 146 1
168 146 168 1
146 168 168 1
168 168 265 1
168 265 168 1
265 168 168 1
168 168 168 1
168 168 3 1
168 3 168 1
3 168 3 1
168 3 265 1
3 265 168 1
265 168 168 1
168 168 168 1
168 168 168 1
168 168 4 1
168 4 168 1
4 168 265 1
168 265 146 1
265 146 3 1
146 3 265 1
3 265 265 1
265 265 168 1
265 168 3 1
168 3 3 1
3 3 168 1
3 168 168 1
168 168 146 1
168 146 168 1
146 168 265 1
168 265 168 1
265 168 3 1
168 3 265 1
3 265 265 1
265 265 3 1
265 3 265 1
3 265 168 1
265 168 168 1
168 168 3 1
168 3 3 1
3 3 168 1
3 168 146 1
168 146 168 1
146 168 168 1
168 168 3 1
168 3 265 1
3 265 168 1
265 168 168 1
168 168 168 1
168 168 168 1
168 168 265 1
168 265 168 1
265 168 146 1
168 146 168 1
146 168 265 1
168 265 168 1
265 168 3 1
168 3 168 1
3 168 146 1
168 146 168 1
146 168 265 1
168 265 168 1
265 168 168 1
168 168 168 1
168 168 168 1
168 168 3 1
168 3 168 1
3 168 3 1
168 3 168 1
3 168 265 1
168 265 168 1
265 168 168 1
168 168 168 1
168 168 265 1
168 265 3 1
265 3 168 1
3 168 265 1
168 265 168 1
265 168 168 1
168 168 146 1
168 146 168 1
146 168 265 1
168 265 3 1
265 3 265 1
3 265 265 1
265 265 146 1
265 146 3 1
146 3 3 1
3 3 146 1
3 146 168 1
146 168 168 1
168 168 3 1
168 3 146 1
3 146 168 1
146 168 265 1
168 265 168 1
265 168 168 1
168 168 168 1
168 168 168 1
168 168 168 1
168 168 146 1
168 146 168 1
146 168 265 1
168 265 168 1
265 168 168 1
168 168 168 1
168 168 168 1
168 168 168 1
168 168 168 1
168 168 265 1
168 265 168 1
265 168 168 1
168 168 265 1
168 265 168 1
265 168 3 1
168 3 168 1
3 168 146 1
168 146 265 1
146 265 265 1
265 265 168 1
265 168 168 1
168 168 265 1
168 265 168 1
265 168 146 1
168 146 168 1
146 168 168 1
168 168 168 1
168 168 265 1
168 265 168 1
265 168 146 1
168 146 168 1
146 168 168 1
168 168 146 1
168 146 168 1
146 168 265 1
168 265 168 1
265 168 146 1
168 146 168 1
146 168 265 1
168 265 168 1
265 168 168 1
168 168 168 1
168 168 168 1
168 168 146 1
168 146 168 1
146 168 168 1
168 168 168 1
168 168 168 1
168 168 3 1
168 3 146 1
3 146 3 1
146 3 168 1
3 168 265 1
168 265 265 1
265 265 265 1
265 265 146 1
265 146 3 1
146 3 146 1
3 146 168 1
146 168 3 1
168 3 265 1
3 265 168 1
265 168 168 1
168 168 168 1
168 168 168 1
168 168 265 1
168 265 168 1
265 168 168 1
168 168 3 1
168 3 168 1
3 168 146 1
168 146 265 1
146 265 168 1
265 168 3 1
168 3 168 1
3 168 168 1
168 168 265 1
168 265 168 1
265 168 265 1
168 265 168 1
265 168 168 1
168 168 146 1
168 146 265 1
146 265 146 1
265 146 168 1
146 168 168 1
168 168 168 1
168 168 3 1
168 3 168 1
3 168 168 1
168 168 146 1
168 146 265 1
146 265 168 1
265 168 3 1
168 3 168 1
3 168 168 1
168 168 168 1
168 168 146 1
168 146 265 1
146 265 3 1
265 3 168 1
3 168 3 1
168 3 168 1
3 168 168 1
168 168 168 1
168 168 168 1
168 168 168 1
168 168 3 1
168 3 168 1
3 168 3 1
168 3 168 1
3 168 168 1
168 168 168 1
168 168 168 1
168 168 168 1
168 168 265 1
168 265 168 1
265 168 168 1
168 168 146 1
168 146 146 1
146 146 168 1
146 168 3 1
168 3 168 1
3 168 3 1
168 3 168 1
3 168 168 1
168 168 168 1
168 168 146 1
168 146 265 1
146 265 265 1
265 265 168 1
265 168 168 1
168 168 168 1
168 168 168 1
168 168 265 1
168 265 168 1
265 168 168 1
168 168 168 1
168 168 3 1
168 3 265 1
3 265 265 1
265 265 168 1
265 168 3 1
168 3 168 1
3 168 168 1
168 168 265 1
168 265 168 1
265 168 146 1
168 146 265 1
146 265 3 1
265 3 265 1
3 265 168 1
265 168 168 1
168 168 3 1
168 3 168 1
3 168 3 1
168 3 168 1
3 168 3 1
168 3 168 1
3 168 168 1
168 168 3 1
168 3 265 1
3 265 168 1
265 168 168 1
168 168 168 1
168 168 265 1
168 265 168 1
265 168 265 1
168 265 265 1
265 265 168 1
265 168 168 1
168 168 265 1
168 265 146 1
265 146 265 1
146 265 265 1
265 265 146 1
265 146 265 1
146 265 168 1
265 168 168 1
168 168 3 1
168 3 168 1
3 168 168 1
168 168 3 1
168 3 265 1
3 265 146 1
265 146 3 1
146 3 168 1
3 168 168 1
168 168 168 1
168 168 168 1
168 168 168 1
168 168 168 1
168 168 265 1
168 265 168 1
265 168 4 1
168 4 168 1
4 168 168 1
168 168 265 1
168 265 146 1
265 146 265 1
146 265 3 1
265 3 168 1
3 168 168 1
168 168 168 1
168 168 168 1
168 168 168 1
168 168 168 1
168 168 168 1
168 168 265 1
168 265 3 1
265 3 168 1
3 168 168 1
168 168 168 1
168 168 168 1
168 168 265 1
168 265 168 1
265 168 168 1
168 168 265 1
168 265 168 1
265 168 168 1
168 168 146 1
168 146 168 1
146 168 265 1
168 265 3 1
265 3 168 1
3 168 168 1
168 168 168 1
168 168 3 1
168 3 168 1
3 168 265 1
168 265 3 1
265 3 168 1
3 168 168 1
168 168 168 1
168 168 168 1
168 168 265 1
168 265 168 1
265 168 168 1
168 168 3 1
168 3 168 1
3 168 168 1
168 168 168 1
168 168 3 1
168 3 168 1
3 168 168 1
168 168 168 1
168 168 265 1
168 265 265 1
265 265 265 1
265 265 146 1
265 146 265 1
146 265 168 1
265 168 168 1
168 168 265 1
168 265 265 1
265 265 168 1
265 168 265 1
168 265 168 1
265 168 168 1
168 168 168 1
168 168 168 1
168 168 265 1
168 265 146 1
265 146 3 1
146 3 265 1
3 265 168 1
265 168 265 1
168 265 265 1
265 265 3 1
265 3 168 1
3 168 168 1
168 168 265 1
168 265 168 1
265 168 3 1
168 3 168 1
3 168 3 1
168 3 168 1
3 168 265 1
168 265 168 1
265 168 168 1
168 168 265 1
168 265 168 1
265 168 3 1
168 3 168 1
3 168 168 1
168 168 168 1
168 168 265 1
168 265 168 1
265 168 265 1
168 265 265 1
265 265 168 1
265 168 168 1
168 168 168 1
168 168 168 1
168 168 168 1
168 168 168 1
168 168 168 1
168 168 265 1
168 265 168 1
265 168 168 1
168 168 3 1
168 3 168 1
3 168 146 1
168 146 168 1
146 168 168 1
168 168 265 1
168 265 168 1
265 168 168 1
168 168 168 1
168 168 265 1
168 265 3 1
265 3 146 1
3 146 168 1
146 168 168 1
168 168 265 1
168 265 265 1
265 265 168 1
265 168 168 1
168 168 146 1
168 146 168 1
146 168 265 1
168 265 168 1
265 168 168 1
168 168 265 1
168 265 168 1
265 168 146 1
168 146 168 1
146 168 168 1
168 168 3 1
168 3 168 1
3 168 146 1
168 146 265 1
146 265 146 1
265 146 3 1
146 3 168 1
3 168 3 1
168 3 168 1
3 168 168 1
168 168 146 1
168 146 168 1
146 168 3 1
168 3 168 1
3 168 168 1
168 168 168 1
168 168 168 1
168 168 146 1
168 146 168 1
146 168 168 1
168 168 19 1
168 19 168 1
19 168 3 1
168 3 168 1
3 168 3 1
168 3 168 1
3 168 168 1
168 168 265 1
168 265 168 1
265 168 265 1
168 265 168 1
265 168 4 1
168 4 3 1
4 3 168 1
3 168 3 1
168 3 168 1
3 168 146 1
168 146 4 1
146 4 168 1
4 168 19 1
168 19 162 1
19 162 168 1
162 168 265 1
168 265 168 1
265 168 3 1
168 3 265 1
3 265 168 1
265 168 265 1
168 265 146 1
265 146 168 1
146 168 168 1
168 168 265 1
168 265 168 1
265 168 168 1
168 168 168 1
168 168 265 1
168 265 3 1
265 3 3 1
3 3 168 1
3 168 168 1
168 168 168 1
168 168 265 1
168 265 3 1
265 3 168 1
3 168 168 1
168 168 3 1
168 3 168 1
3 168 168 1
168 168 162 1
168 162 265 1
162 265 146 1
265 146 168 1
146 168 4 1
168 4 3 1
4 3 19 1
3 19 162 1
19 162 265 1
162 265 168 1
265 168 265 1
168 265 168 1
265 168 3 1
168 3 168 1
3 168 3 1
168 3 168 1
3 168 265 1
168 265 3 1
265 3 265 1
3 265 168 1
265 168 19 1
168 19 168 1
19 168 3 1
168 3 19 1
3 19 19 1
19 19 19 1
19 19 19 1
19 19 265 1
19 265 265 1
265 265 168 1
265 168 168 1
168 168 168 1
168 168 168 1
168 168 265 1
168 265 168 1
265 168 168 1
168 168 265 1
168 265 146 1
265 146 146 1
146 146 168 1
146 168 168 1
168 168 265 1
168 265 146 1
265 146 265 1
146 265 168 1
265 168 168 1
168 168 168 1
168 168 168 1
168 168 265 1
168 265 168 1
265 168 265 1
168 265 168 1
265 168 168 1
168 168 168 1
168 168 3 1
168 3 168 1
3 168 265 1
168 265 146 1
265 146 168 1
146 168 168 1
168 168 3 1
168 3 265 1
3 265 3 1
265 3 3 1
3 3 168 1
3 168 168 1
168 168 168 1
168 168 146 1
168 146 168 1
146 168 3 1
168 3 146 1
3 146 168 1
146 168 168 1
168 168 168 1
168 168 265 1
168 265 168 1
265 168 168 1
168 168 168 1
168 168 265 1
168 265 168 1
265 168 265 1
168 265 265 1
265 265 168 1
265 168 146 1
168 146 3 1
146 3 168 1
3 168 146 1
168 146 3 1
146 3 168 1
3 168 3 1
168 3 265 1
3 265 265 1
265 265 265 1
265 265 168 1
265 168 168 1
168 168 3 1
168 3 168 1
3 168 3 1
168 3 168 1
3 168 3 1
168 3 168 1
3 168 146 1
168 146 168 1
146 168 168 1
168 168 168 1
168 168 265 1
168 265 265 1
265 265 3 1
265 3 3 1
3 3 168 1
3 168 265 1
168 265 168 1
265 168 3 1
168 3 265 1
3 265 265 1
265 265 3 1
265 3 168 1
3 168 168 1
168 168 19 1
168 19 146 1
19 146 3 1
146 3 168 1
3 168 4 1
168 4 19 1
4 19 168 1
19 168 168 1
168 168 19 1
168 19 168 1
19 168 168 1
168 168 146 1
168 146 168 1
146 168 265 1
168 265 3 1
265 3 168 1
3 168 146 1
168 146 3 1
146 3 168 1
3 168 265 1
168 265 168 1
265 168 3 1
168 3 78 1
3 78 3 1
78 3 265 1
3 265 168 1
265 168 168 1
168 168 168 1
168 168 3 1
168 3 19 1
3 19 265 1
19 265 168 1
265 168 265 1
168 265 3 1
265 3 168 1
3 168 168 1
168 168 168 1
168 168 168 1
168 168 3 1
168 3 265 1
3 265 168 1
265 168 3 1
168 3 78 1
3 78 168 1
78 168 265 1
168 265 265 1
265 265 146 1
265 146 265 1
146 265 146 1
265 146 265 1
146 265 265 1
265 265 168 1
265 168 168 1
168 168 265 1
168 265 19 1
265 19 168 1
19 168 146 1
168 146 19 1
146 19 265 1
19 265 168 1
265 168 168 1
168 168 265 1
168 265 3 1
265 3 3 1
3 3 168 1
3 168 168 1
168 168 3 1
168 3 3 1
3 3 265 1
3 265 265 1
265 265 265 1
265 265 168 1
265 168 19 1
168 19 3 1
19 3 168 1
3 168 168 1
168 168 265 1
168 265 168 1
265 168 168 1
168 168 168 1
168 168 168 1
168 168 3 1
168 3 3 1
3 3 3 1
3 3 168 1
3 168 3 1
168 3 168 1
3 168 3 1
168 3 168 1
3 168 19 1
168 19 168 1
19 168 265 1
168 265 265 1
265 265 265 1
265 265 3 1
265 3 78 1
3 78 3 1
78 3 3 1
3 3 3 1
3 3 146 1
3 146 4 1
146 4 168 1
4 168 168 1
168 168 3 1
168 3 3 1
3 3 4 1
3 4 168 1
4 168 168 1
168 168 3 1
168 3 265 1
3 265 19 1
265 19 19 1
19 19 3 1
19 3 3 1
3 3 4 1
3 4 168 1
4 168 3 1
168 3 168 1
3 168 3 1
168 3 3 1
3 3 168 1
new
168 102 168 1
102 168 265 1
168 265 265 1
265 265 265 1
265 265 265 1
265 265 265 1
265 265 265 1
265 265 168 1
265 168 168 1
168 168 265 1
168 265 265 1
265 265 168 1
265 168 265 1
168 265 168 1
265 168 168 1
168 168 168 1
168 168 168 1
168 168 168 1
168 168 168 1
168 168 102 1
168 102 168 1
102 168 168 1
168 168 168 1
168 168 168 1
168 168 168 1
168 168 168 1
168 168 168 1
168 168 168 1
168 168 265 1
168 265 168 1
265 168 265 1
168 265 168 1
265 168 168 1
168 168 265 1
168 265 168 1
265 168 168 1
168 168 168 1
168 168 168 1
168 168 265 1
168 265 168 1
265 168 168 1
168 168 265 1
168 265 168 1
265 168 168 1
168 168 168 1
168 168 168 1
168 168 168 1
168 168 168 1
168 168 168 1
168 168 168 1
168 168 168 1
168 168 168 1
168 168 168 1
168 168 168 1
168 168 265 1
168 265 168 1
265 168 265 1
168 265 168 1
265 168 265 1
168 265 168 1
265 168 168 1
168 168 168 1
168 168 168 1
168 168 168 1
168 168 265 1
168 265 168 1
265 168 168 1
168 168 265 1
168 265 168 1
265 168 168 1
168 168 168 1
168 168 102 1
168 102 265 1
102 265 168 1
265 168 265 1
168 265 168 1
265 168 265 1
168 265 168 1
265 168 168 1
168 168 265 1
168 265 168 1
265 168 168 1
168 168 265 1
168 265 168 1
265 168 168 1
168 168 265 1
168 265 168 1
265 168 168 1
168 168 168 1
168 168 168 1
168 168 168 1
168 168 168 1
168 168 168 1
168 168 265 1
168 265 168 1
265 168 265 1
168 265 168 1
265 168 265 1
168 265 265 1
265 265 168 1
265 168 265 1
168 265 168 1
265 168 265 1
168 265 168 1
265 168 265 1
168 265 265 1
265 265 168 1
265 168 102 1
168 102 168 1
102 168 168 1
168 168 168 1
168 168 168 1
168 168 168 1
168 168 168 1
168 168 168 1
168 168 265 1
168 265 102 1
265 102 168 1
102 168 168 1
168 168 265 1
168 265 168 1
265 168 168 1
168 168 168 1
168 168 168 1
168 168 168 1
168 168 102 1
168 102 168 1
102 168 168 1
168 168 265 1
168 265 168 1
265 168 168 1
168 168 168 1
168 168 168 1
168 168 265 1
168 265 265 1
265 265 168 1
265 168 168 1
168 168 265 1
168 265 168 1
265 168 168 1
168 168 102 1
168 102 168 1
102 168 168 1
168 168 168 1
168 168 168 1
168 168 168 1
168 168 168 1
168 168 168 1
168 168 168 1
168 168 168 1
168 168 168 1
168 168 265 1
168 265 168 1
265 168 168 1
168 168 265 1
168 265 168 1
265 168 168 1
168 168 168 1
168 168 168 1
168 168 168 1
168 168 168 1
168 168 265 1
168 265 168 1
265 168 168 1
168 168 102 1
168 102 168 1
102 168 168 1
168 168 168 1
168 168 168 1
168 168 265 1
168 265 168 1
265 168 102 1
168 102 265 1
102 265 265 1
265 265 168 1
265 168 265 1
168 265 168 1
265 168 102 1
168 102 168 1
102 168 265 1
168 265 265 1
265 265 168 1
265 168 265 1
168 265 168 1
265 168 168 1
168 168 265 1
168 265 265 1
265 265 168 1
265 168 168 1
168 168 265 1
168 265 168 1
265 168 168 1
168 168 168 1
168 168 168 1
168 168 168 1
168 168 168 1
168 168 168 1
168 168 102 1
168 102 168 1
102 168 168 1
168 168 168 1
168 168 168 1
168 168 168 1
168 168 265 1
168 265 265 1
265 265 168 1
265 168 168 1
168 168 168 1
168 168 102 1
168 102 168 1
102 168 265 1
168 265 168 1
265 168 265 1
168 265 168 1
265 168 168 1
168 168 168 1
168 168 102 1
168 102 168 1
102 168 168 1
168 168 168 1
168 168 168 1
168 168 168 1
168 168 168 1
168 168 168 1
168 168 168 1
168 168 168 1
168 168 265 1
168 265 168 1
265 168 265 1
168 265 168 1
265 168 265 1
168 265 265 1
265 265 265 1
265 265 168 1
265 168 168 1
168 168 265 1
168 265 168 1
265 168 168 1
168 168 168 1
168 168 168 1
168 168 265 1
168 265 168 1
265 168 168 1
168 168 168 1
168 168 265 1
168 265 168 1
265 168 265 1
168 265 168 1
265 168 168 1
168 168 168 1
168 168 168 1
168 168 168 1
168 168 168 1
168 168 168 1
168 168 168 1
168 168 265 1
168 265 168 1
265 168 168 1
168 168 168 1
168 168 168 1
168 168 168 1
168 168 168 1
168 168 168 1
168 168 265 1
168 265 265 1
265 265 168 1
265 168 265 1
168 265 168 1
265 168 168 1
168 168 168 1
168 168 168 1
168 168 168 1
168 168 265 1
168 265 265 1
265 265 168 1
265 168 168 1
168 168 168 1
168 168 265 1
168 265 168 1
265 168 265 1
168 265 168 1
265 168 168 1
168 168 168 1
168 168 168 1
168 168 168 1
168 168 102 1
168 102 265 1
102 265 168 1
265 168 168 1
168 168 168 1
168 168 168 1
168 168 168 1
168 168 168 1
168 168 168 1
168 168 265 1
168 265 168 1
265 168 265 1
168 265 265 1
265 265 265 1
265 265 265 1
265 265 168 1
265 168 168 1
168 168 168 1
168 168 265 1
168 265 168 1
265 168 168 1
168 168 265 1
168 265 265 1
265 265 265 1
265 265 168 1
265 168 265 1
168 265 265 1
265 265 265 1
265 265 265 1
265 265 168 1
265 168 265 1
168 265 168 1
265 168 168 1
168 168 168 1
168 168 168 1
168 168 168 1
168 168 265 1
168 265 168 1
265 168 168 1
168 168 168 1
168 168 168 1
168 168 265 1
168 265 168 1
265 168 265 1
168 265 168 1
265 168 168 1
168 168 265 1
168 265 168 1
265 168 265 1
168 265 265 1
265 265 168 1
265 168 168 1
168 168 168 1
168 168 168 1
168 168 168 1
168 168 265 1
168 265 168 1
265 168 168 1
168 168 168 1
168 168 168 1
168 168 168 1
168 168 168 1
168 168 168 1
168 168 168 1
168 168 265 1
168 265 168 1
265 168 168 1
168 168 265 1
168 265 168 1
265 168 168 1
168 168 265 1
168 265 168 1
265 168 168 1
168 168 168 1
168 168 265 1
168 265 265 1
265 265 265 1
265 265 168 1
265 168 168 1
168 168 265 1
168 265 265 1
265 265 168 1
265 168 265 1
168 265 168 1
265 168 168 1
168 168 168 1
168 168 168 1
168 168 168 1
168 168 168 1
168 168 265 1
168 265 168 1
265 168 168 1
168 168 168 1
168 168 265 1
168 265 168 1
265 168 168 1
168 168 168 1
168 168 168 1
168 168 168 1
168 168 168 1
168 168 168 1
168 168 168 1
168 168 168 1
168 168 168 1
168 168 168 1
168 168 168 1
168 168 168 1
168 168 265 1
168 265 265 1
265 265 168 1
265 168 168 1
168 168 168 1
168 168 168 1
168 168 168 1
168 168 168 1
168 168 168 1
168 168 168 1
168 168 265 1
168 265 265 1
265 265 265 1
265 265 265 1
265 265 168 1
265 168 265 1
168 265 265 1
265 265 265 1
265 265 265 1
265 265 168 1
265 168 168 1
168 168 168 1
168 168 168 1
168 168 168 1
168 168 168 1
168 168 265 1
168 265 168 1
265 168 265 1
168 265 168 1
265 168 168 1
168 168 168 1
168 168 168 1
168 168 265 1
168 265 168 1
265 168 265 1
168 265 168 1
265 168 168 1
168 168 168 1
168 168 168 1
168 168 102 1
168 102 168 1
102 168 265 1
168 265 168 1
265 168 265 1
168 265 168 1
265 168 168 1
168 168 168 1
168 168 168 1
168 168 168 1
168 168 168 1
168 168 168 1
168 168 265 1
168 265 168 1
265 168 265 1
168 265 265 1
265 265 168 1
265 168 265 1
168 265 265 1
265 265 168 1
265 168 168 1
168 168 168 1
168 168 168 1
168 168 168 1
168 168 168 1
168 168 168 1
168 168 168 1
168 168 102 1
168 102 168 1
102 168 168 1
168 168 168 1
168 168 265 1
168 265 168 1
265 168 168 1
168 168 168 1
168 168 265 1
168 265 168 1
265 168 168 1
168 168 168 1
168 168 265 1
168 265 265 1
265 265 265 1
265 265 168 1
265 168 168 1
168 168 168 1
168 168 168 1
168 168 168 1
168 168 168 1
168 168 168 1
168 168 265 1
168 265 265 1
265 265 265 1
265 265 168 1
265 168 265 1
168 265 265 1
265 265 102 1
265 102 265 1
102 265 265 1
265 265 168 1
265 168 102 1
168 102 168 1
102 168 265 1
168 265 168 1
265 168 168 1
168 168 168 1
168 168 265 1
168 265 168 1
265 168 265 1
168 265 168 1
265 168 168 1
168 168 168 1
168 168 265 1
168 265 168 1
265 168 168 1
168 168 168 1
168 168 168 1
168 168 168 1
168 168 168 1
168 168 168 1
168 168 265 1
168 265 265 1
265 265 265 1
265 265 265 1
265 265 265 1
265 265 168 1
265 168 265 1
168 265 102 1
265 102 168 1
102 168 168 1
168 168 168 1
168 168 168 1
168 168 168 1
168 168 168 1
168 168 168 1
168 168 168 1
168 168 168 1
168 168 168 1
168 168 265 1
168 265 168 1
265 168 168 1
168 168 265 1
168 265 168 1
265 168 265 1
168 265 265 1
265 265 168 1
265 168 102 1
168 102 265 1
102 265 168 1
265 168 168 1
168 168 168 1
168 168 265 1
168 265 168 1
265 168 265 1
168 265 168 1
265 168 265 1
168 265 168 1
265 168 102 1
168 102 168 1
102 168 168 1
168 168 102 1
168 102 168 1
102 168 168 1
new
192 6 125 1
6 125 54 1
125 54 3 1
54 3 174 1
3 174 45 1
174 45 6 1
45 6 5 1
6 5 195 1
5 195 3 1
195 3 197 1
3 197 6 1
197 6 3 1
6 3 195 1
3 195 6 1
195 6 3 1
6 3 195 1
3 195 5 1
195 5 3 1
5 3 5 1
3 5 195 1
5 195 196 1
195 196 5 1
196 5 195 1
5 195 5 1
195 5 5 1
5 5 125 1
5 125 6 1
125 6 3 1
6 3 6 1
3 6 197 1
6 197 45 1
197 45 5 1
45 5 5 1
5 5 195 1
5 195 5 1
195 5 192 1
5 192 6 1
192 6 125 1
6 125 91 1
125 91 6 1
91 6 195 1
6 195 5 1
195 5 141 1
5 141 195 1
141 195 195 1
195 195 6 1
195 6 192 1
6 192 195 1
192 195 5 1
195 5 3 1
5 3 6 1
3 6 6 1
6 6 5 1
6 5 91 1
5 91 192 1
91 192 5 1
192 5 195 1
5 195 91 1
195 91 91 1
91 91 3 1
91 3 91 1
3 91 5 1
91 5 5 1
5 5 91 1
5 91 6 1
91 6 6 1
6 6 5 1
6 5 195 1
5 195 5 1
195 5 195 1
5 195 141 1
195 141 3 1
141 3 3 1
3 3 195 1
3 195 5 1
195 5 195 1
5 195 195 1
195 195 195 1
195 195 195 1
195 195 195 1
195 195 195 1
195 195 195 1
195 195 195 1
195 195 195 1
195 195 195 1
195 195 195 1
195 195 195 1
195 195 195 1
195 195 195 1
195 195 195 1
195 195 195 1
195 195 195 1
195 195 3 1
195 3 195 1
3 195 195 1
195 195 195 1
195 195 195 1
195 195 195 1
195 195 195 1
195 195 195 1
195 195 195 1
195 195 195 1
195 195 195 1
195 195 195 1
195 195 195 1
195 195 195 1
195 195 195 1
195 195 195 1
195 195 195 1
195 195 195 1
195 195 195 1
195 195 195 1
195 195 195 1
195 195 195 1
195 195 195 1
195 195 195 1
195 195 195 1
195 195 195 1
195 195 195 1
195 195 195 1
195 195 195 1
195 195 195 1
195 195 195 1
195 195 195 1
195 195 195 1
195 195 195 1
195 195 195 1
195 195 195 1
195 195 195 1
195 195 195 1
195 195 195 1
195 195 195 1
195 195 195 1
195 195 195 1
195 195 195 1
195 195 195 1
195 195 195 1
195 195 195 1
195 195 195 1
195 195 195 1
195 195 195 1
195 195 195 1
195 195 195 1
195 195 195 1
195 195 195 1
195 195 195 1
195 195 195 1
195 195 195 1
195 195 195 1
195 195 195 1
195 195 195 1
195 195 195 1
195 195 195 1
195 195 195 1
195 195 195 1
195 195 195 1
195 195 195 1
195 195 195 1
195 195 195 1
195 195 195 1
195 195 195 1
195 195 195 1
195 195 195 1
195 195 195 1
195 195 195 1
195 195 195 1
195 195 195 1
195 195 195 1
195 195 195 1
195 195 195 1
195 195 195 1
195 195 195 1
195 195 195 1
195 195 195 1
195 195 195 1
195 195 195 1
195 195 195 1
195 195 195 1
195 195 195 1
195 195 195 1
195 195 195 1
195 195 195 1
195 195 195 1
195 195 195 1
195 195 195 1
195 195 195 1
195 195 195 1
195 195 195 1
195 195 195 1
195 195 195 1
195 195 195 1
195 195 195 1
195 195 195 1
195 195 195 1
195 195 195 1
195 195 195 1
195 195 195 1
195 195 195 1
195 195 195 1
195 195 195 1
195 195 195 1
195 195 195 1
195 195 195 1
195 195 195 1
195 195 195 1
195 195 195 1
195 195 195 1
195 195 195 1
195 195 195 1
195 195 195 1
195 195 195 1
195 195 195 1
195 195 5 1
195 5 3 1
5 3 5 1
3 5 3 1
5 3 5 1
3 5 197 1
5 197 5 1
197 5 5 1
5 5 205 1
5 205 3 1
205 3 19 1
3 19 19 1
19 19 19 1
19 19 19 1
19 19 19 1
19 19 3 1
19 3 3 1
3 3 3 1
3 3 3 1
3 3 19 1
3 19 3 1
19 3 3 1
3 3 19 1
3 19 19 1
19 19 19 1
19 19 3 1
19 3 19 1
3 19 19 1
19 19 19 1
19 19 3 1
19 3 3 1
3 3 19 1
3 19 3 1
19 3 3 1
3 3 3 1
3 3 3 1
3 3 3 1
3 3 19 1
3 19 3 1
19 3 3 1
3 3 19 1
3 19 3 1
19 3 3 1
3 3 3 1
3 3 3 1
3 3 19 1
3 19 3 1
19 3 19 1
3 19 3 1
19 3 19 1
3 19 19 1
19 19 3 1
19 3 3 1
3 3 19 1
3 19 3 1
19 3 3 1
3 3 19 1
3 19 3 1
19 3 3 1
3 3 19 1
3 19 19 1
19 19 19 1
19 19 3 1
19 3 19 1
3 19 3 1
19 3 3 1
3 3 3 1
3 3 19 1
3 19 3 1
19 3 3 1
3 3 3 1
3 3 19 1
3 19 3 1
19 3 19 1
3 19 3 1
19 3 3 1
3 3 3 1
3 3 3 1
3 3 19 1
3 19 3 1
19 3 3 1
3 3 3 1
3 3 3 1
3 3 3 1
3 3 3 1
3 3 19 1
3 19 3 1
19 3 19 1
3 19 3 1
19 3 3 1
3 3 19 1
3 19 3 1
19 3 3 1
3 3 3 1
3 3 3 1
3 3 3 1
3 3 3 1
3 3 3 1
3 3 19 1
3 19 3 1
19 3 3 1
3 3 19 1
3 19 19 1
19 19 3 1
19 3 3 1
3 3 19 1
3 19 3 1
19 3 19 1
3 19 3 1
19 3 3 1
3 3 3 1
3 3 19 1
3 19 3 1
19 3 3 1
3 3 3 1
3 3 3 1
3 3 3 1
3 3 19 1
3 19 3 1
19 3 19 1
3 19 19 1
19 19 3 1
19 3 3 1
3 3 3 1
3 3 3 1
3 3 19 1
3 19 3 1
19 3 19 1
3 19 3 1
19 3 3 1
3 3 3 1
3 3 3 1
3 3 3 1
3 3 19 1
3 19 19 1
19 19 3 1
19 3 19 1
3 19 3 1
19 3 19 1
3 19 3 1
19 3 19 1
3 19 19 1
19 19 19 1
19 19 19 1
19 19 3 1
19 3 3 1
3 3 3 1
3 3 19 1
3 19 19 1
19 19 19 1
19 19 3 1
19 3 3 1
3 3 19 1
3 19 19 1
19 19 3 1
19 3 19 1
3 19 19 1
19 19 19 1
19 19 19 1
19 19 19 1
19 19 19 1
19 19 19 1
19 19 3 1
19 3 19 1
3 19 3 1
19 3 3 1
3 3 3 1
3 3 3 1
3 3 3 1
3 3 19 1
3 19 19 1
19 19 19 1
19 19 19 1
19 19 19 1
19 19 19 1
19 19 3 1
19 3 3 1
3 3 3 1
3 3 3 1
3 3 19 1
3 19 19 1
19 19 19 1
19 19 3 1
19 3 3 1
3 3 19 1
3 19 3 1
19 3 19 1
3 19 3 1
19 3 3 1
3 3 3 1
3 3 19 1
3 19 3 1
19 3 19 1
3 19 3 1
19 3 19 1
3 19 3 1
19 3 3 1
3 3 3 1
3 3 3 1
3 3 19 1
3 19 3 1
19 3 3 1
3 3 19 1
3 19 19 1
19 19 19 1
19 19 3 1
19 3 3 1
3 3 3 1
3 3 19 1
3 19 3 1
19 3 19 1
3 19 3 1
19 3 19 1
3 19 3 1
19 3 3 1
3 3 19 1
3 19 3 1
19 3 3 1
3 3 3 1
3 3 19 1
3 19 19 1
19 19 3 1
19 3 3 1
3 3 19 1
3 19 19 1
19 19 19 1
19 19 3 1
19 3 3 1
3 3 19 1
3 19 19 1
19 19 3 1
19 3 19 1
3 19 3 1
19 3 3 1
3 3 19 1
3 19 3 1
19 3 19 1
3 19 19 1
19 19 3 1
19 3 3 1
3 3 3 1
3 3 19 1
3 19 19 1
19 19 3 1
19 3 19 1
3 19 3 1
19 3 3 1
3 3 19 1
3 19 19 1
19 19 19 1
19 19 3 1
19 3 3 1
3 3 3 1
3 3 3 1
3 3 3 1
3 3 3 1
3 3 19 1
3 19 3 1
19 3 3 1
3 3 3 1
3 3 3 1
3 3 3 1
3 3 19 1
3 19 19 1
19 19 19 1
19 19 19 1
19 19 3 1
19 3 3 1
3 3 19 1
3 19 3 1
19 3 3 1
3 3 19 1
3 19 3 1
19 3 3 1
3 3 3 1
3 3 3 1
3 3 19 1
3 19 3 1
19 3 3 1
3 3 19 1
3 19 19 1
19 19 3 1
19 3 3 1
3 3 3 1
3 3 3 1
3 3 3 1
3 3 19 1
3 19 19 1
19 19 3 1
19 3 19 1
3 19 19 1
19 19 3 1
19 3 19 1
3 19 19 1
19 19 19 1
19 19 3 1
19 3 19 1
3 19 3 1
19 3 3 1
3 3 3 1
3 3 19 1
3 19 3 1
19 3 3 1
3 3 19 1
3 19 3 1
19 3 3 1
3 3 19 1
3 19 19 1
19 19 3 1
19 3 19 1
3 19 3 1
19 3 3 1
3 3 3 1
3 3 19 1
3 19 19 1
19 19 19 1
19 19 3 1
19 3 3 1
3 3 3 1
3 3 3 1
3 3 3 1
3 3 19 1
3 19 19 1
19 19 19 1
19 19 3 1
19 3 3 1
3 3 19 1
3 19 19 1
19 19 3 1
19 3 3 1
3 3 3 1
3 3 19 1
3 19 3 1
19 3 3 1
3 3 3 1
3 3 19 1
3 19 3 1
19 3 3 1
3 3 3 1
3 3 3 1
3 3 3 1
3 3 3 1
3 3 19 1
3 19 19 1
19 19 19 1
19 19 19 1
19 19 3 1
19 3 3 1
3 3 3 1
3 3 3 1
3 3 3 1
3 3 3 1
3 3 19 1
3 19 3 1
19 3 19 1
3 19 3 1
19 3 19 1
3 19 3 1
19 3 19 1
3 19 3 1
19 3 3 1
3 3 19 1
3 19 3 1
19 3 3 1
3 3 3 1
3 3 3 1
3 3 3 1
3 3 3 1
3 3 3 1
3 3 19 1
3 19 19 1
19 19 19 1
19 19 3 1
19 3 19 1
3 19 3 1
19 3 3 1
3 3 19 1
3 19 19 1
19 19 3 1
19 3 3 1
3 3 3 1
3 3 3 1
3 3 19 1
3 19 19 1
19 19 3 1
19 3 19 1
3 19 3 1
19 3 3 1
3 3 19 1
3 19 3 1
19 3 3 1
3 3 3 1
3 3 19 1
3 19 3 1
19 3 19 1
3 19 19 1
19 19 3 1
19 3 19 1
3 19 3 1
19 3 19 1
3 19 3 1
19 3 19 1
3 19 19 1
19 19 3 1
19 3 3 1
3 3 3 1
3 3 3 1
3 3 19 1
3 19 3 1
19 3 3 1
3 3 3 1
3 3 19 1
3 19 19 1
19 19 19 1
19 19 19 1
19 19 19 1
19 19 3 1
19 3 3 1
3 3 19 1
3 19 19 1
19 19 3 1
19 3 3 1
3 3 19 1
3 19 3 1
19 3 3 1
3 3 3 1
3 3 19 1
3 19 3 1
19 3 19 1
3 19 19 1
19 19 3 1
19 3 45 1
3 45 19 1
45 19 19 1
19 19 3 1
19 3 3 1
3 3 3 1
3 3 3 1
3 3 3 1
3 3 19 1
3 19 19 1
19 19 3 1
19 3 3 1
3 3 19 1
3 19 19 1
19 19 19 1
19 19 19 1
19 19 3 1
19 3 19 1
3 19 19 1
19 19 19 1
19 19 3 1
19 3 19 1
3 19 19 1
19 19 19 1
19 19 3 1
19 3 3 1
3 3 19 1
3 19 19 1
19 19 3 1
19 3 3 1
3 3 3 1
3 3 19 1
3 19 3 1
19 3 3 1
3 3 3 1
3 3 3 1
3 3 19 1
3 19 3 1
19 3 3 1
3 3 3 1
3 3 19 1
3 19 3 1
19 3 3 1
3 3 3 1
3 3 19 1
3 19 19 1
19 19 19 1
19 19 3 1
19 3 3 1
3 3 19 1
3 19 3 1
19 3 3 1
3 3 3 1
3 3 3 1
3 3 3 1
3 3 3 1
3 3 3 1
3 3 3 1
3 3 3 1
3 3 19 1
3 19 3 1
19 3 3 1
3 3 3 1
3 3 3 1
3 3 3 1
3 3 19 1
3 19 19 1
19 19 19 1
19 19 3 1
19 3 3 1
3 3 3 1
3 3 3 1
3 3 19 1
3 19 3 1
19 3 3 1
3 3 19 1
3 19 19 1
19 19 3 1
19 3 19 1
3 19 19 1
19 19 3 1
19 3 3 1
3 3 3 1
3 3 3 1
3 3 3 1
3 3 19 1
3 19 19 1
19 19 3 1
19 3 3 1
3 3 3 1
3 3 3 1
3 3 19 1
3 19 3 1
19 3 3 1
3 3 3 1
3 3 19 1
3 19 19 1
19 19 3 1
19 3 3 1
3 3 19 1
3 19 3 1
19 3 3 1
3 3 19 1
3 19 19 1
19 19 3 1
19 3 3 1
3 3 3 1
3 3 19 1
3 19 3 1
19 3 3 1
3 3 3 1
3 3 3 1
3 3 19 1
3 19 19 1
19 19 19 1
19 19 3 1
19 3 3 1
3 3 19 1
3 19 19 1
19 19 45 1
19 45 3 1
45 3 19 1
3 19 3 1
19 3 3 1
3 3 3 1
3 3 3 1
3 3 3 1
3 3 3 1
3 3 19 1
3 19 19 1
19 19 3 1
19 3 3 1
3 3 19 1
3 19 19 1
19 19 3 1
19 3 3 1
3 3 19 1
3 19 19 1
19 19 3 1
19 3 19 1
3 19 19 1
19 19 19 1
19 19 3 1
19 3 19 1
3 19 3 1
19 3 19 1
3 19 3 1
19 3 3 1
3 3 45 1
3 45 3 1
45 3 19 1
3 19 19 1
19 19 19 1
19 19 3 1
19 3 3 1
3 3 3 1
3 3 3 1
3 3 19 1
3 19 3 1
19 3 19 1
3 19 3 1
19 3 3 1
3 3 19 1
3 19 19 1
19 19 19 1
19 19 19 1
19 19 3 1
19 3 3 1
3 3 3 1
3 3 3 1
3 3 19 1
3 19 3 1
19 3 19 1
3 19 3 1
19 3 3 1
3 3 19 1
3 19 3 1
19 3 3 1
3 3 3 1
3 3 19 1
3 19 3 1
19 3 19 1
3 19 3 1
19 3 19 1
3 19 19 1
19 19 3 1
19 3 3 1
3 3 3 1
3 3 3 1
3 3 3 1
3 3 19 1
3 19 3 1
19 3 3 1
3 3 19 1
3 19 19 1
19 19 3 1
19 3 3 1
3 3 3 1
3 3 3 1
3 3 3 1
3 3 3 1
3 3 19 1
3 19 3 1
19 3 19 1
3 19 19 1
19 19 19 1
19 19 19 1
19 19 3 1
19 3 19 1
3 19 19 1
19 19 19 1
19 19 19 1
19 19 19 1
19 19 3 1
19 3 3 1
3 3 3 1
3 3 3 1
3 3 3 1
3 3 19 1
3 19 19 1
19 19 19 1
19 19 3 1
19 3 19 1
3 19 3 1
19 3 3 1
3 3 3 1
3 3 3 1
3 3 3 1
3 3 3 1
3 3 3 1
3 3 3 1
3 3 3 1
3 3 3 1
3 3 19 1
3 19 3 1
19 3 3 1
3 3 3 1
3 3 3 1
3 3 3 1
3 3 3 1
3 3 19 1
3 19 3 1
19 3 3 1
3 3 19 1
3 19 3 1
19 3 19 1
3 19 19 1
19 19 3 1
19 3 19 1
3 19 3 1
19 3 19 1
3 19 3 1
19 3 19 1
3 19 19 1
19 19 3 1
19 3 3 1
3 3 3 1
3 3 19 1
3 19 3 1
19 3 3 1
3 3 3 1
3 3 19 1
3 19 3 1
19 3 19 1
3 19 19 1
19 19 3 1
19 3 19 1
3 19 3 1
19 3 19 1
3 19 19 1
19 19 19 1
19 19 19 1
19 19 19 1
19 19 19 1
19 19 3 1
19 3 3 1
3 3 19 1
3 19 19 1
19 19 3 1
19 3 3 1
3 3 19 1
3 19 19 1
19 19 19 1
19 19 3 1
19 3 3 1
3 3 195 1
new
265 168 168 1
168 168 265 1
168 265 168 1
265 168 265 1
168 265 168 1
265 168 102 1
168 102 168 1
102 168 168 1
168 168 168 1
168 168 168 1
168 168 265 1
168 265 168 1
265 168 265 1
168 265 168 1
265 168 168 1
168 168 168 1
168 168 265 1
168 265 168 1
265 168 168 1
168 168 168 1
168 168 168 1
168 168 168 1
168 168 265 1
168 265 265 1
265 265 168 1
265 168 168 1
168 168 168 1
168 168 265 1
168 265 168 1
265 168 168 1
168 168 102 1
168 102 168 1
102 168 168 1
168 168 168 1
168 168 168 1
168 168 168 1
168 168 265 1
168 265 168 1
265 168 168 1
168 168 168 1
168 168 168 1
168 168 168 1
168 168 168 1
168 168 168 1
168 168 168 1
168 168 265 1
168 265 168 1
265 168 168 1
168 168 265 1
168 265 102 1
265 102 265 1
102 265 168 1
265 168 168 1
168 168 168 1
168 168 168 1
168 168 168 1
168 168 168 1
168 168 168 1
168 168 168 1
168 168 168 1
168 168 265 1
168 265 265 1
265 265 168 1
265 168 168 1
168 168 265 1
168 265 168 1
265 168 168 1
168 168 265 1
168 265 265 1
265 265 265 1
265 265 265 1
265 265 265 1
265 265 265 1
265 265 168 1
265 168 168 1
168 168 168 1
168 168 265 1
168 265 168 1
265 168 168 1
168 168 168 1
168 168 168 1
168 168 168 1
168 168 168 1
168 168 168 1
168 168 168 1
168 168 168 1
168 168 265 1
168 265 168 1
265 168 168 1
168 168 168 1
168 168 168 1
168 168 265 1
168 265 168 1
265 168 265 1
168 265 168 1
265 168 168 1
168 168 168 1
168 168 168 1
168 168 168 1
168 168 168 1
168 168 102 1
168 102 265 1
102 265 265 1
265 265 265 1
265 265 265 1
265 265 265 1
265 265 168 1
265 168 168 1
168 168 168 1
168 168 168 1
168 168 265 1
168 265 168 1
265 168 265 1
168 265 168 1
265 168 168 1
168 168 168 1
168 168 168 1
168 168 265 1
168 265 168 1
265 168 168 1
168 168 168 1
168 168 265 1
168 265 265 1
265 265 168 1
265 168 168 1
168 168 168 1
168 168 168 1
168 168 168 1
168 168 265 1
168 265 168 1
265 168 168 1
168 168 168 1
168 168 265 1
168 265 168 1
265 168 168 1
168 168 168 1
168 168 168 1
168 168 168 1
168 168 168 1
168 168 168 1
168 168 168 1
168 168 168 1
168 168 168 1
168 168 168 1
168 168 168 1
168 168 168 1
168 168 265 1
168 265 265 1
265 265 102 1
265 102 168 1
102 168 168 1
168 168 168 1
168 168 265 1
168 265 168 1
265 168 168 1
168 168 265 1
168 265 168 1
265 168 265 1
168 265 168 1
265 168 168 1
168 168 168 1
168 168 168 1
168 168 168 1
168 168 168 1
168 168 168 1
168 168 168 1
168 168 168 1
168 168 265 1
168 265 168 1
265 168 168 1
168 168 168 1
168 168 168 1
168 168 265 1
168 265 168 1
265 168 168 1
168 168 265 1
168 265 168 1
265 168 168 1
168 168 168 1
168 168 168 1
168 168 168 1
168 168 168 1
168 168 168 1
168 168 265 1
168 265 265 1
265 265 168 1
265 168 265 1
168 265 168 1
265 168 265 1
168 265 168 1
265 168 168 1
168 168 265 1
168 265 168 1
265 168 168 1
168 168 168 1
168 168 168 1
168 168 168 1
168 168 168 1
168 168 265 1
168 265 265 1
265 265 168 1
265 168 265 1
168 265 168 1
265 168 168 1
168 168 168 1
168 168 265 1
168 265 168 1
265 168 168 1
168 168 168 1
168 168 168 1
168 168 168 1
168 168 265 1
168 265 168 1
265 168 265 1
168 265 265 1
265 265 265 1
265 265 265 1
265 265 265 1
265 265 168 1
265 168 168 1
168 168 168 1
168 168 265 1
168 265 168 1
265 168 265 1
168 265 265 1
265 265 168 1
265 168 265 1
168 265 102 1
265 102 265 1
102 265 265 1
265 265 168 1
265 168 168 1
168 168 168 1
168 168 102 1
168 102 102 1
102 102 168 1
102 168 168 1
168 168 168 1
168 168 168 1
168 168 168 1
168 168 168 1
168 168 168 1
168 168 168 1
168 168 168 1
168 168 168 1
168 168 168 1
168 168 168 1
168 168 168 1
168 168 168 1
168 168 168 1
168 168 168 1
168 168 168 1
168 168 168 1
168 168 168 1
168 168 168 1
168 168 168 1
168 168 168 1
168 168 168 1
168 168 265 1
168 265 168 1
265 168 168 1
168 168 168 1
168 168 168 1
168 168 168 1
168 168 265 1
168 265 168 1
265 168 265 1
168 265 265 1
265 265 102 1
265 102 168 1
102 168 102 1
168 102 168 1
102 168 265 1
168 265 168 1
265 168 168 1
168 168 168 1
168 168 168 1
168 168 265 1
168 265 168 1
265 168 102 1
168 102 168 1
102 168 168 1
168 168 168 1
168 168 168 1
168 168 168 1
168 168 168 1
168 168 168 1
168 168 168 1
168 168 168 1
168 168 168 1
168 168 168 1
168 168 168 1
168 168 168 1
168 168 265 1
168 265 168 1
265 168 168 1
168 168 102 1
168 102 168 1
102 168 168 1
168 168 168 1
168 168 168 1
168 168 265 1
168 265 168 1
265 168 168 1
168 168 265 1
168 265 168 1
265 168 265 1
168 265 168 1
265 168 265 1
168 265 168 1
265 168 265 1
168 265 168 1
265 168 168 1
168 168 102 1
168 102 168 1
102 168 168 1
168 168 168 1
168 168 168 1
168 168 168 1
168 168 168 1
168 168 168 1
168 168 168 1
168 168 168 1
168 168 168 1
168 168 102 1
168 102 168 1
102 168 168 1
168 168 168 1
168 168 168 1
168 168 168 1
168 168 168 1
168 168 168 1
168 168 168 1
168 168 265 1
168 265 168 1
265 168 168 1
168 168 168 1
168 168 168 1
168 168 265 1
168 265 168 1
265 168 265 1
168 265 168 1
265 168 168 1
168 168 168 1
168 168 168 1
168 168 265 1
168 265 168 1
265 168 168 1
168 168 265 1
168 265 265 1
265 265 168 1
265 168 265 1
168 265 168 1
265 168 168 1
168 168 168 1
168 168 168 1
168 168 168 1
168 168 168 1
168 168 265 1
168 265 265 1
265 265 168 1
265 168 168 1
168 168 168 1
168 168 168 1
168 168 265 1
168 265 168 1
265 168 168 1
168 168 265 1
168 265 168 1
265 168 265 1
168 265 265 1
265 265 265 1
265 265 168 1
265 168 168 1
168 168 168 1
168 168 168 1
168 168 265 1
168 265 265 1
265 265 102 1
265 102 265 1
102 265 168 1
265 168 168 1
168 168 265 1
168 265 168 1
265 168 265 1
168 265 265 1
265 265 168 1
265 168 102 1
168 102 168 1
102 168 168 1
168 168 168 1
168 168 168 1
168 168 168 1
168 168 168 1
168 168 168 1
168 168 168 1
168 168 168 1
168 168 168 1
168 168 265 1
168 265 168 1
265 168 168 1
168 168 168 1
168 168 168 1
168 168 168 1
168 168 168 1
168 168 265 1
168 265 265 1
265 265 265 1
265 265 168 1
265 168 168 1
168 168 168 1
168 168 168 1
168 168 265 1
168 265 168 1
265 168 102 1
168 102 102 1
102 102 265 1
102 265 265 1
265 265 265 1
265 265 168 1
265 168 168 1
168 168 168 1
168 168 168 1
168 168 168 1
168 168 102 1
168 102 168 1
102 168 168 1
168 168 168 1
168 168 168 1
168 168 168 1
168 168 168 1
168 168 168 1
168 168 168 1
168 168 265 1
168 265 265 1
265 265 102 1
265 102 168 1
102 168 168 1
168 168 168 1
168 168 168 1
168 168 168 1
168 168 168 1
168 168 265 1
168 265 168 1
265 168 168 1
168 168 168 1
168 168 168 1
168 168 168 1
168 168 168 1
168 168 168 1
168 168 102 1
168 102 168 1
102 168 168 1
168 168 168 1
168 168 168 1
168 168 168 1
168 168 168 1
168 168 265 1
168 265 168 1
265 168 168 1
168 168 265 1
168 265 265 1
265 265 265 1
265 265 265 1
265 265 102 1
265 102 265 1
102 265 168 1
265 168 265 1
168 265 265 1
265 265 168 1
265 168 265 1
168 265 265 1
265 265 168 1
265 168 265 1
168 265 102 1
265 102 265 1
102 265 168 1
265 168 168 1
168 168 168 1
168 168 168 1
168 168 265 1
168 265 265 1
265 265 168 1
265 168 265 1
168 265 168 1
265 168 168 1
168 168 168 1
168 168 102 1
168 102 102 1
102 102 265 1
102 265 168 1
265 168 168 1
168 168 168 1
168 168 168 1
168 168 168 1
168 168 168 1
168 168 168 1
168 168 265 1
168 265 168 1
265 168 168 1
168 168 168 1
168 168 168 1
168 168 168 1
168 168 168 1
168 168 168 1
168 168 168 1
168 168 168 1
168 168 168 1
168 168 265 1
168 265 168 1
265 168 168 1
168 168 168 1
168 168 168 1
168 168 168 1
168 168 265 1
168 265 168 1
265 168 102 1
168 102 168 1
102 168 168 1
168 168 265 1
168 265 168 1
265 168 168 1
168 168 265 1
168 265 265 1
265 265 168 1
265 168 168 1
168 168 265 1
168 265 102 1
265 102 168 1
102 168 168 1
168 168 168 1
168 168 168 1
168 168 168 1
168 168 168 1
168 168 265 1
168 265 265 1
265 265 265 1
265 265 265 1
265 265 168 1
265 168 168 1
168 168 265 1
168 265 265 1
265 265 168 1
265 168 168 1
168 168 168 1
168 168 168 1
168 168 168 1
168 168 168 1
168 168 168 1
168 168 168 1
168 168 168 1
168 168 265 1
168 265 265 1
265 265 168 1
265 168 168 1
168 168 168 1
168 168 265 1
168 265 168 1
265 168 168 1
168 168 168 1
168 168 102 1
168 102 265 1
102 265 265 1
265 265 168 1
265 168 168 1
168 168 168 1
168 168 168 1
168 168 168 1
168 168 168 1
168 168 168 1
168 168 168 1
168 168 102 1
168 102 265 1
102 265 168 1
265 168 265 1
168 265 265 1
265 265 265 1
265 265 265 1
265 265 168 1
265 168 168 1
168 168 168 1
168 168 168 1
168 168 168 1
168 168 168 1
168 168 168 1
168 168 168 1
168 168 265 1
168 265 265 1
265 265 168 1
265 168 102 1
168 102 265 1
102 265 265 1
265 265 265 1
265 265 168 1
265 168 168 1
168 168 265 1
168 265 168 1
265 168 265 1
168 265 168 1
265 168 168 1
168 168 168 1
168 168 265 1
168 265 168 1
265 168 168 1
168 168 168 1
168 168 168 1
168 168 265 1
168 265 265 1
265 265 265 1
265 265 168 1
265 168 265 1
168 265 265 1
265 265 168 1
265 168 168 1
168 168 168 1
168 168 168 1
168 168 168 1
168 168 102 1
168 102 168 1
102 168 168 1
168 168 168 1
168 168 168 1
168 168 168 1
168 168 168 1
168 168 168 1
168 168 168 1
168 168 168 1
168 168 168 1
168 168 168 1
168 168 168 1
168 168 168 1
168 168 168 1
168 168 265 1
168 265 168 1
265 168 168 1
168 168 265 1
168 265 168 1
265 168 168 1
168 168 168 1
168 168 265 1
168 265 265 1
265 265 168 1
265 168 168 1
168 168 168 1
168 168 265 1
168 265 168 1
265 168 168 1
168 168 265 1
168 265 265 1
265 265 168 1
265 168 168 1
168 168 265 1
168 265 168 1
265 168 265 1
168 265 168 1
265 168 265 1
168 265 265 1
265 265 168 1
265 168 168 1
168 168 265 1
168 265 265 1
265 265 168 1
265 168 168 1
168 168 168 1
168 168 168 1
168 168 168 1
168 168 168 1
168 168 168 1
168 168 168 1
168 168 168 1
168 168 168 1
168 168 168 1
168 168 168 1
168 168 168 1
168 168 168 1
168 168 168 1
168 168 168 1
168 168 168 1
168 168 265 1
168 265 265 1
265 265 168 1
265 168 102 1
168 102 168 1
102 168 265 1
168 265 265 1
265 265 168 1
265 168 168 1
168 168 168 1
168 168 168 1
168 168 168 1
168 168 168 1
168 168 168 1
168 168 168 1
168 168 168 1
168 168 168 1
168 168 265 1
168 265 265 1
265 265 265 1
265 265 168 1
265 168 168 1
168 168 265 1
168 265 168 1
265 168 168 1
168 168 168 1
168 168 168 1
168 168 265 1
168 265 168 1
265 168 168 1
168 168 168 1
168 168 168 1
168 168 168 1
168 168 265 1
168 265 168 1
265 168 265 1
168 265 265 1
265 265 265 1
265 265 265 1
265 265 168 1
265 168 265 1
168 265 265 1
265 265 265 1
265 265 168 1
265 168 168 1
168 168 168 1
168 168 168 1
168 168 265 1
168 265 168 1
265 168 168 1
168 168 168 1
168 168 265 1
168 265 102 1
265 102 265 1
102 265 265 1
265 265 168 1
265 168 265 1
168 265 168 1
265 168 265 1
168 265 168 1
265 168 168 1
168 168 168 1
168 168 168 1
168 168 168 1
168 168 168 1
168 168 265 1
168 265 168 1
265 168 168 1
168 168 265 1
168 265 168 1
265 168 102 1
168 102 265 1
102 265 168 1
265 168 168 1
168 168 265 1
168 265 168 1
265 168 168 1
168 168 168 1
168 168 265 1
168 265 168 1
265 168 265 1
168 265 265 1
265 265 102 1
265 102 265 1
102 265 265 1
265 265 265 1
265 265 168 1
265 168 168 1
168 168 168 1
168 168 168 1
168 168 168 1
168 168 168 1
168 168 265 1
168 265 265 1
265 265 265 1
265 265 168 1
265 168 168 1
168 168 168 1
168 168 168 1
168 168 265 1
168 265 168 1
265 168 265 1
168 265 168 1
265 168 168 1
168 168 168 1
168 168 265 1
168 265 168 1
265 168 168 1
168 168 265 1
168 265 168 1
265 168 265 1
168 265 168 1
265 168 102 1
168 102 168 1
102 168 265 1
168 265 265 1
265 265 265 1
265 265 265 1
265 265 168 1
265 168 168 1
168 168 168 1
168 168 168 1
168 168 168 1
168 168 265 1
168 265 168 1
265 168 168 1
168 168 168 1
168 168 265 1
168 265 168 1
265 168 168 1
168 168 168 1
168 168 168 1
168 168 265 1
168 265 265 1
265 265 168 1
265 168 168 1
168 168 168 1
168 168 265 1
168 265 265 1
265 265 265 1
265 265 168 1
265 168 168 1
168 168 265 1
168 265 168 1
265 168 265 1
168 265 168 1
265 168 168 1
168 168 168 1
168 168 168 1
168 168 168 1
168 168 265 1
168 265 102 1
265 102 168 1
102 168 265 1
168 265 168 1
265 168 265 1
168 265 265 1
265 265 168 1
265 168 168 1
168 168 102 1
168 102 168 1
102 168 265 1
168 265 265 1
265 265 168 1
265 168 265 1
168 265 265 1
265 265 265 1
265 265 265 1
265 265 265 1
265 265 265 1
265 265 265 1
265 265 265 1
265 265 168 1
265 168 265 1
168 265 265 1
265 265 265 1
265 265 265 1
265 265 265 1
265 265 168 1
265 168 168 1
168 168 168 1
168 168 168 1
168 168 168 1
168 168 265 1
168 265 168 1
265 168 265 1
168 265 265 1
265 265 265 1
265 265 168 1
265 168 168 1
168 168 168 1
168 168 168 1
168 168 168 1
168 168 265 1
168 265 102 1
265 102 168 1
102 168 168 1
168 168 265 1
168 265 265 1
265 265 168 1
265 168 168 1
168 168 168 1
168 168 168 1
168 168 265 1
168 265 168 1
265 168 168 1
168 168 168 1
168 168 168 1
168 168 168 1
168 168 265 1
168 265 265 1
265 265 168 1
265 168 168 1
168 168 168 1
168 168 265 1
168 265 168 1
265 168 265 1
168 265 168 1
265 168 168 1
168 168 168 1
168 168 265 1
168 265 168 1
265 168 168 1
168 168 265 1
168 265 168 1
265 168 168 1
168 168 168 1
168 168 168 1
168 168 265 1
168 265 168 1
265 168 168 1
168 168 168 1
168 168 102 1
168 102 168 1
102 168 168 1
168 168 265 1
168 265 168 1
265 168 265 1
168 265 168 1
265 168 265 1
168 265 168 1
265 168 168 1
168 168 265 1
168 265 265 1
265 265 168 1
265 168 168 1
168 168 168 1
168 168 265 1
168 265 168 1
265 168 168 1
168 168 102 1
168 102 168 1
102 168 168 1
168 168 168 1
168 168 168 1
168 168 265 1
168 265 168 1
new
168 168 102 1
168 102 102 1
102 102 102 1
102 102 168 1
102 168 102 1
168 102 163 1
102 163 104 1
163 104 168 1
104 168 168 1
168 168 168 1
168 168 102 1
168 102 168 1
102 168 102 1
168 102 168 1
102 168 102 1
168 102 168 1
102 168 192 1
168 192 4 1
192 4 102 1
4 102 168 1
102 168 102 1
168 102 168 1
102 168 102 1
168 102 168 1
102 168 168 1
168 168 78 1
168 78 104 1
78 104 13 1
104 13 91 1
13 91 102 1
91 102 168 1
102 168 168 1
168 168 192 1
168 192 168 1
192 168 168 1
168 168 102 1
168 102 91 1
102 91 192 1
91 192 3 1
192 3 13 1
3 13 13 1
13 13 3 1
13 3 3 1
3 3 168 1
3 168 104 1
168 104 168 1
104 168 168 1
168 168 168 1
168 168 102 1
168 102 168 1
102 168 168 1
168 168 168 1
168 168 168 1
168 168 168 1
168 168 168 1
168 168 168 1
168 168 102 1
168 102 168 1
102 168 13 1
168 13 5 1
13 5 13 1
5 13 3 1
13 3 4 1
3 4 78 1
4 78 102 1
78 102 168 1
102 168 168 1
168 168 168 1
168 168 168 1
168 168 168 1
168 168 13 1
168 13 12 1
13 12 91 1
12 91 146 1
91 146 78 1
146 78 102 1
78 102 168 1
102 168 102 1
168 102 168 1
102 168 168 1
168 168 168 1
168 168 13 1
168 13 195 1
13 195 13 1
195 13 13 1
13 13 3 1
13 3 12 1
3 12 146 1
12 146 3 1
146 3 78 1
3 78 78 1
78 78 60 1
78 60 168 1
60 168 102 1
168 102 168 1
102 168 102 1
168 102 168 1
102 168 45 1
168 45 163 1
45 163 6 1
163 6 195 1
6 195 3 1
195 3 6 1
3 6 12 1
6 12 45 1
12 45 168 1
45 168 43 1
168 43 168 1
new
5 3 5 1
3 5 5 1
5 5 162 1
5 162 5 1
162 5 91 1
5 91 192 1
91 192 6 1
192 6 3 1
6 3 5 1
3 5 3 1
5 3 91 1
3 91 3 1
91 3 91 1
3 91 5 1
91 5 5 1
5 5 5 1
5 5 197 1
5 197 5 1
197 5 5 1
5 5 91 1
5 91 3 1
91 3 5 1
3 5 5 1
5 5 6 1
5 6 6 1
6 6 6 1
6 6 5 1
6 5 3 1
5 3 5 1
3 5 91 1
5 91 192 1
91 192 5 1
192 5 3 1
5 3 3 1
3 3 5 1
3 5 5 1
5 5 192 1
5 192 3 1
192 3 6 1
3 6 5 1
6 5 5 1
5 5 5 1
5 5 6 1
5 6 5 1
6 5 5 1
5 5 91 1
5 91 5 1
91 5 91 1
5 91 5 1
91 5 5 1
5 5 3 1
5 3 6 1
3 6 3 1
6 3 3 1
3 3 5 1
3 5 5 1
5 5 91 1
5 91 3 1
91 3 192 1
3 192 5 1
192 5 5 1
5 5 5 1
5 5 91 1
5 91 5 1
91 5 3 1
5 3 5 1
3 5 91 1
5 91 3 1
91 3 5 1
3 5 162 1
5 162 3 1
162 3 5 1
3 5 91 1
5 91 3 1
91 3 5 1
3 5 5 1
5 5 3 1
5 3 5 1
3 5 5 1
5 5 91 1
5 91 5 1
91 5 5 1
5 5 3 1
5 3 3 1
3 3 5 1
3 5 197 1
5 197 5 1
197 5 5 1
5 5 5 1
5 5 5 1
5 5 5 1
5 5 91 1
5 91 3 1
91 3 3 1
3 3 5 1
3 5 5 1
5 5 3 1
5 3 6 1
3 6 5 1
6 5 91 1
5 91 5 1
91 5 197 1
5 197 5 1
197 5 3 1
5 3 5 1
3 5 192 1
5 192 5 1
192 5 5 1
5 5 6 1
5 6 3 1
6 3 5 1
3 5 5 1
5 5 91 1
5 91 3 1
91 3 6 1
3 6 6 1
6 6 5 1
6 5 5 1
5 5 91 1
5 91 5 1
91 5 5 1
5 5 91 1
5 91 91 1
91 91 5 1
91 5 3 1
5 3 91 1
3 91 3 1
91 3 5 1
3 5 5 1
5 5 192 1
5 192 3 1
192 3 3 1
3 3 5 1
3 5 3 1
5 3 5 1
3 5 5 1
5 5 5 1
5 5 91 1
5 91 3 1
91 3 3 1
3 3 5 1
3 5 5 1
5 5 3 1
5 3 5 1
3 5 3 1
5 3 3 1
3 3 5 1
3 5 5 1
5 5 5 1
5 5 5 1
5 5 5 1
5 5 5 1
5 5 91 1
5 91 5 1
91 5 3 1
5 3 5 1
3 5 5 1
5 5 5 1
5 5 6 1
5 6 5 1
6 5 3 1
5 3 5 1
3 5 3 1
5 3 3 1
3 3 3 1
3 3 5 1
3 5 5 1
5 5 3 1
5 3 5 1
3 5 3 1
5 3 3 1
3 3 192 1
3 192 192 1
192 192 162 1
192 162 5 1
162 5 91 1
5 91 3 1
91 3 5 1
3 5 91 1
5 91 91 1
91 91 5 1
91 5 5 1
5 5 5 1
5 5 5 1
5 5 5 1
5 5 192 1
5 192 5 1
192 5 197 1
5 197 5 1
197 5 192 1
5 192 192 1
192 192 3 1
192 3 6 1
3 6 91 1
6 91 5 1
91 5 5 1
5 5 91 1
5 91 3 1
91 3 5 1
3 5 5 1
5 5 91 1
5 91 3 1
91 3 192 1
3 192 5 1
192 5 5 1
5 5 5 1
5 5 3 1
5 3 5 1
3 5 3 1
5 3 3 1
3 3 6 1
3 6 197 1
6 197 3 1
197 3 197 1
3 197 3 1
197 3 6 1
3 6 3 1
6 3 5 1
3 5 91 1
5 91 5 1
91 5 6 1
5 6 91 1
6 91 5 1
91 5 197 1
5 197 5 1
197 5 3 1
5 3 5 1
3 5 5 1
5 5 5 1
5 5 197 1
5 197 5 1
197 5 5 1
5 5 5 1
5 5 3 1
5 3 197 1
3 197 78 1
197 78 5 1
78 5 3 1
5 3 5 1
3 5 91 1
5 91 5 1
91 5 91 1
5 91 3 1
91 3 3 1
3 3 5 1
3 5 91 1
5 91 5 1
91 5 3 1
5 3 91 1
3 91 3 1
91 3 3 1
3 3 5 1
3 5 5 1
5 5 192 1
5 192 3 1
192 3 5 1
3 5 5 1
5 5 5 1
5 5 5 1
5 5 162 1
5 162 91 1
162 91 5 1
91 5 197 1
5 197 5 1
197 5 192 1
5 192 5 1
192 5 5 1
5 5 5 1
5 5 162 1
5 162 3 1
162 3 3 1
3 3 5 1
3 5 3 1
5 3 5 1
3 5 5 1
5 5 5 1
5 5 3 1
5 3 5 1
3 5 5 1
5 5 197 1
5 197 197 1
197 197 6 1
197 6 162 1
6 162 5 1
162 5 91 1
5 91 3 1
91 3 5 1
3 5 5 1
5 5 91 1
5 91 5 1
91 5 91 1
5 91 6 1
91 6 5 1
6 5 5 1
5 5 5 1
5 5 91 1
5 91 3 1
91 3 78 1
3 78 5 1
78 5 91 1
5 91 5 1
91 5 6 1
5 6 6 1
6 6 6 1
6 6 5 1
6 5 5 1
5 5 3 1
5 3 5 1
3 5 3 1
5 3 5 1
3 5 3 1
5 3 5 1
3 5 3 1
5 3 6 1
new
13 13 240 1
13 240 240 1
240 240 240 1
240 240 78 1
240 78 240 1
78 240 78 1
240 78 4 1
78 4 13 1
4 13 13 1
13 13 13 1
13 13 265 1
13 265 240 1
265 240 13 1
240 13 13 1
13 13 240 1
13 240 78 1
240 78 240 1
78 240 240 1
240 240 240 1
240 240 240 1
240 240 78 1
240 78 4 1
78 4 240 1
4 240 4 1
240 4 4 1
4 4 240 1
4 240 4 1
240 4 13 1
4 13 4 1
13 4 4 1
4 4 78 1
4 78 240 1
78 240 78 1
240 78 4 1
78 4 240 1
4 240 4 1
240 4 78 1
4 78 13 1
78 13 4 1
13 4 4 1
4 4 4 1
4 4 4 1
4 4 4 1
4 4 240 1
4 240 78 1
240 78 13 1
78 13 13 1
13 13 13 1
13 13 4 1
13 4 4 1
4 4 13 1
4 13 4 1
13 4 78 1
4 78 4 1
78 4 4 1
4 4 4 1
4 4 4 1
4 4 4 1
4 4 240 1
4 240 240 1
240 240 240 1
240 240 13 1
240 13 78 1
13 78 240 1
78 240 78 1
240 78 13 1
78 13 4 1
13 4 240 1
4 240 13 1
240 13 78 1
13 78 4 1
78 4 4 1
4 4 4 1
4 4 13 1
4 13 240 1
13 240 13 1
240 13 13 1
13 13 13 1
13 13 4 1
13 4 4 1
4 4 4 1
4 4 4 1
4 4 4 1
4 4 13 1
4 13 4 1
13 4 4 1
4 4 4 1
4 4 13 1
4 13 240 1
13 240 240 1
240 240 78 1
240 78 4 1
78 4 13 1
4 13 13 1
13 13 13 1
13 13 240 1
13 240 13 1
240 13 4 1
13 4 78 1
4 78 4 1
78 4 13 1
4 13 4 1
13 4 4 1
4 4 13 1
4 13 13 1
13 13 4 1
13 4 4 1
4 4 78 1
4 78 4 1
78 4 4 1
4 4 4 1
4 4 13 1
4 13 4 1
13 4 240 1
4 240 78 1
240 78 265 1
78 265 240 1
265 240 13 1
240 13 4 1
13 4 78 1
4 78 13 1
78 13 4 1
13 4 4 1
4 4 13 1
4 13 240 1
13 240 4 1
240 4 240 1
4 240 78 1
240 78 13 1
78 13 240 1
13 240 240 1
240 240 4 1
240 4 4 1
4 4 4 1
4 4 240 1
4 240 4 1
240 4 4 1
4 4 4 1
4 4 78 1
new
