175 174 174 174 57 1
174 174 174 57 175 1
174 174 57 175 54 1
174 57 175 54 175 1
57 175 54 175 6 1
175 54 175 6 3 1
54 175 6 3 6 1
175 6 3 6 174 1
6 3 6 174 174 1
3 6 174 174 174 1
6 174 174 174 174 1
174 174 174 174 174 1
174 174 174 174 174 1
174 174 174 174 174 1
174 174 174 174 174 1
174 174 174 174 174 1
174 174 174 174 174 1
174 174 174 174 174 1
174 174 174 174 174 1
174 174 174 174 174 1
174 174 174 174 174 1
174 174 174 174 174 1
174 174 174 174 174 1
174 174 174 174 174 1
174 174 174 174 174 1
174 174 174 174 174 1
174 174 174 174 11 1
174 174 174 11 45 1
174 174 11 45 33 1
174 11 45 33 192 1
11 45 33 192 33 1
45 33 192 33 5 1
33 192 33 5 197 1
192 33 5 197 192 1
33 5 197 192 6 1
5 197 192 6 33 1
197 192 6 33 5 1
192 6 33 5 3 1
6 33 5 3 197 1
33 5 3 197 192 1
5 3 197 192 192 1
3 197 192 192 6 1
197 192 192 6 33 1
192 192 6 33 5 1
192 6 33 5 3 1
6 33 5 3 197 1
33 5 3 197 192 1
5 3 197 192 192 1
3 197 192 192 6 1
197 192 192 6 33 1
192 192 6 33 5 1
192 6 33 5 3 1
6 33 5 3 197 1
33 5 3 197 192 1
5 3 197 192 192 1
3 197 192 192 192 1
197 192 192 192 6 1
192 192 192 6 33 1
192 192 6 33 5 1
192 6 33 5 3 1
6 33 5 3 197 1
33 5 3 197 192 1
5 3 197 192 192 1
3 197 192 192 192 1
197 192 192 192 6 1
192 192 192 6 33 1
192 192 6 33 5 1
192 6 33 5 3 1
6 33 5 3 197 1
33 5 3 197 192 1
5 3 197 192 192 1
3 197 192 192 6 1
197 192 192 6 33 1
192 192 6 33 5 1
192 6 33 5 3 1
6 33 5 3 197 1
33 5 3 197 192 1
5 3 197 192 192 1
3 197 192 192 192 1
197 192 192 192 6 1
192 192 192 6 33 1
192 192 6 33 5 1
192 6 33 5 3 1
6 33 5 3 197 1
33 5 3 197 192 1
5 3 197 192 192 1
3 197 192 192 6 1
197 192 192 6 192 1
192 192 6 192 192 1
192 6 192 192 243 1
6 192 192 243 125 1
192 192 243 125 125 1
192 243 125 125 125 1
243 125 125 125 125 1
125 125 125 125 125 1
125 125 125 125 125 1
125 125 125 125 125 1
125 125 125 125 125 1
125 125 125 125 125 1
125 125 125 125 91 1
125 125 125 91 258 1
125 125 91 258 311 1
125 91 258 311 240 1
91 258 311 240 240 1
258 311 240 240 174 1
311 240 240 174 174 1
240 240 174 174 175 1
240 174 174 175 191 1
174 174 175 191 122 1
new
192 6 192 192 5 1
6 192 192 5 192 1
192 192 5 192 125 1
192 5 192 125 125 1
5 192 125 125 125 1
192 125 125 125 258 1
125 125 125 258 192 1
125 125 258 192 5 1
125 258 192 5 5 1
258 192 5 5 5 1
192 5 5 5 195 1
5 5 5 195 206 1
5 5 195 206 60 1
5 195 206 60 60 1
195 206 60 60 12 1
206 60 60 12 174 1
60 60 12 174 6 1
60 12 174 6 41 1
12 174 6 41 41 1
174 6 41 41 3 1
6 41 41 3 5 1
41 41 3 5 91 1
41 3 5 91 102 1
3 5 91 102 5 1
5 91 102 5 3 1
91 102 5 3 192 1
102 5 3 192 125 1
5 3 192 125 3 1
3 192 125 3 192 1
192 125 3 192 91 1
125 3 192 91 33 1
3 192 91 33 142 1
192 91 33 142 3 1
91 33 142 3 142 1
33 142 3 142 3 1
142 3 142 3 196 1
3 142 3 196 196 1
142 3 196 196 102 1
3 196 196 102 221 1
196 196 102 221 221 1
196 102 221 221 221 1
102 221 221 221 13 1
221 221 221 13 142 1
221 221 13 142 4 1
221 13 142 4 4 1
13 142 4 4 13 1
142 4 4 13 33 1
4 4 13 33 102 1
4 13 33 102 13 1
13 33 102 13 4 1
33 102 13 4 102 1
102 13 4 102 5 1
13 4 102 5 140 1
4 102 5 140 197 1
102 5 140 197 192 1
5 140 197 192 140 1
140 197 192 140 91 1
197 192 140 91 6 1
192 140 91 6 5 1
140 91 6 5 140 1
91 6 5 140 197 1
6 5 140 197 192 1
5 140 197 192 140 1
140 197 192 140 91 1
197 192 140 91 6 1
192 140 91 6 33 1
140 91 6 33 5 1
91 6 33 5 140 1
6 33 5 140 27 1
33 5 140 27 174 1
5 140 27 174 27 1
140 27 174 27 221 1
27 174 27 221 3 1
174 27 221 3 3 1
27 221 3 3 3 1
221 3 3 3 3 1
3 3 3 3 3 1
3 3 3 3 3 1
3 3 3 3 3 1
3 3 3 3 3 1
3 3 3 3 3 1
3 3 3 3 3 1
3 3 3 3 3 1
3 3 3 3 3 1
3 3 3 3 221 1
3 3 3 221 27 1
3 3 221 27 174 1
3 221 27 174 27 1
221 27 174 27 6 1
27 174 27 6 199 1
174 27 6 199 201 1
27 6 199 201 5 1
6 199 201 5 13 1
199 201 5 13 102 1
201 5 13 102 102 1
5 13 102 102 102 1
13 102 102 102 13 1
102 102 102 13 102 1
102 102 13 102 5 1
102 13 102 5 140 1
13 102 5 140 197 1
102 5 140 197 91 1
5 140 197 91 142 1
140 197 91 142 102 1
197 91 142 102 6 1
91 142 102 6 3 1
142 102 6 3 3 1
102 6 3 3 13 1
6 3 3 13 199 1
3 3 13 199 5 1
3 13 199 5 140 1
13 199 5 140 197 1
199 5 140 197 192 1
5 140 197 192 140 1
140 197 192 140 91 1
197 192 140 91 6 1
192 140 91 6 5 1
140 91 6 5 142 1
91 6 5 142 4 1
6 5 142 4 33 1
5 142 4 33 5 1
142 4 33 5 140 1
4 33 5 140 27 1
33 5 140 27 174 1
5 140 27 174 27 1
140 27 174 27 221 1
27 174 27 221 3 1
174 27 221 3 3 1
27 221 3 3 3 1
221 3 3 3 3 1
3 3 3 3 3 1
3 3 3 3 3 1
3 3 3 3 4 1
new
162 162 162 162 162 1
162 162 162 162 114 1
162 162 162 114 162 1
162 162 114 162 114 1
162 114 162 114 114 1
114 162 114 114 162 1
162 114 114 162 114 1
114 114 162 114 114 1
114 162 114 114 114 1
162 114 114 114 114 1
114 114 114 114 114 1
114 114 114 114 162 1
114 114 114 162 162 1
114 114 162 162 162 1
114 162 162 162 162 1
162 162 162 162 162 1
162 162 162 162 114 1
162 162 162 114 162 1
162 162 114 162 114 1
162 114 162 114 162 1
114 162 114 162 162 1
162 114 162 162 114 1
114 162 162 114 162 1
162 162 114 162 162 1
162 114 162 162 162 1
114 162 162 162 162 1
162 162 162 162 162 1
162 162 162 162 162 1
162 162 162 162 162 1
162 162 162 162 162 1
162 162 162 162 114 1
162 162 162 114 162 1
162 162 114 162 114 1
162 114 162 114 162 1
114 162 114 162 162 1
162 114 162 162 114 1
114 162 162 114 162 1
162 162 114 162 162 1
162 114 162 162 114 1
114 162 162 114 162 1
162 162 114 162 162 1
162 114 162 162 162 1
114 162 162 162 162 1
162 162 162 162 162 1
162 162 162 162 162 1
162 162 162 162 162 1
162 162 162 162 162 1
162 162 162 162 162 1
162 162 162 162 162 1
162 162 162 162 162 1
162 162 162 162 114 1
162 162 162 114 162 1
162 162 114 162 162 1
162 114 162 162 162 1
114 162 162 162 162 1
162 162 162 162 162 1
162 162 162 162 162 1
162 162 162 162 162 1
162 162 162 162 162 1
162 162 162 162 162 1
162 162 162 162 162 1
162 162 162 162 162 1
162 162 162 162 114 1
162 162 162 114 162 1
162 162 114 162 114 1
162 114 162 114 162 1
114 162 114 162 114 1
162 114 162 114 162 1
114 162 114 162 162 1
162 114 162 162 162 1
114 162 162 162 162 1
162 162 162 162 162 1
162 162 162 162 162 1
162 162 162 162 162 1
162 162 162 162 162 1
162 162 162 162 162 1
162 162 162 162 114 1
162 162 162 114 162 1
162 162 114 162 114 1
162 114 162 114 162 1
114 162 114 162 162 1
162 114 162 162 162 1
114 162 162 162 162 1
162 162 162 162 162 1
162 162 162 162 162 1
162 162 162 162 114 1
162 162 162 114 114 1
162 162 114 114 162 1
162 114 114 162 162 1
114 114 162 162 162 1
114 162 162 162 162 1
162 162 162 162 162 1
162 162 162 162 114 1
162 162 162 114 162 1
162 162 114 162 162 1
162 114 162 162 162 1
114 162 162 162 162 1
162 162 162 162 162 1
162 162 162 162 114 1
162 162 162 114 162 1
162 162 114 162 162 1
162 114 162 162 162 1
114 162 162 162 162 1
162 162 162 162 162 1
162 162 162 162 162 1
162 162 162 162 162 1
162 162 162 162 162 1
162 162 162 162 162 1
162 162 162 162 114 1
162 162 162 114 162 1
162 162 114 162 162 1
162 114 162 162 162 1
114 162 162 162 114 1
162 162 162 114 162 1
162 162 114 162 162 1
162 114 162 162 162 1
114 162 162 162 162 1
162 162 162 162 162 1
162 162 162 162 114 1
162 162 162 114 114 1
162 162 114 114 162 1
162 114 114 162 162 1
114 114 162 162 162 1
114 162 162 162 162 1
162 162 162 162 162 1
162 162 162 162 162 1
162 162 162 162 162 1
162 162 162 162 162 1
162 162 162 162 162 1
162 162 162 162 162 1
162 162 162 162 162 1
162 162 162 162 162 1
162 162 162 162 162 1
162 162 162 162 162 1
162 162 162 162 114 1
162 162 162 114 114 1
162 162 114 114 114 1
162 114 114 114 162 1
114 114 114 162 114 1
114 114 162 114 162 1
114 162 114 162 162 1
162 114 162 162 114 1
114 162 162 114 162 1
162 162 114 162 162 1
162 114 162 162 162 1
114 162 162 162 162 1
162 162 162 162 162 1
162 162 162 162 162 1
162 162 162 162 162 1
162 162 162 162 162 1
162 162 162 162 114 1
162 162 162 114 162 1
162 162 114 162 162 1
162 114 162 162 162 1
114 162 162 162 162 1
162 162 162 162 114 1
162 162 162 114 162 1
162 162 114 162 114 1
162 114 162 114 162 1
114 162 114 162 162 1
162 114 162 162 114 1
114 162 162 114 162 1
162 162 114 162 162 1
162 114 162 162 114 1
114 162 162 114 162 1
162 162 114 162 162 1
162 114 162 162 162 1
114 162 162 162 114 1
162 162 162 114 162 1
162 162 114 162 114 1
162 114 162 114 162 1
114 162 114 162 114 1
162 114 162 114 162 1
114 162 114 162 162 1
162 114 162 162 162 1
114 162 162 162 114 1
162 162 162 114 162 1
162 162 114 162 114 1
162 114 162 114 114 1
114 162 114 114 162 1
162 114 114 162 162 1
114 114 162 162 114 1
114 162 162 114 162 1
162 162 114 162 162 1
162 114 162 162 162 1
114 162 162 162 162 1
162 162 162 162 162 1
162 162 162 162 162 1
162 162 162 162 162 1
162 162 162 162 162 1
162 162 162 162 162 1
162 162 162 162 162 1
162 162 162 162 162 1
162 162 162 162 114 1
162 162 162 114 162 1
162 162 114 162 162 1
162 114 162 162 162 1
114 162 162 162 162 1
162 162 162 162 162 1
162 162 162 162 162 1
162 162 162 162 162 1
162 162 162 162 114 1
162 162 162 114 162 1
162 162 114 162 162 1
162 114 162 162 162 1
114 162 162 162 162 1
162 162 162 162 114 1
162 162 162 114 162 1
162 162 114 162 162 1
162 114 162 162 162 1
114 162 162 162 162 1
162 162 162 162 162 1
162 162 162 162 162 1
162 162 162 162 162 1
162 162 162 162 162 1
162 162 162 162 162 1
162 162 162 162 114 1
162 162 162 114 162 1
162 162 114 162 162 1
162 114 162 162 162 1
114 162 162 162 162 1
162 162 162 162 162 1
162 162 162 162 162 1
162 162 162 162 162 1
162 162 162 162 162 1
162 162 162 162 162 1
162 162 162 162 162 1
162 162 162 162 162 1
162 162 162 162 114 1
162 162 162 114 162 1
162 162 114 162 162 1
162 114 162 162 162 1
114 162 162 162 162 1
162 162 162 162 162 1
162 162 162 162 162 1
162 162 162 162 162 1
162 162 162 162 114 1
162 162 162 114 162 1
162 162 114 162 162 1
162 114 162 162 114 1
114 162 162 114 162 1
162 162 114 162 162 1
162 114 162 162 114 1
114 162 162 114 162 1
162 162 114 162 162 1
162 114 162 162 114 1
114 162 162 114 162 1
162 162 114 162 162 1
162 114 162 162 162 1
114 162 162 162 114 1
162 162 162 114 114 1
162 162 114 114 162 1
162 114 114 162 162 1
114 114 162 162 114 1
114 162 162 114 162 1
162 162 114 162 162 1
162 114 162 162 162 1
114 162 162 162 162 1
162 162 162 162 114 1
162 162 162 114 162 1
162 162 114 162 162 1
162 114 162 162 162 1
114 162 162 162 162 1
162 162 162 162 114 1
162 162 162 114 162 1
162 162 114 162 162 1
162 114 162 162 162 1
114 162 162 162 114 1
162 162 162 114 162 1
162 162 114 162 114 1
162 114 162 114 162 1
114 162 114 162 162 1
162 114 162 162 162 1
114 162 162 162 114 1
162 162 162 114 114 1
162 162 114 114 162 1
162 114 114 162 162 1
114 114 162 162 162 1
114 162 162 162 114 1
162 162 162 114 162 1
162 162 114 162 114 1
162 114 162 114 162 1
114 162 114 162 162 1
162 114 162 162 162 1
114 162 162 162 162 1
162 162 162 162 162 1
162 162 162 162 162 1
162 162 162 162 162 1
162 162 162 162 162 1
162 162 162 162 162 1
162 162 162 162 162 1
162 162 162 162 162 1
162 162 162 162 162 1
162 162 162 162 162 1
162 162 162 162 114 1
162 162 162 114 162 1
162 162 114 162 162 1
162 114 162 162 114 1
114 162 162 114 162 1
162 162 114 162 162 1
162 114 162 162 162 1
114 162 162 162 114 1
162 162 162 114 162 1
162 162 114 162 162 1
162 114 162 162 162 1
114 162 162 162 162 1
162 162 162 162 162 1
162 162 162 162 162 1
162 162 162 162 162 1
162 162 162 162 162 1
162 162 162 162 162 1
162 162 162 162 162 1
162 162 162 162 162 1
162 162 162 162 162 1
162 162 162 162 162 1
162 162 162 162 162 1
162 162 162 162 162 1
162 162 162 162 162 1
162 162 162 162 162 1
162 162 162 162 162 1
162 162 162 162 162 1
162 162 162 162 162 1
162 162 162 162 162 1
162 162 162 162 162 1
162 162 162 162 162 1
162 162 162 162 114 1
162 162 162 114 114 1
162 162 114 114 162 1
162 114 114 162 162 1
114 114 162 162 162 1
114 162 162 162 162 1
162 162 162 162 162 1
162 162 162 162 162 1
162 162 162 162 114 1
162 162 162 114 162 1
162 162 114 162 162 1
162 114 162 162 162 1
114 162 162 162 162 1
162 162 162 162 162 1
162 162 162 162 162 1
162 162 162 162 114 1
162 162 162 114 162 1
162 162 114 162 114 1
162 114 162 114 162 1
114 162 114 162 162 1
162 114 162 162 162 1
114 162 162 162 162 1
162 162 162 162 162 1
162 162 162 162 162 1
162 162 162 162 114 1
162 162 162 114 162 1
162 162 114 162 162 1
162 114 162 162 162 1
114 162 162 162 162 1
162 162 162 162 162 1
162 162 162 162 162 1
162 162 162 162 162 1
162 162 162 162 162 1
162 162 162 162 162 1
162 162 162 162 162 1
162 162 162 162 162 1
162 162 162 162 162 1
162 162 162 162 162 1
162 162 162 162 162 1
162 162 162 162 162 1
162 162 162 162 162 1
162 162 162 162 162 1
162 162 162 162 162 1
162 162 162 162 162 1
162 162 162 162 114 1
162 162 162 114 162 1
162 162 114 162 162 1
162 114 162 162 162 1
114 162 162 162 162 1
162 162 162 162 162 1
162 162 162 162 162 1
162 162 162 162 114 1
162 162 162 114 114 1
162 162 114 114 162 1
162 114 114 162 162 1
114 114 162 162 114 1
114 162 162 114 162 1
162 162 114 162 114 1
162 114 162 114 162 1
114 162 114 162 162 1
162 114 162 162 162 1
114 162 162 162 162 1
162 162 162 162 162 1
162 162 162 162 162 1
162 162 162 162 162 1
162 162 162 162 162 1
162 162 162 162 162 1
162 162 162 162 162 1
162 162 162 162 162 1
162 162 162 162 114 1
162 162 162 114 162 1
162 162 114 162 162 1
162 114 162 162 162 1
114 162 162 162 162 1
162 162 162 162 162 1
162 162 162 162 162 1
162 162 162 162 162 1
162 162 162 162 162 1
162 162 162 162 162 1
162 162 162 162 162 1
162 162 162 162 162 1
162 162 162 162 162 1
162 162 162 162 162 1
162 162 162 162 114 1
162 162 162 114 114 1
162 162 114 114 162 1
162 114 114 162 162 1
114 114 162 162 162 1
114 162 162 162 162 1
162 162 162 162 162 1
162 162 162 162 162 1
162 162 162 162 114 1
162 162 162 114 162 1
162 162 114 162 162 1
162 114 162 162 162 1
114 162 162 162 162 1
162 162 162 162 114 1
162 162 162 114 162 1
162 162 114 162 162 1
162 114 162 162 162 1
114 162 162 162 162 1
162 162 162 162 162 1
162 162 162 162 162 1
162 162 162 162 162 1
162 162 162 162 114 1
162 162 162 114 114 1
162 162 114 114 162 1
162 114 114 162 162 1
114 114 162 162 162 1
114 162 162 162 114 1
162 162 162 114 162 1
162 162 114 162 114 1
162 114 162 114 162 1
114 162 114 162 114 1
162 114 162 114 162 1
114 162 114 162 114 1
162 114 162 114 162 1
114 162 114 162 114 1
new
114 114 162 162 162 1
114 162 162 162 162 1
162 162 162 162 162 1
162 162 162 162 162 1
162 162 162 162 162 1
162 162 162 162 162 1
162 162 162 162 162 1
162 162 162 162 162 1
162 162 162 162 162 1
162 162 162 162 162 1
162 162 162 162 162 1
162 162 162 162 114 1
162 162 162 114 162 1
162 162 114 162 162 1
162 114 162 162 162 1
114 162 162 162 114 1
162 162 162 114 162 1
162 162 114 162 114 1
162 114 162 114 162 1
114 162 114 162 162 1
162 114 162 162 162 1
114 162 162 162 114 1
162 162 162 114 114 1
162 162 114 114 162 1
162 114 114 162 162 1
114 114 162 162 162 1
114 162 162 162 162 1
162 162 162 162 162 1
162 162 162 162 162 1
162 162 162 162 162 1
162 162 162 162 162 1
162 162 162 162 114 1
162 162 162 114 114 1
162 162 114 114 162 1
162 114 114 162 162 1
114 114 162 162 162 1
114 162 162 162 162 1
162 162 162 162 114 1
162 162 162 114 162 1
162 162 114 162 162 1
162 114 162 162 162 1
114 162 162 162 162 1
162 162 162 162 162 1
162 162 162 162 162 1
162 162 162 162 162 1
162 162 162 162 114 1
162 162 162 114 162 1
162 162 114 162 162 1
162 114 162 162 114 1
114 162 162 114 162 1
162 162 114 162 162 1
162 114 162 162 162 1
114 162 162 162 162 1
162 162 162 162 162 1
162 162 162 162 162 1
162 162 162 162 162 1
162 162 162 162 162 1
162 162 162 162 114 1
162 162 162 114 162 1
162 162 114 162 162 1
162 114 162 162 162 1
114 162 162 162 162 1
162 162 162 162 162 1
162 162 162 162 162 1
162 162 162 162 162 1
162 162 162 162 162 1
162 162 162 162 162 1
162 162 162 162 162 1
162 162 162 162 114 1
162 162 162 114 162 1
162 162 114 162 162 1
162 114 162 162 162 1
114 162 162 162 162 1
162 162 162 162 162 1
162 162 162 162 114 1
162 162 162 114 162 1
162 162 114 162 162 1
162 114 162 162 114 1
114 162 162 114 162 1
162 162 114 162 114 1
162 114 162 114 162 1
114 162 114 162 162 1
162 114 162 162 114 1
114 162 162 114 162 1
162 162 114 162 162 1
162 114 162 162 162 1
114 162 162 162 114 1
162 162 162 114 162 1
162 162 114 162 162 1
162 114 162 162 162 1
114 162 162 162 114 1
162 162 162 114 162 1
162 162 114 162 162 1
162 114 162 162 162 1
114 162 162 162 162 1
162 162 162 162 162 1
162 162 162 162 162 1
162 162 162 162 114 1
162 162 162 114 114 1
162 162 114 114 114 1
162 114 114 114 162 1
114 114 114 162 162 1
114 114 162 162 162 1
114 162 162 162 162 1
162 162 162 162 162 1
162 162 162 162 162 1
162 162 162 162 162 1
162 162 162 162 162 1
162 162 162 162 114 1
162 162 162 114 162 1
162 162 114 162 162 1
162 114 162 162 162 1
114 162 162 162 162 1
162 162 162 162 162 1
162 162 162 162 162 1
162 162 162 162 162 1
162 162 162 162 162 1
162 162 162 162 114 1
162 162 162 114 162 1
162 162 114 162 162 1
162 114 162 162 114 1
114 162 162 114 162 1
162 162 114 162 114 1
162 114 162 114 162 1
114 162 114 162 114 1
162 114 162 114 162 1
114 162 114 162 162 1
162 114 162 162 114 1
114 162 162 114 114 1
162 162 114 114 114 1
162 114 114 114 162 1
114 114 114 162 162 1
114 114 162 162 114 1
114 162 162 114 114 1
162 162 114 114 162 1
162 114 114 162 162 1
114 114 162 162 114 1
114 162 162 114 162 1
162 162 114 162 162 1
162 114 162 162 162 1
114 162 162 162 162 1
162 162 162 162 162 1
162 162 162 162 114 1
162 162 162 114 162 1
162 162 114 162 114 1
162 114 162 114 162 1
114 162 114 162 162 1
162 114 162 162 162 1
114 162 162 162 162 1
162 162 162 162 162 1
162 162 162 162 162 1
162 162 162 162 114 1
162 162 162 114 114 1
162 162 114 114 162 1
162 114 114 162 162 1
114 114 162 162 162 1
114 162 162 162 162 1
162 162 162 162 162 1
162 162 162 162 162 1
162 162 162 162 162 1
162 162 162 162 162 1
162 162 162 162 114 1
162 162 162 114 114 1
162 162 114 114 162 1
162 114 114 162 162 1
114 114 162 162 162 1
114 162 162 162 114 1
162 162 162 114 162 1
162 162 114 162 162 1
162 114 162 162 162 1
114 162 162 162 162 1
162 162 162 162 162 1
162 162 162 162 114 1
162 162 162 114 162 1
162 162 114 162 114 1
162 114 162 114 162 1
114 162 114 162 114 1
162 114 162 114 114 1
114 162 114 114 114 1
162 114 114 114 114 1
114 114 114 114 162 1
114 114 114 162 162 1
114 114 162 162 162 1
114 162 162 162 162 1
162 162 162 162 162 1
162 162 162 162 114 1
162 162 162 114 162 1
162 162 114 162 162 1
162 114 162 162 114 1
114 162 162 114 162 1
162 162 114 162 162 1
162 114 162 162 162 1
114 162 162 162 162 1
162 162 162 162 162 1
162 162 162 162 162 1
162 162 162 162 162 1
162 162 162 162 114 1
162 162 162 114 114 1
162 162 114 114 114 1
162 114 114 114 114 1
114 114 114 114 114 1
114 114 114 114 114 1
114 114 114 114 114 1
114 114 114 114 162 1
114 114 114 162 162 1
114 114 162 162 162 1
114 162 162 162 162 1
162 162 162 162 162 1
162 162 162 162 162 1
162 162 162 162 114 1
162 162 162 114 114 1
162 162 114 114 162 1
162 114 114 162 162 1
114 114 162 162 162 1
114 162 162 162 162 1
162 162 162 162 162 1
162 162 162 162 162 1
162 162 162 162 114 1
162 162 162 114 162 1
162 162 114 162 162 1
162 114 162 162 162 1
114 162 162 162 114 1
162 162 162 114 162 1
162 162 114 162 162 1
162 114 162 162 162 1
114 162 162 162 162 1
162 162 162 162 162 1
162 162 162 162 114 1
162 162 162 114 162 1
162 162 114 162 162 1
162 114 162 162 162 1
114 162 162 162 162 1
162 162 162 162 162 1
162 162 162 162 114 1
162 162 162 114 114 1
162 162 114 114 114 1
162 114 114 114 114 1
114 114 114 114 162 1
114 114 114 162 162 1
114 114 162 162 162 1
114 162 162 162 114 1
162 162 162 114 162 1
162 162 114 162 162 1
162 114 162 162 162 1
114 162 162 162 114 1
162 162 162 114 162 1
162 162 114 162 114 1
162 114 162 114 162 1
114 162 114 162 162 1
162 114 162 162 162 1
114 162 162 162 162 1
162 162 162 162 162 1
162 162 162 162 162 1
162 162 162 162 162 1
162 162 162 162 114 1
162 162 162 114 162 1
162 162 114 162 162 1
162 114 162 162 114 1
114 162 162 114 162 1
162 162 114 162 162 1
162 114 162 162 162 1
114 162 162 162 162 1
162 162 162 162 114 1
162 162 162 114 162 1
162 162 114 162 162 1
162 114 162 162 114 1
114 162 162 114 162 1
162 162 114 162 114 1
162 114 162 114 162 1
114 162 114 162 162 1
162 114 162 162 162 1
114 162 162 162 162 1
162 162 162 162 114 1
162 162 162 114 114 1
162 162 114 114 114 1
162 114 114 114 162 1
114 114 114 162 162 1
114 114 162 162 114 1
114 162 162 114 162 1
162 162 114 162 162 1
162 114 162 162 162 1
114 162 162 162 162 1
162 162 162 162 162 1
162 162 162 162 162 1
162 162 162 162 162 1
162 162 162 162 162 1
162 162 162 162 114 1
162 162 162 114 162 1
162 162 114 162 114 1
162 114 162 114 162 1
114 162 114 162 162 1
162 114 162 162 162 1
114 162 162 162 162 1
162 162 162 162 114 1
162 162 162 114 162 1
162 162 114 162 162 1
162 114 162 162 162 1
114 162 162 162 162 1
162 162 162 162 162 1
162 162 162 162 162 1
162 162 162 162 162 1
162 162 162 162 162 1
162 162 162 162 162 1
162 162 162 162 162 1
162 162 162 162 162 1
162 162 162 162 114 1
162 162 162 114 162 1
162 162 114 162 162 1
162 114 162 162 162 1
114 162 162 162 162 1
162 162 162 162 162 1
162 162 162 162 162 1
162 162 162 162 162 1
162 162 162 162 162 1
162 162 162 162 114 1
162 162 162 114 114 1
162 162 114 114 114 1
162 114 114 114 162 1
114 114 114 162 114 1
114 114 162 114 162 1
114 162 114 162 114 1
162 114 162 114 114 1
114 162 114 114 162 1
162 114 114 162 162 1
114 114 162 162 162 1
114 162 162 162 114 1
162 162 162 114 162 1
162 162 114 162 162 1
162 114 162 162 162 1
114 162 162 162 162 1
162 162 162 162 162 1
162 162 162 162 162 1
162 162 162 162 162 1
162 162 162 162 162 1
162 162 162 162 162 1
162 162 162 162 162 1
162 162 162 162 162 1
162 162 162 162 162 1
162 162 162 162 162 1
162 162 162 162 162 1
162 162 162 162 114 1
162 162 162 114 162 1
162 162 114 162 114 1
162 114 162 114 162 1
114 162 114 162 114 1
162 114 162 114 114 1
114 162 114 114 162 1
162 114 114 162 162 1
114 114 162 162 162 1
114 162 162 162 162 1
162 162 162 162 162 1
162 162 162 162 162 1
162 162 162 162 162 1
162 162 162 162 162 1
162 162 162 162 114 1
162 162 162 114 162 1
162 162 114 162 114 1
162 114 162 114 162 1
114 162 114 162 114 1
162 114 162 114 162 1
114 162 114 162 162 1
162 114 162 162 162 1
114 162 162 162 162 1
162 162 162 162 162 1
162 162 162 162 162 1
162 162 162 162 162 1
162 162 162 162 162 1
162 162 162 162 162 1
162 162 162 162 162 1
162 162 162 162 162 1
162 162 162 162 162 1
162 162 162 162 114 1
162 162 162 114 162 1
162 162 114 162 162 1
162 114 162 162 162 1
114 162 162 162 162 1
162 162 162 162 162 1
162 162 162 162 114 1
162 162 162 114 162 1
162 162 114 162 162 1
162 114 162 162 162 1
114 162 162 162 162 1
162 162 162 162 162 1
162 162 162 162 114 1
162 162 162 114 162 1
162 162 114 162 162 1
162 114 162 162 162 1
114 162 162 162 114 1
162 162 162 114 162 1
162 162 114 162 162 1
162 114 162 162 114 1
114 162 162 114 162 1
162 162 114 162 162 1
162 114 162 162 162 1
114 162 162 162 162 1
162 162 162 162 114 1
162 162 162 114 162 1
162 162 114 162 114 1
162 114 162 114 162 1
114 162 114 162 114 1
162 114 162 114 162 1
114 162 114 162 162 1
162 114 162 162 162 1
114 162 162 162 162 1
162 162 162 162 162 1
162 162 162 162 162 1
162 162 162 162 162 1
162 162 162 162 162 1
162 162 162 162 114 1
162 162 162 114 162 1
162 162 114 162 162 1
162 114 162 162 162 1
114 162 162 162 162 1
162 162 162 162 162 1
162 162 162 162 162 1
162 162 162 162 162 1
162 162 162 162 162 1
162 162 162 162 114 1
162 162 162 114 162 1
162 162 114 162 162 1
162 114 162 162 162 1
114 162 162 162 162 1
162 162 162 162 162 1
162 162 162 162 162 1
162 162 162 162 162 1
162 162 162 162 162 1
162 162 162 162 162 1
162 162 162 162 114 1
162 162 162 114 162 1
162 162 114 162 162 1
162 114 162 162 162 1
114 162 162 162 114 1
162 162 162 114 162 1
162 162 114 162 114 1
162 114 162 114 162 1
114 162 114 162 162 1
162 114 162 162 162 1
114 162 162 162 162 1
162 162 162 162 162 1
162 162 162 162 162 1
162 162 162 162 114 1
162 162 162 114 162 1
162 162 114 162 114 1
162 114 162 114 162 1
114 162 114 162 114 1
162 114 162 114 162 1
114 162 114 162 162 1
162 114 162 162 162 1
114 162 162 162 162 1
162 162 162 162 162 1
162 162 162 162 114 1
162 162 162 114 162 1
162 162 114 162 162 1
162 114 162 162 162 1
114 162 162 162 162 1
162 162 162 162 114 1
162 162 162 114 162 1
162 162 114 162 162 1
162 114 162 162 162 1
114 162 162 162 162 1
162 162 162 162 162 1
162 162 162 162 162 1
162 162 162 162 162 1
162 162 162 162 162 1
162 162 162 162 114 1
162 162 162 114 162 1
162 162 114 162 114 1
162 114 162 114 114 1
114 162 114 114 162 1
162 114 114 162 162 1
114 114 162 162 162 1
114 162 162 162 162 1
162 162 162 162 114 1
162 162 162 114 114 1
162 162 114 114 162 1
162 114 114 162 162 1
114 114 162 162 162 1
114 162 162 162 162 1
162 162 162 162 162 1
162 162 162 162 114 1
162 162 162 114 162 1
162 162 114 162 114 1
162 114 162 114 162 1
114 162 114 162 162 1
new
168 168 168 168 168 1
168 168 168 168 168 1
168 168 168 168 265 1
168 168 168 265 265 1
168 168 265 265 168 1
168 265 265 168 265 1
265 265 168 265 168 1
265 168 265 168 168 1
168 265 168 168 168 1
265 168 168 168 168 1
168 168 168 168 168 1
168 168 168 168 265 1
168 168 168 265 265 1
168 168 265 265 265 1
168 265 265 265 102 1
265 265 265 102 265 1
265 265 102 265 265 1
265 102 265 265 168 1
102 265 265 168 265 1
265 265 168 265 265 1
265 168 265 265 168 1
168 265 265 168 265 1
265 265 168 265 168 1
265 168 265 168 168 1
168 265 168 168 168 1
265 168 168 168 168 1
168 168 168 168 265 1
168 168 168 265 265 1
168 168 265 265 168 1
168 265 265 168 168 1
265 265 168 168 168 1
265 168 168 168 265 1
168 168 168 265 168 1
168 168 265 168 265 1
168 265 168 265 168 1
265 168 265 168 168 1
168 265 168 168 168 1
265 168 168 168 168 1
168 168 168 168 168 1
168 168 168 168 168 1
168 168 168 168 265 1
168 168 168 265 168 1
168 168 265 168 168 1
168 265 168 168 265 1
265 168 168 265 168 1
168 168 265 168 168 1
168 265 168 168 265 1
265 168 168 265 168 1
168 168 265 168 168 1
168 265 168 168 168 1
265 168 168 168 265 1
168 168 168 265 265 1
168 168 265 265 168 1
168 265 265 168 265 1
265 265 168 265 168 1
265 168 265 168 168 1
168 265 168 168 168 1
265 168 168 168 168 1
168 168 168 168 168 1
168 168 168 168 168 1
168 168 168 168 168 1
168 168 168 168 168 1
168 168 168 168 265 1
168 168 168 265 168 1
168 168 265 168 168 1
168 265 168 168 265 1
265 168 168 265 168 1
168 168 265 168 168 1
168 265 168 168 168 1
265 168 168 168 265 1
168 168 168 265 168 1
168 168 265 168 265 1
168 265 168 265 168 1
265 168 265 168 168 1
168 265 168 168 265 1
265 168 168 265 265 1
168 168 265 265 168 1
168 265 265 168 168 1
265 265 168 168 265 1
265 168 168 265 168 1
168 168 265 168 265 1
168 265 168 265 168 1
265 168 265 168 168 1
168 265 168 168 168 1
265 168 168 168 168 1
168 168 168 168 168 1
168 168 168 168 265 1
168 168 168 265 168 1
168 168 265 168 265 1
168 265 168 265 168 1
265 168 265 168 168 1
168 265 168 168 265 1
265 168 168 265 265 1
168 168 265 265 168 1
168 265 265 168 168 1
265 265 168 168 265 1
265 168 168 265 168 1
168 168 265 168 168 1
168 265 168 168 168 1
265 168 168 168 168 1
168 168 168 168 168 1
168 168 168 168 168 1
168 168 168 168 265 1
168 168 168 265 168 1
168 168 265 168 168 1
168 265 168 168 168 1
265 168 168 168 102 1
168 168 168 102 168 1
168 168 102 168 168 1
168 102 168 168 265 1
102 168 168 265 168 1
168 168 265 168 168 1
168 265 168 168 168 1
265 168 168 168 168 1
168 168 168 168 265 1
168 168 168 265 168 1
168 168 265 168 168 1
168 265 168 168 168 1
265 168 168 168 168 1
168 168 168 168 168 1
168 168 168 168 265 1
168 168 168 265 168 1
168 168 265 168 168 1
168 265 168 168 265 1
265 168 168 265 265 1
168 168 265 265 168 1
168 265 265 168 168 1
265 265 168 168 168 1
265 168 168 168 168 1
168 168 168 168 265 1
168 168 168 265 168 1
168 168 265 168 265 1
168 265 168 265 265 1
265 168 265 265 102 1
168 265 265 102 168 1
265 265 102 168 168 1
265 102 168 168 265 1
102 168 168 265 168 1
168 168 265 168 168 1
168 265 168 168 168 1
265 168 168 168 168 1
168 168 168 168 168 1
168 168 168 168 168 1
168 168 168 168 168 1
168 168 168 168 168 1
168 168 168 168 168 1
168 168 168 168 168 1
168 168 168 168 265 1
168 168 168 265 168 1
168 168 265 168 168 1
168 265 168 168 168 1
265 168 168 168 168 1
168 168 168 168 265 1
168 168 168 265 168 1
168 168 265 168 265 1
168 265 168 265 168 1
265 168 265 168 102 1
168 265 168 102 168 1
265 168 102 168 168 1
168 102 168 168 265 1
102 168 168 265 265 1
168 168 265 265 265 1
168 265 265 265 265 1
265 265 265 265 265 1
265 265 265 265 265 1
265 265 265 265 265 1
265 265 265 265 265 1
265 265 265 265 168 1
265 265 265 168 168 1
265 265 168 168 168 1
265 168 168 168 265 1
168 168 168 265 265 1
168 168 265 265 168 1
168 265 265 168 168 1
265 265 168 168 265 1
265 168 168 265 168 1
168 168 265 168 168 1
168 265 168 168 265 1
265 168 168 265 102 1
168 168 265 102 265 1
168 265 102 265 265 1
265 102 265 265 168 1
102 265 265 168 265 1
265 265 168 265 265 1
265 168 265 265 265 1
168 265 265 265 168 1
265 265 265 168 265 1
265 265 168 265 265 1
265 168 265 265 168 1
168 265 265 168 265 1
265 265 168 265 265 1
265 168 265 265 168 1
168 265 265 168 168 1
265 265 168 168 265 1
265 168 168 265 265 1
168 168 265 265 168 1
168 265 265 168 168 1
265 265 168 168 265 1
265 168 168 265 168 1
168 168 265 168 265 1
168 265 168 265 265 1
265 168 265 265 168 1
168 265 265 168 168 1
265 265 168 168 265 1
265 168 168 265 168 1
168 168 265 168 168 1
168 265 168 168 265 1
265 168 168 265 168 1
168 168 265 168 168 1
168 265 168 168 168 1
265 168 168 168 168 1
168 168 168 168 168 1
168 168 168 168 265 1
168 168 168 265 265 1
168 168 265 265 168 1
168 265 265 168 265 1
265 265 168 265 168 1
265 168 265 168 168 1
168 265 168 168 265 1
265 168 168 265 265 1
168 168 265 265 168 1
168 265 265 168 168 1
265 265 168 168 265 1
265 168 168 265 168 1
168 168 265 168 168 1
168 265 168 168 168 1
265 168 168 168 265 1
168 168 168 265 265 1
168 168 265 265 168 1
168 265 265 168 168 1
265 265 168 168 265 1
265 168 168 265 168 1
168 168 265 168 168 1
168 265 168 168 265 1
265 168 168 265 168 1
168 168 265 168 168 1
168 265 168 168 168 1
265 168 168 168 168 1
168 168 168 168 168 1
168 168 168 168 168 1
168 168 168 168 265 1
168 168 168 265 168 1
168 168 265 168 168 1
168 265 168 168 265 1
265 168 168 265 265 1
168 168 265 265 168 1
168 265 265 168 265 1
265 265 168 265 265 1
265 168 265 265 168 1
168 265 265 168 168 1
265 265 168 168 168 1
265 168 168 168 265 1
168 168 168 265 265 1
168 168 265 265 265 1
168 265 265 265 168 1
265 265 265 168 168 1
265 265 168 168 168 1
265 168 168 168 168 1
168 168 168 168 265 1
168 168 168 265 168 1
168 168 265 168 168 1
168 265 168 168 265 1
265 168 168 265 168 1
168 168 265 168 168 1
168 265 168 168 168 1
265 168 168 168 168 1
168 168 168 168 265 1
168 168 168 265 168 1
168 168 265 168 168 1
168 265 168 168 168 1
265 168 168 168 265 1
168 168 168 265 265 1
168 168 265 265 168 1
168 265 265 168 168 1
265 265 168 168 168 1
265 168 168 168 168 1
168 168 168 168 265 1
168 168 168 265 265 1
168 168 265 265 168 1
168 265 265 168 168 1
265 265 168 168 168 1
265 168 168 168 168 1
168 168 168 168 168 1
168 168 168 168 265 1
168 168 168 265 168 1
168 168 265 168 168 1
168 265 168 168 265 1
265 168 168 265 102 1
168 168 265 102 168 1
168 265 102 168 265 1
265 102 168 265 168 1
102 168 265 168 168 1
168 265 168 168 168 1
265 168 168 168 168 1
168 168 168 168 168 1
168 168 168 168 265 1
168 168 168 265 168 1
168 168 265 168 102 1
168 265 168 102 168 1
265 168 102 168 168 1
168 102 168 168 168 1
102 168 168 168 168 1
168 168 168 168 168 1
168 168 168 168 168 1
168 168 168 168 265 1
168 168 168 265 168 1
168 168 265 168 168 1
168 265 168 168 168 1
265 168 168 168 265 1
168 168 168 265 168 1
new
