102 221 221 1
221 221 3 1
221 3 78 1
3 78 168 1
78 168 102 1
168 102 102 1
102 102 13 1
102 13 102 1
13 102 102 1
102 102 168 1
102 168 102 1
168 102 192 1
102 192 168 1
192 168 102 1
168 102 168 1
102 168 102 1
168 102 102 1
102 102 102 1
102 102 168 1
102 168 102 1
168 102 102 1
102 102 102 1
102 102 102 1
102 102 168 1
102 168 102 1
168 102 192 1
102 192 102 1
192 102 168 1
102 168 102 1
168 102 168 1
102 168 168 1
168 168 168 1
168 168 168 1
168 168 102 1
168 102 91 1
102 91 6 1
91 6 192 1
6 192 45 1
192 45 33 1
45 33 6 1
33 6 3 1
6 3 3 1
3 3 3 1
3 3 3 1
3 3 3 1
3 3 3 1
3 3 3 1
3 3 3 1
3 3 3 1
3 3 3 1
3 3 3 1
3 3 3 1
3 3 3 1
3 3 3 1
3 3 3 1
3 3 3 1
3 3 3 1
3 3 3 1
3 3 3 1
3 3 3 1
3 3 3 1
3 3 3 1
3 3 3 1
3 3 3 1
3 3 3 1
3 3 3 1
3 3 3 1
3 3 3 1
3 3 3 1
3 3 3 1
3 3 3 1
3 3 3 1
3 3 3 1
3 3 3 1
3 3 3 1
3 3 3 1
3 3 3 1
3 3 3 1
3 3 3 1
3 3 3 1
3 3 3 1
3 3 3 1
3 3 3 1
3 3 3 1
3 3 45 1
3 45 3 1
45 3 3 1
3 3 3 1
3 3 3 1
3 3 3 1
3 3 3 1
3 3 3 1
3 3 3 1
3 3 3 1
3 3 45 1
3 45 3 1
45 3 3 1
3 3 3 1
3 3 3 1
3 3 3 1
3 3 3 1
3 3 45 1
3 45 3 1
45 3 3 1
3 3 3 1
3 3 3 1
3 3 3 1
3 3 3 1
3 3 3 1
3 3 3 1
3 3 3 1
3 3 3 1
3 3 3 1
3 3 3 1
3 3 3 1
3 3 3 1
3 3 3 1
3 3 3 1
3 3 3 1
3 3 3 1
3 3 45 1
3 45 3 1
45 3 3 1
3 3 3 1
3 3 3 1
3 3 3 1
3 3 3 1
3 3 3 1
3 3 3 1
3 3 45 1
3 45 3 1
45 3 3 1
3 3 3 1
3 3 3 1
3 3 3 1
3 3 3 1
3 3 3 1
3 3 3 1
3 3 3 1
3 3 3 1
3 3 3 1
3 3 3 1
3 3 3 1
3 3 3 1
3 3 3 1
3 3 3 1
3 3 3 1
3 3 3 1
3 3 3 1
3 3 3 1
3 3 3 1
3 3 3 1
3 3 3 1
3 3 3 1
3 3 3 1
3 3 3 1
3 3 3 1
3 3 3 1
3 3 3 1
3 3 3 1
3 3 3 1
3 3 3 1
3 3 3 1
3 3 3 1
3 3 3 1
3 3 3 1
3 3 3 1
3 3 3 1
3 3 3 1
3 3 3 1
3 3 3 1
3 3 3 1
3 3 3 1
3 3 3 1
3 3 3 1
3 3 3 1
3 3 3 1
3 3 3 1
3 3 3 1
3 3 3 1
3 3 3 1
3 3 3 1
3 3 3 1
3 3 3 1
3 3 3 1
3 3 3 1
3 3 3 1
3 3 3 1
3 3 3 1
3 3 3 1
3 3 3 1
3 3 3 1
3 3 3 1
3 3 3 1
3 3 3 1
3 3 3 1
3 3 3 1
3 3 3 1
3 3 3 1
3 3 3 1
3 3 3 1
3 3 3 1
3 3 3 1
3 3 3 1
3 3 3 1
3 3 3 1
3 3 3 1
3 3 3 1
3 3 3 1
3 3 3 1
3 3 3 1
3 3 3 1
3 3 3 1
3 3 3 1
3 3 3 1
3 3 3 1
3 3 3 1
3 3 3 1
3 3 3 1
3 3 3 1
3 3 3 1
3 3 3 1
3 3 3 1
3 3 3 1
3 3 3 1
3 3 3 1
3 3 3 1
3 3 3 1
3 3 3 1
3 3 3 1
3 3 3 1
3 3 3 1
3 3 3 1
3 3 3 1
3 3 3 1
3 3 3 1
3 3 3 1
3 3 3 1
3 3 3 1
3 3 3 1
3 3 3 1
3 3 3 1
3 3 3 1
3 3 3 1
3 3 3 1
3 3 3 1
3 3 3 1
3 3 3 1
3 3 3 1
3 3 3 1
3 3 3 1
3 3 3 1
3 3 3 1
3 3 3 1
3 3 3 1
3 3 3 1
3 3 3 1
3 3 3 1
3 3 163 1
3 163 91 1
163 91 168 1
91 168 168 1
168 168 146 1
168 146 146 1
146 146 146 1
146 146 146 1
146 146 146 1
146 146 168 1
146 168 104 1
168 104 91 1
104 91 104 1
91 104 168 1
104 168 102 1
new
5 221 54 1
221 54 54 1
54 54 54 1
54 54 54 1
54 54 54 1
54 54 54 1
54 54 54 1
54 54 54 1
54 54 54 1
54 54 54 1
54 54 54 1
54 54 54 1
54 54 309 1
54 309 54 1
309 54 54 1
54 54 54 1
54 54 54 1
54 54 54 1
54 54 54 1
54 54 309 1
54 309 54 1
309 54 54 1
54 54 54 1
54 54 309 1
54 309 54 1
309 54 54 1
54 54 309 1
54 309 54 1
309 54 54 1
54 54 54 1
54 54 309 1
54 309 54 1
309 54 54 1
54 54 309 1
54 309 54 1
309 54 54 1
54 54 309 1
54 309 54 1
309 54 309 1
54 309 54 1
309 54 240 1
54 240 54 1
240 54 265 1
54 265 54 1
265 54 54 1
54 54 54 1
54 54 54 1
54 54 54 1
54 54 54 1
54 54 309 1
54 309 54 1
309 54 54 1
54 54 54 1
54 54 54 1
54 54 54 1
54 54 309 1
54 309 54 1
309 54 309 1
54 309 309 1
309 309 54 1
309 54 54 1
54 54 54 1
54 54 309 1
54 309 54 1
309 54 54 1
54 54 309 1
54 309 54 1
309 54 309 1
54 309 54 1
309 54 54 1
54 54 309 1
54 309 309 1
309 309 54 1
309 54 54 1
54 54 54 1
54 54 54 1
54 54 309 1
54 309 54 1
309 54 54 1
54 54 54 1
54 54 309 1
54 309 54 1
309 54 54 1
54 54 54 1
54 54 54 1
54 54 54 1
54 54 54 1
54 54 54 1
54 54 54 1
54 54 54 1
54 54 3 1
54 3 54 1
3 54 3 1
54 3 54 1
3 54 54 1
54 54 54 1
54 54 309 1
54 309 3 1
309 3 54 1
3 54 54 1
54 54 309 1
54 309 309 1
309 309 54 1
309 54 54 1
54 54 54 1
54 54 309 1
54 309 54 1
309 54 54 1
54 54 309 1
54 309 54 1
309 54 54 1
54 54 309 1
54 309 54 1
309 54 309 1
54 309 54 1
309 54 54 1
54 54 54 1
54 54 309 1
54 309 309 1
309 309 54 1
309 54 54 1
54 54 54 1
54 54 309 1
54 309 54 1
309 54 54 1
54 54 54 1
54 54 54 1
54 54 309 1
54 309 54 1
309 54 54 1
54 54 54 1
54 54 309 1
54 309 309 1
309 309 54 1
309 54 309 1
54 309 309 1
309 309 54 1
309 54 309 1
54 309 309 1
309 309 54 1
309 54 54 1
54 54 54 1
54 54 54 1
54 54 54 1
54 54 54 1
54 54 309 1
54 309 54 1
309 54 54 1
54 54 54 1
54 54 309 1
54 309 54 1
309 54 54 1
54 54 54 1
54 54 54 1
54 54 309 1
54 309 309 1
309 309 309 1
309 309 54 1
309 54 54 1
54 54 54 1
54 54 3 1
54 3 309 1
3 309 54 1
309 54 3 1
54 3 54 1
3 54 3 1
54 3 54 1
3 54 54 1
54 54 309 1
54 309 54 1
309 54 309 1
54 309 54 1
309 54 54 1
54 54 309 1
54 309 54 1
309 54 54 1
54 54 309 1
54 309 54 1
309 54 54 1
54 54 309 1
54 309 54 1
309 54 54 1
54 54 54 1
54 54 54 1
54 54 54 1
54 54 309 1
54 309 54 1
309 54 309 1
54 309 54 1
309 54 309 1
54 309 54 1
309 54 54 1
54 54 309 1
54 309 54 1
309 54 54 1
54 54 54 1
54 54 309 1
54 309 54 1
309 54 54 1
54 54 54 1
54 54 54 1
54 54 54 1
54 54 54 1
54 54 54 1
54 54 54 1
54 54 54 1
54 54 309 1
54 309 54 1
309 54 309 1
54 309 54 1
309 54 54 1
54 54 54 1
54 54 309 1
54 309 309 1
309 309 54 1
309 54 54 1
54 54 309 1
54 309 54 1
309 54 54 1
54 54 54 1
54 54 54 1
54 54 54 1
54 54 54 1
54 54 54 1
54 54 54 1
54 54 54 1
54 54 309 1
54 309 54 1
309 54 54 1
54 54 54 1
54 54 54 1
54 54 309 1
54 309 309 1
309 309 54 1
309 54 309 1
54 309 309 1
309 309 54 1
309 54 54 1
54 54 54 1
54 54 54 1
54 54 54 1
54 54 54 1
54 54 54 1
54 54 54 1
54 54 309 1
54 309 54 1
309 54 54 1
54 54 309 1
54 309 54 1
309 54 309 1
54 309 54 1
309 54 54 1
54 54 54 1
54 54 54 1
54 54 54 1
54 54 54 1
54 54 54 1
54 54 54 1
54 54 54 1
54 54 54 1
54 54 309 1
54 309 54 1
309 54 3 1
54 3 54 1
3 54 309 1
54 309 3 1
309 3 54 1
3 54 309 1
54 309 309 1
309 309 54 1
309 54 54 1
54 54 54 1
54 54 309 1
54 309 54 1
309 54 54 1
54 54 54 1
54 54 309 1
54 309 54 1
309 54 54 1
54 54 54 1
54 54 309 1
54 309 54 1
309 54 54 1
54 54 54 1
54 54 54 1
54 54 54 1
54 54 54 1
54 54 3 1
54 3 309 1
3 309 309 1
309 309 54 1
309 54 309 1
54 309 54 1
309 54 309 1
54 309 54 1
309 54 54 1
54 54 309 1
54 309 54 1
309 54 54 1
54 54 54 1
54 54 309 1
54 309 54 1
309 54 3 1
54 3 309 1
3 309 54 1
309 54 54 1
54 54 54 1
54 54 309 1
54 309 54 1
309 54 54 1
54 54 54 1
54 54 54 1
54 54 54 1
54 54 309 1
54 309 54 1
309 54 54 1
54 54 3 1
54 3 54 1
3 54 54 1
54 54 309 1
54 309 309 1
309 309 309 1
309 309 54 1
309 54 54 1
54 54 309 1
54 309 54 1
309 54 54 1
54 54 54 1
54 54 54 1
54 54 309 1
54 309 309 1
309 309 54 1
309 54 54 1
54 54 54 1
54 54 54 1
54 54 54 1
54 54 54 1
54 54 309 1
54 309 54 1
309 54 54 1
54 54 54 1
54 54 54 1
54 54 54 1
54 54 54 1
54 54 54 1
54 54 3 1
54 3 309 1
3 309 54 1
309 54 309 1
54 309 54 1
309 54 309 1
54 309 54 1
309 54 54 1
54 54 54 1
54 54 309 1
54 309 54 1
309 54 309 1
54 309 54 1
309 54 309 1
54 309 54 1
309 54 54 1
54 54 54 1
54 54 309 1
54 309 54 1
309 54 54 1
54 54 54 1
54 54 54 1
54 54 54 1
54 54 309 1
54 309 309 1
309 309 54 1
309 54 54 1
54 54 309 1
54 309 54 1
309 54 54 1
54 54 54 1
54 54 54 1
54 54 54 1
54 54 309 1
54 309 309 1
309 309 54 1
309 54 309 1
54 309 309 1
309 309 309 1
309 309 54 1
309 54 309 1
54 309 309 1
309 309 309 1
309 309 54 1
309 54 309 1
54 309 54 1
309 54 54 1
54 54 54 1
54 54 309 1
54 309 54 1
309 54 54 1
54 54 54 1
54 54 54 1
54 54 54 1
54 54 54 1
54 54 3 1
54 3 54 1
3 54 54 1
54 54 3 1
54 3 54 1
3 54 54 1
54 54 54 1
54 54 309 1
54 309 54 1
309 54 54 1
54 54 54 1
54 54 54 1
54 54 54 1
54 54 309 1
54 309 54 1
309 54 3 1
54 3 54 1
3 54 54 1
54 54 54 1
54 54 54 1
54 54 54 1
54 54 309 1
54 309 54 1
309 54 54 1
54 54 309 1
54 309 309 1
309 309 54 1
309 54 54 1
54 54 54 1
54 54 54 1
54 54 309 1
54 309 54 1
309 54 54 1
54 54 54 1
54 54 54 1
54 54 3 1
54 3 54 1
3 54 54 1
54 54 54 1
54 54 54 1
54 54 54 1
54 54 54 1
54 54 54 1
54 54 309 1
54 309 54 1
309 54 54 1
54 54 54 1
54 54 309 1
54 309 54 1
309 54 3 1
54 3 54 1
3 54 3 1
54 3 54 1
3 54 54 1
54 54 309 1
54 309 309 1
309 309 54 1
309 54 54 1
54 54 54 1
54 54 309 1
54 309 54 1
309 54 54 1
54 54 54 1
54 54 309 1
54 309 309 1
309 309 309 1
309 309 54 1
309 54 54 1
54 54 54 1
54 54 54 1
54 54 309 1
54 309 54 1
309 54 54 1
54 54 309 1
54 309 54 1
new
168 265 168 1
265 168 265 1
168 265 168 1
265 168 265 1
168 265 168 1
265 168 168 1
168 168 265 1
168 265 265 1
265 265 168 1
265 168 168 1
168 168 265 1
168 265 265 1
265 265 168 1
265 168 168 1
168 168 265 1
168 265 168 1
265 168 265 1
168 265 265 1
265 265 168 1
265 168 265 1
168 265 168 1
265 168 168 1
168 168 168 1
168 168 168 1
168 168 168 1
168 168 265 1
168 265 265 1
265 265 168 1
265 168 265 1
168 265 168 1
265 168 265 1
168 265 168 1
265 168 168 1
168 168 168 1
168 168 168 1
168 168 265 1
168 265 168 1
265 168 265 1
168 265 265 1
265 265 168 1
265 168 168 1
168 168 168 1
168 168 265 1
168 265 168 1
265 168 168 1
168 168 168 1
168 168 168 1
168 168 265 1
168 265 168 1
265 168 265 1
168 265 168 1
265 168 265 1
168 265 168 1
265 168 265 1
168 265 168 1
265 168 168 1
168 168 168 1
168 168 168 1
168 168 265 1
168 265 265 1
265 265 168 1
265 168 265 1
168 265 168 1
265 168 265 1
168 265 265 1
265 265 168 1
265 168 265 1
168 265 168 1
265 168 265 1
168 265 168 1
265 168 168 1
168 168 168 1
168 168 265 1
168 265 168 1
265 168 168 1
168 168 168 1
168 168 168 1
168 168 265 1
168 265 265 1
265 265 265 1
265 265 168 1
265 168 168 1
168 168 102 1
168 102 265 1
102 265 168 1
265 168 168 1
168 168 168 1
168 168 265 1
168 265 265 1
265 265 168 1
265 168 168 1
168 168 265 1
168 265 168 1
265 168 265 1
168 265 102 1
265 102 168 1
102 168 168 1
168 168 168 1
168 168 168 1
168 168 168 1
168 168 265 1
168 265 265 1
265 265 265 1
265 265 168 1
265 168 265 1
168 265 168 1
265 168 168 1
168 168 265 1
168 265 265 1
265 265 168 1
265 168 265 1
168 265 168 1
265 168 168 1
168 168 168 1
168 168 265 1
168 265 168 1
265 168 265 1
168 265 168 1
265 168 265 1
168 265 168 1
265 168 168 1
168 168 168 1
168 168 265 1
168 265 168 1
265 168 168 1
168 168 168 1
168 168 168 1
168 168 265 1
168 265 265 1
265 265 168 1
265 168 168 1
168 168 168 1
168 168 102 1
168 102 265 1
102 265 168 1
265 168 168 1
168 168 168 1
168 168 168 1
168 168 265 1
168 265 168 1
265 168 102 1
168 102 168 1
102 168 102 1
168 102 265 1
102 265 168 1
265 168 168 1
168 168 168 1
168 168 265 1
168 265 168 1
265 168 168 1
168 168 168 1
168 168 168 1
168 168 168 1
168 168 168 1
168 168 168 1
168 168 168 1
168 168 168 1
168 168 168 1
168 168 168 1
168 168 168 1
168 168 168 1
168 168 168 1
168 168 168 1
168 168 265 1
168 265 168 1
265 168 265 1
168 265 102 1
265 102 168 1
102 168 168 1
168 168 168 1
168 168 265 1
168 265 168 1
265 168 168 1
168 168 168 1
168 168 168 1
168 168 168 1
168 168 265 1
168 265 265 1
265 265 168 1
265 168 168 1
168 168 168 1
168 168 168 1
168 168 168 1
168 168 168 1
168 168 168 1
168 168 168 1
168 168 265 1
168 265 265 1
265 265 265 1
265 265 168 1
265 168 168 1
168 168 168 1
168 168 168 1
168 168 168 1
168 168 265 1
168 265 265 1
265 265 168 1
265 168 168 1
168 168 168 1
168 168 168 1
168 168 168 1
168 168 168 1
168 168 265 1
168 265 168 1
265 168 168 1
168 168 168 1
168 168 265 1
168 265 265 1
265 265 265 1
265 265 265 1
265 265 265 1
265 265 168 1
265 168 168 1
168 168 168 1
168 168 265 1
168 265 102 1
265 102 265 1
102 265 168 1
265 168 102 1
168 102 168 1
102 168 168 1
168 168 168 1
168 168 168 1
168 168 265 1
168 265 168 1
265 168 168 1
168 168 168 1
168 168 168 1
168 168 265 1
168 265 168 1
265 168 265 1
168 265 265 1
265 265 265 1
265 265 265 1
265 265 265 1
265 265 168 1
265 168 102 1
168 102 168 1
102 168 168 1
168 168 168 1
168 168 168 1
168 168 265 1
168 265 265 1
265 265 168 1
265 168 168 1
168 168 168 1
168 168 168 1
168 168 265 1
168 265 102 1
265 102 168 1
102 168 265 1
168 265 265 1
265 265 168 1
265 168 265 1
168 265 168 1
265 168 168 1
168 168 168 1
168 168 168 1
168 168 168 1
168 168 168 1
168 168 168 1
168 168 168 1
168 168 168 1
168 168 168 1
168 168 168 1
168 168 265 1
168 265 168 1
265 168 265 1
168 265 265 1
265 265 168 1
265 168 168 1
168 168 168 1
168 168 168 1
168 168 168 1
168 168 265 1
168 265 168 1
265 168 265 1
168 265 168 1
265 168 168 1
168 168 168 1
168 168 265 1
168 265 265 1
265 265 265 1
265 265 168 1
265 168 265 1
168 265 168 1
265 168 265 1
168 265 168 1
265 168 168 1
168 168 168 1
168 168 265 1
168 265 168 1
265 168 168 1
168 168 265 1
168 265 265 1
265 265 168 1
265 168 168 1
168 168 102 1
168 102 168 1
102 168 168 1
168 168 168 1
168 168 265 1
168 265 168 1
265 168 168 1
168 168 168 1
168 168 168 1
168 168 168 1
168 168 168 1
168 168 168 1
168 168 168 1
168 168 265 1
168 265 168 1
265 168 168 1
168 168 168 1
168 168 265 1
168 265 168 1
265 168 168 1
168 168 265 1
168 265 168 1
265 168 168 1
168 168 102 1
168 102 168 1
102 168 168 1
168 168 265 1
168 265 265 1
265 265 168 1
265 168 168 1
168 168 265 1
168 265 265 1
265 265 168 1
265 168 265 1
168 265 168 1
265 168 168 1
168 168 168 1
168 168 168 1
168 168 168 1
168 168 168 1
168 168 168 1
168 168 168 1
168 168 168 1
168 168 168 1
168 168 168 1
168 168 168 1
168 168 168 1
168 168 168 1
168 168 265 1
168 265 168 1
265 168 168 1
168 168 168 1
168 168 168 1
168 168 168 1
168 168 168 1
168 168 265 1
168 265 168 1
265 168 265 1
168 265 168 1
265 168 265 1
168 265 265 1
265 265 265 1
265 265 168 1
265 168 265 1
168 265 265 1
265 265 168 1
265 168 168 1
168 168 168 1
168 168 168 1
168 168 265 1
168 265 168 1
265 168 168 1
168 168 265 1
168 265 265 1
265 265 265 1
265 265 265 1
265 265 168 1
265 168 168 1
168 168 168 1
168 168 168 1
168 168 168 1
168 168 168 1
168 168 168 1
168 168 168 1
168 168 265 1
168 265 265 1
265 265 265 1
265 265 168 1
265 168 168 1
168 168 168 1
168 168 168 1
168 168 265 1
168 265 168 1
265 168 168 1
168 168 168 1
168 168 168 1
168 168 168 1
168 168 168 1
168 168 168 1
168 168 168 1
168 168 168 1
168 168 168 1
168 168 265 1
168 265 265 1
265 265 265 1
265 265 168 1
265 168 168 1
168 168 168 1
168 168 168 1
168 168 168 1
168 168 168 1
168 168 168 1
168 168 265 1
168 265 168 1
265 168 168 1
168 168 265 1
168 265 168 1
265 168 265 1
168 265 168 1
265 168 168 1
168 168 168 1
168 168 265 1
168 265 265 1
265 265 265 1
265 265 168 1
265 168 265 1
168 265 168 1
265 168 168 1
168 168 265 1
168 265 168 1
265 168 168 1
168 168 265 1
168 265 168 1
265 168 168 1
168 168 168 1
168 168 265 1
168 265 168 1
265 168 168 1
168 168 168 1
168 168 265 1
168 265 265 1
265 265 168 1
265 168 265 1
168 265 265 1
265 265 168 1
265 168 168 1
168 168 168 1
168 168 168 1
168 168 265 1
168 265 168 1
265 168 168 1
168 168 168 1
168 168 265 1
168 265 168 1
265 168 168 1
168 168 168 1
168 168 168 1
168 168 102 1
168 102 168 1
102 168 168 1
168 168 168 1
168 168 168 1
168 168 168 1
168 168 168 1
168 168 168 1
168 168 168 1
168 168 168 1
168 168 168 1
168 168 168 1
168 168 168 1
168 168 168 1
168 168 265 1
168 265 265 1
265 265 168 1
265 168 168 1
168 168 265 1
168 265 168 1
265 168 265 1
168 265 102 1
265 102 168 1
102 168 168 1
168 168 168 1
168 168 168 1
168 168 168 1
168 168 168 1
168 168 168 1
168 168 168 1
168 168 265 1
168 265 168 1
265 168 168 1
168 168 168 1
168 168 168 1
168 168 168 1
168 168 168 1
168 168 265 1
168 265 168 1
265 168 168 1
168 168 168 1
168 168 168 1
168 168 168 1
168 168 168 1
168 168 168 1
168 168 168 1
168 168 168 1
168 168 168 1
168 168 168 1
168 168 168 1
168 168 168 1
168 168 168 1
168 168 168 1
168 168 168 1
168 168 168 1
168 168 168 1
168 168 168 1
168 168 265 1
168 265 265 1
265 265 265 1
265 265 168 1
265 168 168 1
168 168 168 1
168 168 168 1
168 168 265 1
new
240 33 78 1
33 78 78 1
78 78 78 1
78 78 3 1
78 3 3 1
3 3 78 1
3 78 78 1
78 78 3 1
78 3 78 1
3 78 78 1
78 78 3 1
78 3 78 1
3 78 168 1
78 168 78 1
168 78 3 1
78 3 78 1
3 78 240 1
78 240 265 1
240 265 240 1
265 240 78 1
240 78 78 1
78 78 168 1
78 168 240 1
168 240 78 1
240 78 168 1
78 168 78 1
168 78 168 1
78 168 168 1
168 168 240 1
168 240 168 1
240 168 168 1
168 168 3 1
168 3 3 1
3 3 78 1
3 78 265 1
78 265 33 1
265 33 78 1
33 78 78 1
78 78 146 1
78 146 4 1
146 4 78 1
4 78 240 1
78 240 78 1
240 78 168 1
78 168 146 1
168 146 168 1
146 168 146 1
168 146 78 1
146 78 240 1
78 240 78 1
240 78 168 1
78 168 3 1
168 3 78 1
3 78 78 1
78 78 240 1
78 240 168 1
240 168 168 1
168 168 102 1
168 102 168 1
102 168 168 1
168 168 240 1
168 240 3 1
240 3 168 1
3 168 78 1
168 78 3 1
78 3 78 1
3 78 3 1
78 3 78 1
3 78 3 1
78 3 168 1
3 168 78 1
168 78 3 1
78 3 78 1
3 78 3 1
78 3 33 1
3 33 3 1
33 3 33 1
3 33 168 1
33 168 240 1
168 240 33 1
240 33 168 1
33 168 78 1
168 78 168 1
78 168 33 1
168 33 3 1
33 3 265 1
3 265 78 1
265 78 33 1
78 33 3 1
33 3 78 1
3 78 3 1
78 3 33 1
3 33 265 1
33 265 78 1
265 78 265 1
78 265 78 1
265 78 3 1
78 3 265 1
3 265 168 1
265 168 3 1
168 3 240 1
3 240 168 1
240 168 3 1
168 3 3 1
3 3 33 1
3 33 168 1
33 168 78 1
168 78 78 1
78 78 3 1
78 3 3 1
3 3 3 1
3 3 3 1
3 3 265 1
3 265 240 1
265 240 78 1
240 78 78 1
78 78 240 1
78 240 33 1
240 33 78 1
33 78 78 1
78 78 33 1
78 33 3 1
33 3 240 1
3 240 3 1
240 3 168 1
3 168 240 1
168 240 33 1
240 33 78 1
33 78 240 1
78 240 3 1
240 3 33 1
3 33 265 1
33 265 3 1
265 3 78 1
3 78 168 1
78 168 3 1
168 3 78 1
3 78 78 1
78 78 265 1
78 265 240 1
265 240 78 1
240 78 78 1
78 78 240 1
78 240 78 1
240 78 240 1
78 240 78 1
240 78 168 1
78 168 265 1
168 265 78 1
265 78 33 1
78 33 3 1
33 3 78 1
3 78 168 1
78 168 78 1
168 78 168 1
78 168 78 1
168 78 168 1
78 168 78 1
168 78 78 1
78 78 33 1
78 33 168 1
33 168 3 1
168 3 33 1
3 33 78 1
33 78 78 1
78 78 78 1
78 78 168 1
78 168 240 1
new
78 3 240 1
3 240 78 1
240 78 168 1
78 168 240 1
168 240 3 1
240 3 78 1
3 78 3 1
78 3 265 1
3 265 78 1
265 78 3 1
78 3 240 1
3 240 265 1
240 265 3 1
265 3 3 1
3 3 3 1
3 3 3 1
3 3 3 1
3 3 3 1
3 3 3 1
3 3 3 1
3 3 3 1
3 3 3 1
3 3 168 1
3 168 33 1
168 33 168 1
33 168 78 1
168 78 78 1
78 78 3 1
78 3 78 1
3 78 33 1
78 33 168 1
33 168 78 1
168 78 78 1
78 78 240 1
78 240 78 1
240 78 240 1
78 240 3 1
240 3 78 1
3 78 120 1
78 120 156 1
120 156 4 1
156 4 78 1
4 78 78 1
78 78 168 1
78 168 78 1
168 78 265 1
78 265 146 1
265 146 3 1
146 3 78 1
3 78 78 1
78 78 168 1
78 168 168 1
168 168 3 1
168 3 240 1
3 240 3 1
240 3 146 1
3 146 78 1
146 78 168 1
78 168 3 1
168 3 78 1
3 78 78 1
78 78 78 1
78 78 168 1
78 168 168 1
168 168 4 1
168 4 168 1
4 168 168 1
168 168 78 1
168 78 33 1
78 33 3 1
33 3 33 1
3 33 168 1
33 168 3 1
168 3 168 1
3 168 78 1
168 78 3 1
78 3 78 1
3 78 78 1
78 78 33 1
78 33 78 1
33 78 3 1
78 3 78 1
3 78 240 1
78 240 168 1
240 168 3 1
168 3 3 1
3 3 3 1
3 3 168 1
3 168 3 1
168 3 168 1
3 168 3 1
168 3 168 1
3 168 168 1
168 168 3 1
168 3 3 1
3 3 3 1
3 3 3 1
3 3 78 1
3 78 3 1
78 3 78 1
3 78 3 1
78 3 168 1
3 168 78 1
168 78 33 1
78 33 240 1
33 240 78 1
240 78 168 1
78 168 78 1
168 78 78 1
78 78 78 1
78 78 33 1
78 33 168 1
33 168 33 1
168 33 78 1
33 78 78 1
78 78 3 1
78 3 3 1
3 3 78 1
3 78 3 1
78 3 78 1
3 78 78 1
78 78 168 1
78 168 78 1
168 78 33 1
78 33 240 1
33 240 3 1
240 3 3 1
3 3 168 1
3 168 168 1
168 168 78 1
168 78 78 1
78 78 78 1
78 78 3 1
78 3 78 1
3 78 168 1
78 168 240 1
168 240 3 1
240 3 3 1
3 3 3 1
3 3 3 1
3 3 3 1
3 3 3 1
3 3 3 1
3 3 3 1
3 3 78 1
3 78 3 1
78 3 168 1
3 168 168 1
168 168 168 1
168 168 168 1
new
142 142 142 1
142 142 142 1
142 142 7 1
142 7 142 1
7 142 142 1
142 142 142 1
142 142 142 1
142 142 142 1
142 142 142 1
142 142 142 1
142 142 7 1
142 7 142 1
7 142 7 1
142 7 7 1
7 7 7 1
7 7 7 1
7 7 7 1
7 7 7 1
7 7 142 1
7 142 7 1
142 7 142 1
7 142 7 1
142 7 142 1
7 142 7 1
142 7 7 1
7 7 142 1
7 142 7 1
142 7 142 1
7 142 142 1
142 142 142 1
142 142 7 1
142 7 7 1
7 7 142 1
7 142 7 1
142 7 142 1
7 142 142 1
142 142 142 1
142 142 142 1
142 142 142 1
142 142 7 1
142 7 142 1
7 142 7 1
142 7 7 1
7 7 142 1
7 142 7 1
142 7 142 1
7 142 142 1
142 142 142 1
142 142 142 1
142 142 7 1
142 7 142 1
7 142 7 1
142 7 142 1
7 142 142 1
142 142 7 1
142 7 142 1
7 142 142 1
142 142 142 1
142 142 142 1
142 142 7 1
142 7 142 1
7 142 142 1
142 142 7 1
142 7 142 1
7 142 7 1
142 7 142 1
7 142 142 1
142 142 142 1
142 142 142 1
142 142 7 1
142 7 142 1
7 142 7 1
142 7 142 1
7 142 142 1
142 142 142 1
142 142 142 1
142 142 142 1
142 142 142 1
142 142 142 1
142 142 7 1
142 7 7 1
7 7 142 1
7 142 7 1
142 7 142 1
7 142 142 1
142 142 142 1
142 142 142 1
142 142 7 1
142 7 7 1
7 7 7 1
7 7 142 1
7 142 142 1
new
265 146 146 1
146 146 146 1
146 146 3 1
146 3 142 1
3 142 142 1
142 142 3 1
142 3 265 1
3 265 104 1
265 104 3 1
104 3 142 1
3 142 142 1
142 142 3 1
142 3 175 1
3 175 3 1
175 3 265 1
3 265 175 1
265 175 265 1
175 265 265 1
265 265 3 1
265 3 142 1
3 142 3 1
142 3 104 1
3 104 142 1
104 142 265 1
142 265 104 1
265 104 3 1
104 3 3 1
3 3 104 1
3 104 265 1
104 265 3 1
265 3 104 1
3 104 142 1
104 142 3 1
142 3 3 1
3 3 142 1
3 142 175 1
142 175 175 1
175 175 3 1
175 3 142 1
3 142 3 1
142 3 265 1
3 265 142 1
265 142 3 1
142 3 142 1
3 142 3 1
142 3 175 1
3 175 3 1
175 3 175 1
3 175 142 1
175 142 3 1
142 3 142 1
3 142 175 1
142 175 142 1
175 142 3 1
142 3 265 1
3 265 3 1
265 3 3 1
3 3 3 1
3 3 175 1
3 175 3 1
175 3 175 1
3 175 104 1
175 104 104 1
104 104 142 1
104 142 142 1
142 142 3 1
142 3 3 1
3 3 265 1
3 265 3 1
265 3 265 1
3 265 175 1
265 175 104 1
175 104 3 1
104 3 142 1
3 142 175 1
142 175 142 1
175 142 265 1
142 265 146 1
265 146 265 1
146 265 3 1
265 3 142 1
3 142 3 1
142 3 175 1
3 175 142 1
175 142 3 1
142 3 142 1
3 142 265 1
142 265 265 1
265 265 3 1
265 3 3 1
3 3 146 1
3 146 142 1
146 142 265 1
142 265 142 1
265 142 265 1
142 265 142 1
265 142 175 1
142 175 265 1
175 265 175 1
265 175 265 1
175 265 104 1
265 104 142 1
104 142 3 1
142 3 265 1
3 265 3 1
265 3 104 1
3 104 265 1
104 265 142 1
265 142 175 1
142 175 142 1
175 142 265 1
142 265 104 1
265 104 146 1
104 146 142 1
146 142 142 1
142 142 265 1
142 265 175 1
265 175 146 1
175 146 3 1
146 3 146 1
3 146 3 1
146 3 3 1
3 3 265 1
3 265 3 1
265 3 146 1
3 146 142 1
146 142 3 1
142 3 265 1
3 265 3 1
265 3 175 1
3 175 3 1
175 3 104 1
3 104 3 1
104 3 3 1
3 3 3 1
3 3 146 1
3 146 3 1
146 3 265 1
3 265 142 1
265 142 3 1
142 3 142 1
3 142 3 1
142 3 142 1
3 142 3 1
142 3 142 1
3 142 104 1
142 104 175 1
104 175 142 1
175 142 104 1
142 104 3 1
104 3 104 1
3 104 142 1
104 142 142 1
142 142 142 1
142 142 146 1
142 146 142 1
146 142 3 1
142 3 146 1
3 146 265 1
146 265 142 1
265 142 142 1
142 142 3 1
142 3 3 1
3 3 104 1
3 104 142 1
104 142 142 1
142 142 142 1
142 142 3 1
142 3 104 1
3 104 3 1
104 3 265 1
3 265 146 1
265 146 175 1
146 175 265 1
175 265 265 1
265 265 265 1
265 265 142 1
265 142 142 1
142 142 3 1
142 3 3 1
3 3 265 1
3 265 3 1
265 3 142 1
3 142 142 1
142 142 104 1
142 104 3 1
104 3 104 1
3 104 3 1
104 3 3 1
3 3 104 1
3 104 175 1
104 175 3 1
175 3 142 1
3 142 142 1
142 142 265 1
142 265 146 1
265 146 175 1
146 175 142 1
175 142 104 1
142 104 3 1
104 3 104 1
3 104 265 1
104 265 104 1
265 104 146 1
104 146 3 1
146 3 3 1
3 3 142 1
3 142 3 1
142 3 265 1
3 265 146 1
265 146 104 1
146 104 3 1
104 3 265 1
3 265 3 1
265 3 104 1
3 104 3 1
104 3 3 1
3 3 3 1
3 3 265 1
3 265 265 1
265 265 3 1
265 3 104 1
3 104 265 1
104 265 175 1
265 175 3 1
175 3 175 1
3 175 104 1
175 104 142 1
104 142 3 1
142 3 265 1
3 265 142 1
265 142 3 1
142 3 142 1
3 142 3 1
142 3 142 1
3 142 265 1
142 265 142 1
265 142 265 1
142 265 3 1
265 3 3 1
3 3 175 1
3 175 142 1
175 142 142 1
142 142 142 1
142 142 3 1
142 3 142 1
3 142 3 1
142 3 175 1
3 175 142 1
175 142 104 1
142 104 3 1
104 3 3 1
3 3 104 1
3 104 146 1
104 146 3 1
146 3 265 1
3 265 265 1
265 265 104 1
265 104 175 1
104 175 3 1
175 3 265 1
3 265 3 1
265 3 3 1
3 3 3 1
3 3 265 1
3 265 3 1
265 3 104 1
3 104 175 1
104 175 142 1
175 142 3 1
142 3 3 1
3 3 3 1
3 3 146 1
3 146 3 1
146 3 142 1
3 142 3 1
142 3 3 1
3 3 142 1
3 142 3 1
142 3 265 1
3 265 104 1
265 104 142 1
104 142 104 1
142 104 175 1
104 175 3 1
175 3 3 1
3 3 142 1
3 142 3 1
142 3 265 1
3 265 265 1
265 265 146 1
265 146 142 1
146 142 3 1
142 3 142 1
3 142 175 1
142 175 146 1
175 146 175 1
146 175 142 1
175 142 3 1
142 3 142 1
3 142 146 1
142 146 265 1
146 265 142 1
265 142 265 1
142 265 146 1
265 146 265 1
146 265 265 1
265 265 3 1
265 3 3 1
3 3 3 1
3 3 175 1
3 175 104 1
175 104 175 1
104 175 104 1
175 104 146 1
104 146 3 1
146 3 142 1
3 142 146 1
142 146 104 1
146 104 104 1
104 104 3 1
104 3 104 1
3 104 3 1
104 3 142 1
3 142 3 1
142 3 104 1
3 104 146 1
104 146 142 1
146 142 175 1
142 175 3 1
175 3 142 1
3 142 142 1
142 142 146 1
142 146 142 1
146 142 175 1
142 175 142 1
175 142 3 1
142 3 175 1
3 175 104 1
175 104 175 1
104 175 104 1
175 104 142 1
104 142 3 1
142 3 146 1
3 146 3 1
146 3 146 1
3 146 54 1
146 54 142 1
54 142 142 1
142 142 104 1
142 104 142 1
104 142 142 1
142 142 3 1
142 3 3 1
3 3 3 1
3 3 142 1
3 142 3 1
142 3 3 1
3 3 175 1
3 175 142 1
175 142 142 1
142 142 3 1
142 3 265 1
3 265 142 1
265 142 142 1
142 142 3 1
142 3 104 1
3 104 3 1
104 3 175 1
3 175 146 1
175 146 3 1
146 3 175 1
3 175 54 1
175 54 265 1
54 265 146 1
265 146 265 1
146 265 142 1
265 142 3 1
142 3 142 1
3 142 265 1
142 265 3 1
265 3 3 1
3 3 265 1
3 265 3 1
265 3 175 1
3 175 91 1
175 91 54 1
91 54 265 1
54 265 142 1
265 142 3 1
142 3 104 1
3 104 3 1
104 3 265 1
3 265 142 1
265 142 265 1
142 265 265 1
265 265 142 1
265 142 104 1
142 104 265 1
104 265 3 1
265 3 3 1
3 3 265 1
3 265 3 1
265 3 3 1
new
5 192 91 1
192 91 91 1
91 91 197 1
91 197 91 1
197 91 5 1
91 5 91 1
5 91 6 1
91 6 3 1
6 3 5 1
3 5 5 1
5 5 5 1
5 5 5 1
5 5 5 1
5 5 3 1
5 3 5 1
3 5 3 1
5 3 91 1
3 91 3 1
91 3 91 1
3 91 162 1
91 162 91 1
162 91 6 1
91 6 5 1
6 5 91 1
5 91 5 1
91 5 5 1
5 5 3 1
5 3 6 1
3 6 5 1
6 5 162 1
5 162 3 1
162 3 6 1
3 6 5 1
6 5 3 1
5 3 3 1
3 3 5 1
3 5 3 1
5 3 5 1
3 5 3 1
5 3 5 1
3 5 3 1
5 3 5 1
3 5 5 1
5 5 5 1
5 5 197 1
5 197 197 1
197 197 197 1
197 197 192 1
197 192 197 1
192 197 197 1
197 197 197 1
197 197 197 1
197 197 3 1
197 3 5 1
3 5 5 1
5 5 6 1
5 6 3 1
6 3 141 1
3 141 5 1
141 5 3 1
5 3 5 1
3 5 5 1
5 5 3 1
5 3 91 1
3 91 5 1
91 5 3 1
5 3 197 1
3 197 192 1
197 192 6 1
192 6 6 1
6 6 5 1
6 5 3 1
5 3 3 1
3 3 3 1
3 3 5 1
3 5 5 1
5 5 5 1
5 5 91 1
5 91 91 1
91 91 3 1
91 3 3 1
3 3 3 1
3 3 5 1
3 5 5 1
5 5 3 1
5 3 192 1
3 192 5 1
192 5 3 1
5 3 5 1
3 5 6 1
5 6 197 1
6 197 3 1
197 3 5 1
3 5 5 1
5 5 192 1
5 192 78 1
192 78 5 1
78 5 3 1
5 3 5 1
3 5 141 1
5 141 6 1
141 6 91 1
6 91 162 1
91 162 91 1
162 91 192 1
91 192 6 1
192 6 5 1
6 5 5 1
5 5 5 1
5 5 91 1
5 91 5 1
91 5 197 1
5 197 3 1
197 3 197 1
3 197 5 1
197 5 91 1
5 91 3 1
91 3 192 1
3 192 5 1
192 5 5 1
5 5 5 1
5 5 197 1
5 197 3 1
197 3 6 1
3 6 141 1
6 141 5 1
141 5 6 1
5 6 91 1
6 91 141 1
91 141 5 1
141 5 3 1
5 3 3 1
3 3 5 1
3 5 3 1
5 3 5 1
3 5 3 1
5 3 6 1
3 6 5 1
6 5 5 1
5 5 5 1
5 5 6 1
5 6 192 1
6 192 3 1
192 3 197 1
3 197 5 1
197 5 3 1
5 3 197 1
3 197 6 1
197 6 5 1
6 5 197 1
5 197 5 1
197 5 5 1
5 5 5 1
5 5 3 1
5 3 91 1
3 91 6 1
91 6 5 1
6 5 91 1
5 91 5 1
91 5 91 1
5 91 197 1
91 197 91 1
197 91 192 1
91 192 5 1
192 5 3 1
5 3 3 1
3 3 5 1
3 5 3 1
5 3 5 1
3 5 5 1
5 5 3 1
5 3 162 1
3 162 3 1
162 3 91 1
3 91 3 1
91 3 3 1
3 3 91 1
3 91 3 1
91 3 91 1
3 91 3 1
91 3 5 1
3 5 3 1
5 3 3 1
3 3 5 1
3 5 6 1
5 6 91 1
6 91 3 1
91 3 197 1
3 197 3 1
197 3 3 1
3 3 5 1
3 5 5 1
5 5 6 1
5 6 5 1
6 5 6 1
5 6 197 1
6 197 6 1
197 6 162 1
6 162 3 1
162 3 197 1
3 197 5 1
197 5 5 1
5 5 5 1
5 5 5 1
5 5 5 1
5 5 192 1
5 192 3 1
192 3 3 1
3 3 91 1
3 91 5 1
91 5 5 1
5 5 5 1
5 5 3 1
5 3 3 1
3 3 6 1
3 6 3 1
6 3 3 1
new
142 142 7 1
142 7 142 1
7 142 142 1
142 142 142 1
142 142 142 1
142 142 142 1
142 142 7 1
142 7 7 1
7 7 142 1
7 142 7 1
142 7 142 1
7 142 142 1
142 142 142 1
142 142 142 1
142 142 7 1
142 7 142 1
7 142 7 1
142 7 142 1
7 142 142 1
142 142 142 1
142 142 7 1
142 7 7 1
7 7 7 1
7 7 7 1
7 7 7 1
7 7 142 1
7 142 142 1
142 142 142 1
142 142 142 1
142 142 142 1
142 142 142 1
142 142 142 1
142 142 142 1
142 142 142 1
142 142 7 1
142 7 142 1
7 142 142 1
142 142 142 1
142 142 142 1
142 142 142 1
142 142 142 1
142 142 142 1
142 142 142 1
142 142 7 1
142 7 7 1
7 7 7 1
7 7 142 1
7 142 142 1
142 142 7 1
142 7 7 1
7 7 142 1
7 142 142 1
142 142 7 1
142 7 7 1
7 7 7 1
7 7 142 1
7 142 142 1
142 142 7 1
142 7 7 1
7 7 142 1
7 142 142 1
142 142 120 1
142 120 142 1
120 142 102 1
142 102 142 1
102 142 102 1
142 102 7 1
102 7 142 1
7 142 7 1
142 7 142 1
7 142 142 1
142 142 142 1
142 142 142 1
142 142 102 1
142 102 142 1
102 142 7 1
142 7 142 1
7 142 7 1
142 7 142 1
7 142 142 1
142 142 4 1
142 4 7 1
4 7 142 1
7 142 7 1
142 7 142 1
7 142 142 1
142 142 142 1
142 142 142 1
142 142 142 1
142 142 142 1
142 142 7 1
142 7 142 1
7 142 142 1
new
3 3 265 1
3 265 168 1
265 168 265 1
168 265 195 1
265 195 340 1
195 340 168 1
340 168 265 1
168 265 168 1
265 168 265 1
168 265 168 1
265 168 168 1
168 168 168 1
168 168 168 1
168 168 168 1
168 168 3 1
168 3 168 1
3 168 168 1
168 168 168 1
168 168 3 1
168 3 168 1
3 168 265 1
168 265 265 1
265 265 3 1
265 3 265 1
3 265 265 1
265 265 195 1
265 195 168 1
195 168 168 1
168 168 168 1
168 168 265 1
168 265 265 1
265 265 3 1
265 3 265 1
3 265 265 1
265 265 168 1
265 168 3 1
168 3 168 1
3 168 168 1
168 168 265 1
168 265 43 1
265 43 3 1
43 3 265 1
3 265 168 1
265 168 168 1
168 168 3 1
168 3 168 1
3 168 168 1
168 168 43 1
168 43 265 1
43 265 3 1
265 3 265 1
3 265 265 1
265 265 168 1
265 168 168 1
168 168 3 1
168 3 168 1
3 168 265 1
168 265 265 1
265 265 265 1
265 265 265 1
265 265 265 1
265 265 265 1
265 265 43 1
265 43 168 1
43 168 265 1
168 265 168 1
265 168 265 1
168 265 43 1
265 43 195 1
43 195 340 1
195 340 340 1
340 340 3 1
340 3 265 1
3 265 43 1
265 43 265 1
43 265 265 1
265 265 3 1
265 3 168 1
3 168 168 1
168 168 3 1
168 3 265 1
3 265 168 1
265 168 43 1
168 43 265 1
43 265 265 1
265 265 168 1
265 168 265 1
168 265 43 1
265 43 3 1
43 3 3 1
3 3 3 1
3 3 3 1
3 3 265 1
3 265 168 1
265 168 168 1
168 168 3 1
168 3 3 1
3 3 3 1
3 3 3 1
3 3 3 1
3 3 265 1
3 265 3 1
265 3 168 1
3 168 43 1
168 43 265 1
43 265 3 1
265 3 168 1
3 168 265 1
168 265 265 1
265 265 340 1
265 340 168 1
340 168 168 1
168 168 265 1
168 265 265 1
265 265 265 1
265 265 265 1
265 265 168 1
265 168 168 1
168 168 265 1
168 265 43 1
265 43 168 1
43 168 3 1
168 3 168 1
3 168 265 1
168 265 168 1
265 168 3 1
168 3 168 1
3 168 3 1
168 3 168 1
3 168 168 1
168 168 43 1
168 43 43 1
43 43 3 1
43 3 265 1
3 265 168 1
265 168 265 1
168 265 265 1
265 265 3 1
265 3 168 1
3 168 3 1
168 3 168 1
3 168 168 1
168 168 168 1
168 168 265 1
168 265 265 1
265 265 43 1
265 43 265 1
43 265 265 1
265 265 168 1
265 168 265 1
168 265 43 1
265 43 265 1
43 265 265 1
265 265 168 1
265 168 168 1
168 168 265 1
168 265 168 1
265 168 3 1
168 3 168 1
3 168 168 1
168 168 168 1
168 168 265 1
168 265 168 1
265 168 43 1
168 43 168 1
43 168 265 1
168 265 43 1
265 43 168 1
43 168 168 1
168 168 168 1
168 168 43 1
168 43 3 1
43 3 168 1
3 168 168 1
168 168 168 1
168 168 3 1
168 3 168 1
3 168 3 1
168 3 43 1
3 43 265 1
43 265 168 1
265 168 168 1
168 168 168 1
168 168 3 1
168 3 265 1
3 265 168 1
265 168 168 1
168 168 168 1
168 168 168 1
168 168 168 1
168 168 265 1
168 265 3 1
265 3 168 1
3 168 3 1
168 3 168 1
3 168 3 1
168 3 168 1
3 168 265 1
168 265 168 1
265 168 265 1
168 265 265 1
265 265 168 1
265 168 3 1
168 3 168 1
3 168 265 1
168 265 168 1
265 168 265 1
168 265 3 1
265 3 168 1
3 168 3 1
168 3 168 1
3 168 265 1
168 265 168 1
265 168 265 1
168 265 168 1
265 168 168 1
168 168 3 1
168 3 168 1
3 168 168 1
168 168 168 1
168 168 168 1
168 168 265 1
168 265 265 1
265 265 3 1
265 3 168 1
3 168 168 1
168 168 265 1
168 265 168 1
265 168 265 1
168 265 43 1
265 43 168 1
43 168 195 1
168 195 168 1
195 168 3 1
168 3 265 1
3 265 265 1
265 265 265 1
265 265 265 1
265 265 3 1
265 3 168 1
3 168 265 1
168 265 265 1
265 265 168 1
265 168 265 1
168 265 3 1
265 3 168 1
3 168 265 1
168 265 265 1
265 265 43 1
265 43 43 1
43 43 265 1
43 265 265 1
265 265 265 1
265 265 265 1
265 265 3 1
265 3 168 1
3 168 265 1
168 265 168 1
265 168 43 1
168 43 168 1
43 168 3 1
168 3 168 1
3 168 265 1
168 265 168 1
265 168 168 1
168 168 265 1
168 265 3 1
265 3 265 1
3 265 3 1
265 3 3 1
3 3 168 1
3 168 3 1
168 3 265 1
3 265 168 1
265 168 3 1
168 3 265 1
3 265 265 1
265 265 43 1
265 43 168 1
43 168 265 1
168 265 168 1
265 168 168 1
168 168 168 1
168 168 265 1
168 265 168 1
265 168 168 1
168 168 265 1
168 265 3 1
265 3 168 1
3 168 3 1
168 3 265 1
3 265 3 1
265 3 168 1
3 168 43 1
168 43 265 1
43 265 43 1
265 43 265 1
43 265 168 1
265 168 168 1
168 168 168 1
168 168 265 1
168 265 3 1
265 3 168 1
3 168 265 1
168 265 168 1
265 168 195 1
168 195 340 1
195 340 340 1
340 340 3 1
340 3 265 1
3 265 168 1
265 168 168 1
168 168 3 1
168 3 3 1
3 3 168 1
3 168 168 1
168 168 3 1
168 3 3 1
3 3 265 1
3 265 43 1
265 43 168 1
43 168 265 1
168 265 3 1
265 3 3 1
3 3 168 1
3 168 168 1
168 168 168 1
168 168 3 1
168 3 43 1
3 43 265 1
43 265 168 1
265 168 168 1
168 168 168 1
168 168 3 1
168 3 265 1
3 265 265 1
265 265 340 1
265 340 265 1
340 265 265 1
265 265 3 1
265 3 168 1
3 168 3 1
168 3 3 1
3 3 168 1
3 168 168 1
168 168 168 1
168 168 265 1
168 265 168 1
265 168 168 1
168 168 43 1
168 43 168 1
43 168 168 1
168 168 265 1
168 265 3 1
265 3 43 1
3 43 265 1
43 265 3 1
265 3 168 1
3 168 3 1
168 3 3 1
3 3 265 1
3 265 168 1
265 168 265 1
168 265 168 1
265 168 168 1
168 168 265 1
168 265 265 1
265 265 265 1
265 265 265 1
265 265 168 1
265 168 265 1
168 265 168 1
265 168 265 1
168 265 168 1
265 168 265 1
168 265 168 1
265 168 265 1
168 265 168 1
265 168 3 1
168 3 43 1
3 43 168 1
43 168 43 1
168 43 168 1
43 168 168 1
168 168 168 1
168 168 168 1
168 168 168 1
168 168 168 1
168 168 168 1
168 168 168 1
168 168 265 1
168 265 168 1
265 168 265 1
168 265 3 1
265 3 168 1
3 168 265 1
168 265 265 1
265 265 265 1
265 265 168 1
265 168 265 1
168 265 168 1
265 168 3 1
168 3 168 1
3 168 168 1
168 168 168 1
168 168 43 1
168 43 168 1
43 168 168 1
168 168 168 1
168 168 3 1
168 3 265 1
3 265 168 1
265 168 168 1
168 168 265 1
168 265 43 1
265 43 3 1
43 3 43 1
3 43 265 1
43 265 265 1
265 265 3 1
265 3 168 1
3 168 168 1
168 168 265 1
168 265 265 1
265 265 265 1
265 265 168 1
265 168 168 1
168 168 3 1
168 3 3 1
3 3 168 1
3 168 43 1
168 43 168 1
43 168 168 1
168 168 265 1
168 265 168 1
265 168 168 1
168 168 168 1
168 168 168 1
168 168 265 1
168 265 168 1
265 168 168 1
168 168 265 1
168 265 168 1
265 168 3 1
168 3 3 1
3 3 265 1
3 265 168 1
265 168 168 1
168 168 168 1
168 168 3 1
168 3 168 1
3 168 3 1
168 3 168 1
3 168 168 1
168 168 168 1
168 168 168 1
168 168 168 1
168 168 168 1
168 168 265 1
168 265 265 1
265 265 265 1
265 265 168 1
265 168 3 1
168 3 168 1
3 168 340 1
168 340 3 1
340 3 168 1
3 168 168 1
168 168 168 1
168 168 3 1
168 3 265 1
3 265 168 1
265 168 168 1
168 168 265 1
168 265 168 1
265 168 168 1
168 168 168 1
168 168 168 1
168 168 3 1
168 3 265 1
3 265 265 1
265 265 168 1
265 168 265 1
168 265 168 1
265 168 168 1
168 168 43 1
168 43 265 1
43 265 168 1
265 168 168 1
168 168 265 1
168 265 265 1
265 265 265 1
265 265 168 1
265 168 3 1
168 3 168 1
3 168 168 1
168 168 265 1
168 265 168 1
265 168 168 1
168 168 168 1
168 168 168 1
168 168 168 1
168 168 168 1
168 168 168 1
168 168 3 1
168 3 265 1
3 265 168 1
265 168 168 1
168 168 265 1
168 265 168 1
265 168 168 1
168 168 168 1
168 168 3 1
168 3 168 1
3 168 265 1
168 265 265 1
265 265 265 1
265 265 265 1
265 265 168 1
265 168 265 1
168 265 168 1
265 168 265 1
168 265 265 1
265 265 265 1
265 265 168 1
265 168 265 1
168 265 265 1
265 265 265 1
265 265 265 1
265 265 168 1
265 168 3 1
168 3 3 1
3 3 168 1
3 168 168 1
168 168 168 1
168 168 265 1
168 265 3 1
265 3 265 1
3 265 265 1
265 265 3 1
265 3 43 1
3 43 265 1
43 265 168 1
265 168 168 1
168 168 265 1
168 265 3 1
265 3 168 1
3 168 168 1
168 168 3 1
168 3 43 1
3 43 43 1
43 43 168 1
43 168 265 1
168 265 3 1
265 3 265 1
3 265 265 1
265 265 3 1
265 3 265 1
3 265 265 1
265 265 3 1
265 3 168 1
3 168 265 1
168 265 3 1
265 3 265 1
3 265 43 1
265 43 265 1
43 265 168 1
265 168 3 1
168 3 168 1
3 168 168 1
168 168 168 1
168 168 265 1
168 265 265 1
265 265 3 1
265 3 265 1
3 265 3 1
265 3 168 1
3 168 3 1
168 3 265 1
3 265 265 1
265 265 265 1
265 265 168 1
265 168 168 1
168 168 265 1
168 265 168 1
265 168 265 1
168 265 43 1
265 43 265 1
43 265 168 1
265 168 43 1
168 43 340 1
43 340 168 1
340 168 3 1
168 3 3 1
3 3 265 1
3 265 265 1
265 265 265 1
265 265 168 1
265 168 265 1
168 265 168 1
265 168 3 1
168 3 3 1
3 3 3 1
3 3 3 1
3 3 265 1
3 265 265 1
265 265 265 1
265 265 168 1
265 168 3 1
168 3 3 1
3 3 265 1
3 265 168 1
265 168 265 1
168 265 168 1
265 168 3 1
168 3 168 1
3 168 3 1
168 3 168 1
3 168 43 1
168 43 168 1
43 168 265 1
168 265 168 1
265 168 43 1
168 43 168 1
43 168 265 1
168 265 168 1
265 168 265 1
168 265 168 1
265 168 3 1
168 3 3 1
3 3 265 1
3 265 168 1
265 168 3 1
168 3 168 1
3 168 168 1
168 168 265 1
168 265 168 1
265 168 168 1
168 168 3 1
168 3 265 1
3 265 43 1
265 43 340 1
43 340 265 1
340 265 168 1
265 168 168 1
168 168 168 1
168 168 3 1
168 3 168 1
3 168 168 1
168 168 168 1
168 168 265 1
168 265 168 1
265 168 168 1
168 168 3 1
168 3 265 1
3 265 265 1
265 265 3 1
265 3 3 1
3 3 168 1
3 168 168 1
168 168 168 1
168 168 3 1
168 3 43 1
3 43 3 1
43 3 168 1
3 168 3 1
168 3 168 1
3 168 168 1
168 168 265 1
168 265 265 1
265 265 168 1
265 168 168 1
168 168 265 1
168 265 43 1
265 43 168 1
43 168 168 1
168 168 265 1
168 265 168 1
265 168 3 1
168 3 168 1
3 168 265 1
168 265 43 1
265 43 168 1
43 168 168 1
168 168 265 1
168 265 340 1
265 340 265 1
340 265 3 1
265 3 168 1
3 168 43 1
168 43 265 1
43 265 168 1
265 168 265 1
168 265 168 1
265 168 168 1
168 168 168 1
168 168 3 1
168 3 168 1
3 168 168 1
168 168 3 1
168 3 265 1
3 265 168 1
265 168 265 1
168 265 168 1
265 168 3 1
168 3 43 1
3 43 168 1
43 168 168 1
168 168 3 1
168 3 3 1
3 3 3 1
3 3 168 1
3 168 265 1
168 265 168 1
265 168 3 1
168 3 168 1
3 168 168 1
168 168 168 1
168 168 265 1
168 265 168 1
265 168 3 1
168 3 265 1
3 265 168 1
265 168 3 1
168 3 265 1
3 265 265 1
265 265 265 1
265 265 168 1
265 168 168 1
168 168 265 1
168 265 3 1
265 3 265 1
3 265 3 1
265 3 3 1
3 3 3 1
3 3 265 1
3 265 3 1
265 3 265 1
3 265 3 1
265 3 43 1
3 43 3 1
43 3 3 1
3 3 3 1
3 3 43 1
3 43 265 1
43 265 265 1
265 265 168 1
265 168 265 1
168 265 3 1
265 3 168 1
3 168 168 1
168 168 168 1
168 168 3 1
168 3 168 1
3 168 265 1
168 265 265 1
265 265 265 1
265 265 43 1
265 43 168 1
43 168 168 1
168 168 168 1
168 168 43 1
168 43 168 1
43 168 168 1
168 168 265 1
168 265 168 1
265 168 168 1
168 168 3 1
168 3 3 1
3 3 168 1
3 168 168 1
168 168 168 1
168 168 168 1
168 168 265 1
168 265 3 1
265 3 168 1
3 168 168 1
168 168 168 1
168 168 168 1
168 168 168 1
168 168 265 1
168 265 265 1
265 265 3 1
265 3 168 1
3 168 168 1
168 168 168 1
168 168 168 1
168 168 43 1
168 43 265 1
43 265 265 1
265 265 168 1
265 168 168 1
168 168 168 1
168 168 168 1
168 168 265 1
168 265 43 1
265 43 168 1
43 168 168 1
168 168 168 1
168 168 265 1
168 265 265 1
265 265 168 1
265 168 3 1
168 3 3 1
3 3 168 1
3 168 265 1
168 265 43 1
265 43 168 1
43 168 3 1
168 3 168 1
3 168 43 1
168 43 168 1
43 168 168 1
168 168 168 1
168 168 3 1
168 3 168 1
3 168 168 1
168 168 168 1
168 168 168 1
168 168 168 1
168 168 3 1
168 3 168 1
3 168 168 1
168 168 168 1
168 168 168 1
168 168 168 1
168 168 43 1
168 43 168 1
43 168 168 1
168 168 168 1
168 168 168 1
168 168 168 1
168 168 43 1
168 43 3 1
43 3 3 1
3 3 265 1
3 265 43 1
265 43 3 1
43 3 3 1
3 3 265 1
3 265 168 1
265 168 168 1
168 168 265 1
168 265 168 1
265 168 3 1
168 3 3 1
3 3 43 1
3 43 265 1
43 265 265 1
265 265 43 1
265 43 3 1
43 3 168 1
3 168 168 1
168 168 3 1
168 3 43 1
3 43 43 1
43 43 3 1
43 3 3 1
3 3 265 1
3 265 265 1
265 265 168 1
265 168 265 1
168 265 265 1
265 265 265 1
265 265 265 1
265 265 265 1
265 265 168 1
265 168 265 1
168 265 43 1
265 43 3 1
43 3 265 1
3 265 43 1
265 43 265 1
43 265 265 1
265 265 265 1
265 265 168 1
265 168 265 1
168 265 168 1
265 168 168 1
168 168 168 1
168 168 3 1
168 3 168 1
3 168 265 1
168 265 168 1
265 168 168 1
168 168 3 1
168 3 168 1
3 168 3 1
168 3 265 1
3 265 168 1
265 168 265 1
168 265 265 1
265 265 265 1
265 265 168 1
265 168 168 1
168 168 265 1
168 265 168 1
265 168 43 1
168 43 265 1
43 265 265 1
265 265 3 1
265 3 265 1
3 265 265 1
265 265 3 1
265 3 43 1
3 43 168 1
43 168 3 1
168 3 43 1
3 43 265 1
43 265 168 1
265 168 3 1
168 3 168 1
3 168 168 1
168 168 3 1
168 3 168 1
3 168 3 1
168 3 265 1
3 265 265 1
265 265 168 1
265 168 265 1
168 265 43 1
265 43 3 1
43 3 265 1
3 265 43 1
265 43 168 1
43 168 3 1
168 3 265 1
3 265 168 1
265 168 168 1
168 168 168 1
168 168 43 1
168 43 265 1
43 265 168 1
265 168 340 1
168 340 168 1
340 168 168 1
168 168 265 1
168 265 43 1
265 43 3 1
43 3 265 1
3 265 43 1
265 43 168 1
43 168 3 1
168 3 168 1
3 168 265 1
168 265 168 1
265 168 265 1
168 265 3 1
265 3 168 1
3 168 168 1
168 168 3 1
168 3 265 1
3 265 3 1
265 3 43 1
3 43 265 1
43 265 265 1
265 265 265 1
265 265 3 1
265 3 168 1
3 168 3 1
168 3 168 1
3 168 168 1
168 168 265 1
168 265 3 1
265 3 168 1
3 168 168 1
168 168 265 1
168 265 3 1
265 3 168 1
3 168 168 1
168 168 168 1
168 168 168 1
168 168 265 1
168 265 168 1
265 168 168 1
168 168 265 1
168 265 168 1
265 168 168 1
168 168 3 1
168 3 168 1
3 168 195 1
168 195 265 1
195 265 168 1
265 168 168 1
168 168 265 1
168 265 43 1
265 43 168 1
43 168 168 1
168 168 3 1
168 3 168 1
3 168 3 1
168 3 168 1
3 168 3 1
168 3 168 1
3 168 265 1
168 265 168 1
265 168 168 1
168 168 168 1
new
