265 265 3 142 3 1
265 3 142 3 3 1
3 142 3 3 265 1
142 3 3 265 265 1
3 3 265 265 142 1
3 265 265 142 265 1
265 265 142 265 102 1
265 142 265 102 265 1
142 265 102 265 142 1
265 102 265 142 265 1
102 265 142 265 102 1
265 142 265 102 265 1
142 265 102 265 142 1
265 102 265 142 265 1
102 265 142 265 102 1
265 142 265 102 265 1
142 265 102 265 142 1
265 102 265 142 142 1
102 265 142 142 265 1
265 142 142 265 265 1
142 142 265 265 265 1
142 265 265 265 142 1
265 265 265 142 142 1
265 265 142 142 142 1
265 142 142 142 142 1
142 142 142 142 146 1
142 142 142 146 142 1
142 142 146 142 175 1
142 146 142 175 175 1
146 142 175 175 142 1
142 175 175 142 265 1
175 175 142 265 142 1
175 142 265 142 142 1
142 265 142 142 175 1
265 142 142 175 119 1
142 142 175 119 175 1
142 175 119 175 265 1
175 119 175 265 119 1
119 175 265 119 175 1
175 265 119 175 146 1
265 119 175 146 265 1
119 175 146 265 146 1
175 146 265 146 265 1
146 265 146 265 142 1
265 146 265 142 142 1
146 265 142 142 142 1
265 142 142 142 104 1
142 142 142 104 3 1
142 142 104 3 175 1
142 104 3 175 175 1
104 3 175 175 142 1
3 175 175 142 3 1
175 175 142 3 175 1
175 142 3 175 265 1
142 3 175 265 175 1
3 175 265 175 142 1
175 265 175 142 119 1
265 175 142 119 175 1
175 142 119 175 146 1
142 119 175 146 3 1
119 175 146 3 175 1
175 146 3 175 142 1
146 3 175 142 265 1
3 175 142 265 119 1
175 142 265 119 265 1
142 265 119 265 146 1
265 119 265 146 265 1
119 265 146 265 142 1
265 146 265 142 3 1
146 265 142 3 265 1
265 142 3 265 3 1
142 3 265 3 3 1
3 265 3 3 142 1
265 3 3 142 3 1
3 3 142 3 104 1
3 142 3 104 142 1
142 3 104 142 265 1
3 104 142 265 142 1
104 142 265 142 142 1
142 265 142 142 142 1
265 142 142 142 3 1
142 142 142 3 146 1
142 142 3 146 3 1
142 3 146 3 265 1
3 146 3 265 3 1
146 3 265 3 3 1
3 265 3 3 142 1
265 3 3 142 3 1
3 3 142 3 142 1
3 142 3 142 102 1
142 3 142 102 142 1
3 142 102 142 265 1
142 102 142 265 3 1
102 142 265 3 142 1
142 265 3 142 265 1
265 3 142 265 265 1
3 142 265 265 102 1
142 265 265 102 142 1
265 265 102 142 104 1
265 102 142 104 142 1
102 142 104 142 3 1
142 104 142 3 142 1
104 142 3 142 146 1
142 3 142 146 142 1
3 142 146 142 265 1
142 146 142 265 142 1
146 142 265 142 142 1
142 265 142 142 265 1
265 142 142 265 102 1
142 142 265 102 142 1
142 265 102 142 265 1
265 102 142 265 142 1
102 142 265 142 265 1
142 265 142 265 142 1
265 142 265 142 265 1
142 265 142 265 146 1
265 142 265 146 102 1
142 265 146 102 265 1
265 146 102 265 142 1
146 102 265 142 142 1
102 265 142 142 265 1
265 142 142 265 142 1
142 142 265 142 104 1
142 265 142 104 265 1
265 142 104 265 142 1
142 104 265 142 146 1
104 265 142 146 3 1
265 142 146 3 3 1
142 146 3 3 3 1
146 3 3 3 142 1
3 3 3 142 142 1
3 3 142 142 265 1
3 142 142 265 265 1
142 142 265 265 3 1
142 265 265 3 3 1
265 265 3 3 142 1
265 3 3 142 142 1
3 3 142 142 265 1
3 142 142 265 104 1
142 142 265 104 3 1
142 265 104 3 3 1
265 104 3 3 146 1
104 3 3 146 104 1
3 3 146 104 265 1
3 146 104 265 142 1
146 104 265 142 265 1
104 265 142 265 104 1
265 142 265 104 3 1
142 265 104 3 3 1
265 104 3 3 104 1
104 3 3 104 265 1
3 3 104 265 142 1
3 104 265 142 3 1
104 265 142 3 3 1
265 142 3 3 3 1
142 3 3 3 265 1
3 3 3 265 142 1
3 3 265 142 265 1
3 265 142 265 3 1
265 142 265 3 104 1
142 265 3 104 142 1
265 3 104 142 142 1
3 104 142 142 265 1
104 142 142 265 265 1
142 142 265 265 142 1
142 265 265 142 104 1
265 265 142 104 104 1
265 142 104 104 265 1
142 104 104 265 265 1
104 104 265 265 104 1
104 265 265 104 3 1
265 265 104 3 142 1
265 104 3 142 265 1
104 3 142 265 265 1
3 142 265 265 142 1
142 265 265 142 3 1
265 265 142 3 142 1
265 142 3 142 265 1
142 3 142 265 142 1
3 142 265 142 142 1
142 265 142 142 142 1
265 142 142 142 265 1
142 142 142 265 142 1
142 142 265 142 142 1
142 265 142 142 265 1
265 142 142 265 265 1
142 142 265 265 142 1
142 265 265 142 265 1
265 265 142 265 142 1
265 142 265 142 3 1
142 265 142 3 142 1
265 142 3 142 265 1
142 3 142 265 102 1
3 142 265 102 142 1
142 265 102 142 3 1
265 102 142 3 142 1
102 142 3 142 3 1
142 3 142 3 3 1
3 142 3 3 142 1
142 3 3 142 265 1
3 3 142 265 3 1
3 142 265 3 3 1
142 265 3 3 142 1
265 3 3 142 265 1
3 3 142 265 104 1
3 142 265 104 142 1
142 265 104 142 142 1
265 104 142 142 265 1
104 142 142 265 265 1
142 142 265 265 142 1
142 265 265 142 265 1
265 265 142 265 142 1
265 142 265 142 142 1
142 265 142 142 102 1
265 142 142 102 142 1
142 142 102 142 265 1
142 102 142 265 265 1
102 142 265 265 102 1
142 265 265 102 265 1
265 265 102 265 142 1
265 102 265 142 265 1
102 265 142 265 3 1
265 142 265 3 265 1
142 265 3 265 142 1
265 3 265 142 3 1
3 265 142 3 265 1
265 142 3 265 142 1
142 3 265 142 3 1
3 265 142 3 142 1
265 142 3 142 265 1
142 3 142 265 102 1
3 142 265 102 265 1
142 265 102 265 142 1
265 102 265 142 3 1
102 265 142 3 3 1
265 142 3 3 3 1
142 3 3 3 142 1
3 3 3 142 265 1
3 3 142 265 3 1
3 142 265 3 104 1
142 265 3 104 265 1
265 3 104 265 265 1
3 104 265 265 142 1
104 265 265 142 142 1
265 265 142 142 265 1
265 142 142 265 3 1
142 142 265 3 146 1
142 265 3 146 104 1
265 3 146 104 265 1
3 146 104 265 104 1
146 104 265 104 3 1
104 265 104 3 104 1
265 104 3 104 104 1
104 3 104 104 142 1
3 104 104 142 3 1
104 104 142 3 142 1
104 142 3 142 142 1
142 3 142 142 54 1
3 142 142 54 142 1
142 142 54 142 265 1
142 54 142 265 3 1
54 142 265 3 142 1
142 265 3 142 102 1
265 3 142 102 142 1
3 142 102 142 265 1
new
5 309 102 27 85 1
309 102 27 85 195 1
102 27 85 195 85 1
27 85 195 85 309 1
85 195 85 309 309 1
195 85 309 309 102 1
85 309 309 102 102 1
309 309 102 102 102 1
309 102 102 102 309 1
102 102 102 309 309 1
102 102 309 309 85 1
102 309 309 85 6 1
309 309 85 6 196 1
309 85 6 196 102 1
85 6 196 102 102 1
6 196 102 102 102 1
196 102 102 102 309 1
102 102 102 309 85 1
102 102 309 85 102 1
102 309 85 102 102 1
309 85 102 102 102 1
85 102 102 102 102 1
102 102 102 102 27 1
102 102 102 27 309 1
102 102 27 309 27 1
102 27 309 27 309 1
27 309 27 309 102 1
309 27 309 102 5 1
27 309 102 5 102 1
309 102 5 102 6 1
102 5 102 6 196 1
5 102 6 196 195 1
102 6 196 195 309 1
6 196 195 309 102 1
196 195 309 102 5 1
195 309 102 5 102 1
309 102 5 102 102 1
102 5 102 102 6 1
5 102 102 6 309 1
102 102 6 309 102 1
102 6 309 102 102 1
6 309 102 102 309 1
309 102 102 309 309 1
102 102 309 309 85 1
102 309 309 85 309 1
309 309 85 309 102 1
309 85 309 102 102 1
85 309 102 102 309 1
309 102 102 309 5 1
102 102 309 5 102 1
102 309 5 102 27 1
309 5 102 27 6 1
5 102 27 6 5 1
102 27 6 5 102 1
27 6 5 102 85 1
6 5 102 85 102 1
5 102 85 102 102 1
102 85 102 102 309 1
85 102 102 309 102 1
102 102 309 102 5 1
102 309 102 5 6 1
309 102 5 6 309 1
102 5 6 309 102 1
5 6 309 102 5 1
6 309 102 5 102 1
309 102 5 102 10 1
102 5 102 10 102 1
5 102 10 102 6 1
102 10 102 6 27 1
10 102 6 27 102 1
102 6 27 102 27 1
6 27 102 27 5 1
27 102 27 5 195 1
102 27 5 195 10 1
27 5 195 10 27 1
5 195 10 27 5 1
195 10 27 5 5 1
10 27 5 5 309 1
27 5 5 309 265 1
5 5 309 265 102 1
5 309 265 102 85 1
309 265 102 85 196 1
265 102 85 196 102 1
102 85 196 102 102 1
85 196 102 102 85 1
196 102 102 85 27 1
102 102 85 27 309 1
102 85 27 309 102 1
85 27 309 102 10 1
27 309 102 10 309 1
309 102 10 309 102 1
102 10 309 102 102 1
10 309 102 102 102 1
309 102 102 102 27 1
102 102 102 27 309 1
102 102 27 309 85 1
102 27 309 85 195 1
27 309 85 195 27 1
309 85 195 27 10 1
85 195 27 10 309 1
195 27 10 309 309 1
27 10 309 309 102 1
10 309 309 102 309 1
309 309 102 309 102 1
309 102 309 102 27 1
102 309 102 27 85 1
309 102 27 85 5 1
102 27 85 5 102 1
27 85 5 102 102 1
85 5 102 102 102 1
5 102 102 102 5 1
102 102 102 5 102 1
102 102 5 102 6 1
102 5 102 6 27 1
5 102 6 27 85 1
102 6 27 85 309 1
6 27 85 309 5 1
27 85 309 5 102 1
85 309 5 102 102 1
309 5 102 102 85 1
5 102 102 85 6 1
102 102 85 6 102 1
102 85 6 102 309 1
85 6 102 309 85 1
6 102 309 85 85 1
102 309 85 85 265 1
309 85 85 265 102 1
85 85 265 102 5 1
85 265 102 5 102 1
265 102 5 102 102 1
102 5 102 102 309 1
5 102 102 309 102 1
102 102 309 102 10 1
102 309 102 10 102 1
309 102 10 102 309 1
102 10 102 309 102 1
10 102 309 102 102 1
102 309 102 102 85 1
new
142 78 142 146 142 1
78 142 146 142 6 1
142 146 142 6 78 1
146 142 6 78 195 1
142 6 78 195 146 1
6 78 195 146 142 1
78 195 146 142 102 1
195 146 142 102 142 1
146 142 102 142 146 1
142 102 142 146 78 1
102 142 146 78 102 1
142 146 78 102 102 1
146 78 102 102 142 1
78 102 102 142 78 1
102 102 142 78 142 1
102 142 78 142 195 1
142 78 142 195 102 1
78 142 195 102 102 1
142 195 102 102 78 1
195 102 102 78 78 1
102 102 78 78 195 1
102 78 78 195 146 1
78 78 195 146 78 1
78 195 146 78 6 1
195 146 78 6 142 1
146 78 6 142 102 1
78 6 142 102 142 1
6 142 102 142 78 1
142 102 142 78 102 1
102 142 78 102 6 1
142 78 102 6 78 1
78 102 6 78 146 1
102 6 78 146 102 1
6 78 146 102 78 1
78 146 102 78 102 1
146 102 78 102 142 1
102 78 102 142 78 1
78 102 142 78 142 1
102 142 78 142 6 1
142 78 142 6 6 1
78 142 6 6 6 1
142 6 6 6 6 1
6 6 6 6 142 1
6 6 6 142 78 1
6 6 142 78 102 1
6 142 78 102 13 1
142 78 102 13 78 1
78 102 13 78 78 1
102 13 78 78 142 1
13 78 78 142 78 1
78 78 142 78 102 1
78 142 78 102 78 1
142 78 102 78 78 1
78 102 78 78 142 1
102 78 78 142 78 1
78 78 142 78 102 1
78 142 78 102 78 1
142 78 102 78 78 1
78 102 78 78 142 1
102 78 78 142 78 1
78 78 142 78 146 1
78 142 78 146 78 1
142 78 146 78 78 1
78 146 78 78 142 1
146 78 78 142 78 1
78 78 142 78 102 1
78 142 78 102 78 1
142 78 102 78 78 1
78 102 78 78 142 1
102 78 78 142 78 1
78 78 142 78 102 1
78 142 78 102 195 1
142 78 102 195 78 1
78 102 195 78 78 1
102 195 78 78 142 1
195 78 78 142 78 1
78 78 142 78 146 1
78 142 78 146 78 1
142 78 146 78 142 1
78 146 78 142 78 1
146 78 142 78 102 1
78 142 78 102 13 1
142 78 102 13 78 1
78 102 13 78 78 1
102 13 78 78 142 1
13 78 78 142 78 1
78 78 142 78 102 1
78 142 78 102 78 1
142 78 102 78 78 1
78 102 78 78 142 1
102 78 78 142 78 1
78 78 142 78 102 1
78 142 78 102 78 1
142 78 102 78 78 1
78 102 78 78 142 1
102 78 78 142 78 1
78 78 142 78 146 1
78 142 78 146 78 1
142 78 146 78 78 1
78 146 78 78 142 1
146 78 78 142 78 1
78 78 142 78 102 1
78 142 78 102 78 1
142 78 102 78 78 1
78 102 78 78 142 1
102 78 78 142 78 1
78 78 142 78 102 1
78 142 78 102 195 1
142 78 102 195 78 1
78 102 195 78 78 1
102 195 78 78 142 1
195 78 78 142 78 1
78 78 142 78 146 1
78 142 78 146 78 1
142 78 146 78 146 1
78 146 78 146 78 1
146 78 146 78 146 1
78 146 78 146 78 1
146 78 146 78 142 1
78 146 78 142 195 1
146 78 142 195 78 1
78 142 195 78 6 1
142 195 78 6 142 1
195 78 6 142 78 1
78 6 142 78 195 1
6 142 78 195 78 1
142 78 195 78 78 1
78 195 78 78 142 1
195 78 78 142 78 1
78 78 142 78 102 1
78 142 78 102 13 1
142 78 102 13 78 1
78 102 13 78 78 1
102 13 78 78 142 1
13 78 78 142 78 1
78 78 142 78 102 1
78 142 78 102 78 1
142 78 102 78 78 1
78 102 78 78 142 1
102 78 78 142 78 1
78 78 142 78 102 1
78 142 78 102 78 1
142 78 102 78 78 1
78 102 78 78 142 1
102 78 78 142 78 1
78 78 142 78 146 1
78 142 78 146 78 1
142 78 146 78 78 1
78 146 78 78 142 1
146 78 78 142 78 1
78 78 142 78 102 1
78 142 78 102 78 1
142 78 102 78 78 1
78 102 78 78 142 1
102 78 78 142 78 1
78 78 142 78 102 1
78 142 78 102 195 1
142 78 102 195 78 1
78 102 195 78 78 1
102 195 78 78 142 1
195 78 78 142 78 1
78 78 142 78 146 1
78 142 78 146 78 1
142 78 146 78 78 1
78 146 78 78 142 1
146 78 78 142 78 1
78 78 142 78 102 1
78 142 78 102 6 1
142 78 102 6 78 1
78 102 6 78 78 1
102 6 78 78 142 1
6 78 78 142 78 1
78 78 142 78 102 1
78 142 78 102 13 1
142 78 102 13 78 1
78 102 13 78 78 1
102 13 78 78 142 1
13 78 78 142 78 1
78 78 142 78 102 1
78 142 78 102 78 1
142 78 102 78 78 1
78 102 78 78 142 1
102 78 78 142 78 1
78 78 142 78 102 1
78 142 78 102 78 1
142 78 102 78 78 1
78 102 78 78 142 1
102 78 78 142 146 1
78 78 142 146 78 1
78 142 146 78 142 1
142 146 78 142 142 1
146 78 142 142 78 1
78 142 142 78 102 1
142 142 78 102 78 1
142 78 102 78 78 1
78 102 78 78 78 1
102 78 78 78 195 1
78 78 78 195 142 1
78 78 195 142 142 1
78 195 142 142 142 1
195 142 142 142 102 1
142 142 142 102 78 1
142 142 102 78 78 1
142 102 78 78 146 1
102 78 78 146 142 1
78 78 146 142 146 1
78 146 142 146 13 1
146 142 146 13 102 1
142 146 13 102 78 1
146 13 102 78 142 1
13 102 78 142 146 1
102 78 142 146 78 1
78 142 146 78 78 1
142 146 78 78 142 1
146 78 78 142 78 1
78 78 142 78 78 1
78 142 78 78 78 1
142 78 78 78 78 1
78 78 78 78 146 1
78 78 78 146 78 1
78 78 146 78 142 1
78 146 78 142 78 1
146 78 142 78 195 1
78 142 78 195 78 1
142 78 195 78 78 1
78 195 78 78 78 1
195 78 78 78 78 1
78 78 78 78 6 1
78 78 78 6 102 1
78 78 6 102 78 1
78 6 102 78 142 1
6 102 78 142 78 1
102 78 142 78 142 1
78 142 78 142 142 1
142 78 142 142 195 1
78 142 142 195 78 1
142 142 195 78 78 1
142 195 78 78 78 1
195 78 78 78 142 1
78 78 78 142 78 1
78 78 142 78 142 1
78 142 78 142 6 1
142 78 142 6 142 1
78 142 6 142 78 1
142 6 142 78 6 1
6 142 78 6 102 1
142 78 6 102 142 1
78 6 102 142 6 1
6 102 142 6 102 1
102 142 6 102 142 1
142 6 102 142 78 1
6 102 142 78 102 1
102 142 78 102 13 1
142 78 102 13 78 1
78 102 13 78 78 1
102 13 78 78 142 1
13 78 78 142 142 1
78 78 142 142 146 1
78 142 142 146 78 1
142 142 146 78 102 1
142 146 78 102 146 1
146 78 102 146 78 1
78 102 146 78 142 1
102 146 78 142 146 1
146 78 142 146 78 1
78 142 146 78 142 1
142 146 78 142 6 1
146 78 142 6 142 1
78 142 6 142 142 1
142 6 142 142 142 1
6 142 142 142 142 1
142 142 142 142 13 1
142 142 142 13 146 1
142 142 13 146 142 1
142 13 146 142 78 1
13 146 142 78 142 1
146 142 78 142 78 1
142 78 142 78 78 1
78 142 78 78 78 1
142 78 78 78 142 1
78 78 78 142 78 1
78 78 142 78 146 1
78 142 78 146 78 1
142 78 146 78 78 1
78 146 78 78 142 1
146 78 78 142 102 1
78 78 142 102 102 1
78 142 102 102 146 1
142 102 102 146 78 1
102 102 146 78 6 1
102 146 78 6 78 1
146 78 6 78 78 1
78 6 78 78 142 1
6 78 78 142 78 1
78 78 142 78 146 1
78 142 78 146 142 1
142 78 146 142 78 1
78 146 142 78 102 1
146 142 78 102 6 1
142 78 102 6 78 1
78 102 6 78 142 1
102 6 78 142 142 1
6 78 142 142 142 1
78 142 142 142 142 1
142 142 142 142 78 1
142 142 142 78 102 1
142 142 78 102 13 1
142 78 102 13 78 1
78 102 13 78 78 1
102 13 78 78 142 1
13 78 78 142 78 1
78 78 142 78 102 1
78 142 78 102 78 1
142 78 102 78 78 1
78 102 78 78 142 1
102 78 78 142 78 1
78 78 142 78 102 1
78 142 78 102 78 1
142 78 102 78 78 1
78 102 78 78 142 1
102 78 78 142 78 1
78 78 142 78 146 1
78 142 78 146 78 1
142 78 146 78 78 1
78 146 78 78 142 1
146 78 78 142 78 1
78 78 142 78 102 1
78 142 78 102 78 1
142 78 102 78 142 1
78 102 78 142 195 1
102 78 142 195 78 1
78 142 195 78 142 1
142 195 78 142 142 1
195 78 142 142 6 1
78 142 142 6 102 1
142 142 6 102 142 1
142 6 102 142 142 1
6 102 142 142 78 1
102 142 142 78 146 1
142 142 78 146 142 1
142 78 146 142 78 1
78 146 142 78 102 1
146 142 78 102 78 1
142 78 102 78 78 1
78 102 78 78 78 1
102 78 78 78 78 1
78 78 78 78 142 1
78 78 78 142 78 1
78 78 142 78 195 1
78 142 78 195 142 1
142 78 195 142 146 1
78 195 142 146 78 1
195 142 146 78 102 1
142 146 78 102 78 1
146 78 102 78 78 1
78 102 78 78 102 1
102 78 78 102 78 1
78 78 102 78 78 1
78 102 78 78 142 1
102 78 78 142 78 1
78 78 142 78 78 1
78 142 78 78 146 1
142 78 78 146 142 1
78 78 146 142 78 1
78 146 142 78 102 1
146 142 78 102 13 1
142 78 102 13 78 1
78 102 13 78 78 1
102 13 78 78 142 1
13 78 78 142 78 1
78 78 142 78 102 1
78 142 78 102 78 1
142 78 102 78 78 1
78 102 78 78 142 1
102 78 78 142 78 1
78 78 142 78 102 1
78 142 78 102 78 1
142 78 102 78 78 1
78 102 78 78 142 1
102 78 78 142 78 1
78 78 142 78 146 1
78 142 78 146 78 1
142 78 146 78 78 1
78 146 78 78 142 1
146 78 78 142 78 1
78 78 142 78 102 1
78 142 78 102 78 1
142 78 102 78 78 1
78 102 78 78 142 1
102 78 78 142 78 1
78 78 142 78 102 1
78 142 78 102 195 1
142 78 102 195 78 1
78 102 195 78 78 1
102 195 78 78 142 1
195 78 78 142 78 1
78 78 142 78 146 1
78 142 78 146 78 1
142 78 146 78 78 1
78 146 78 78 142 1
146 78 78 142 78 1
78 78 142 78 102 1
78 142 78 102 6 1
142 78 102 6 78 1
78 102 6 78 78 1
102 6 78 78 142 1
6 78 78 142 78 1
78 78 142 78 102 1
78 142 78 102 13 1
142 78 102 13 78 1
78 102 13 78 78 1
102 13 78 78 142 1
13 78 78 142 78 1
78 78 142 78 102 1
78 142 78 102 78 1
142 78 102 78 78 1
78 102 78 78 142 1
102 78 78 142 78 1
78 78 142 78 102 1
78 142 78 102 78 1
142 78 102 78 78 1
78 102 78 78 142 1
102 78 78 142 78 1
78 78 142 78 146 1
78 142 78 146 78 1
142 78 146 78 78 1
78 146 78 78 142 1
146 78 78 142 78 1
78 78 142 78 102 1
78 142 78 102 13 1
142 78 102 13 78 1
78 102 13 78 78 1
102 13 78 78 142 1
13 78 78 142 78 1
78 78 142 78 102 1
78 142 78 102 78 1
142 78 102 78 78 1
78 102 78 78 142 1
102 78 78 142 78 1
78 78 142 78 102 1
78 142 78 102 78 1
142 78 102 78 78 1
78 102 78 78 142 1
102 78 78 142 78 1
78 78 142 78 146 1
78 142 78 146 78 1
142 78 146 78 78 1
78 146 78 78 142 1
146 78 78 142 78 1
78 78 142 78 102 1
78 142 78 102 78 1
142 78 102 78 78 1
78 102 78 78 142 1
102 78 78 142 78 1
78 78 142 78 102 1
78 142 78 102 195 1
142 78 102 195 78 1
78 102 195 78 78 1
102 195 78 78 142 1
195 78 78 142 78 1
78 78 142 78 146 1
78 142 78 146 78 1
142 78 146 78 78 1
78 146 78 78 142 1
146 78 78 142 78 1
78 78 142 78 102 1
78 142 78 102 6 1
142 78 102 6 78 1
78 102 6 78 78 1
102 6 78 78 142 1
6 78 78 142 78 1
78 78 142 78 102 1
78 142 78 102 13 1
142 78 102 13 78 1
78 102 13 78 78 1
102 13 78 78 142 1
13 78 78 142 78 1
78 78 142 78 102 1
78 142 78 102 78 1
142 78 102 78 78 1
78 102 78 78 142 1
102 78 78 142 78 1
78 78 142 78 102 1
78 142 78 102 78 1
142 78 102 78 78 1
78 102 78 78 142 1
102 78 78 142 78 1
78 78 142 78 146 1
78 142 78 146 78 1
142 78 146 78 78 1
78 146 78 78 142 1
146 78 78 142 142 1
78 78 142 142 146 1
78 142 142 146 6 1
142 142 146 6 142 1
142 146 6 142 6 1
146 6 142 6 6 1
6 142 6 6 142 1
142 6 6 142 142 1
6 6 142 142 78 1
6 142 142 78 78 1
142 142 78 78 78 1
142 78 78 78 102 1
78 78 78 102 142 1
78 78 102 142 78 1
78 102 142 78 102 1
102 142 78 102 13 1
142 78 102 13 78 1
78 102 13 78 78 1
102 13 78 78 142 1
13 78 78 142 78 1
78 78 142 78 6 1
78 142 78 6 78 1
142 78 6 78 142 1
78 6 78 142 78 1
6 78 142 78 142 1
78 142 78 142 78 1
142 78 142 78 142 1
78 142 78 142 78 1
142 78 142 78 78 1
78 142 78 78 78 1
142 78 78 78 78 1
78 78 78 78 146 1
78 78 78 146 142 1
78 78 146 142 102 1
78 146 142 102 195 1
146 142 102 195 78 1
142 102 195 78 13 1
102 195 78 13 78 1
195 78 13 78 102 1
78 13 78 102 142 1
13 78 102 142 78 1
78 102 142 78 146 1
102 142 78 146 195 1
142 78 146 195 78 1
78 146 195 78 102 1
146 195 78 102 78 1
195 78 102 78 78 1
78 102 78 78 102 1
102 78 78 102 6 1
78 78 102 6 102 1
78 102 6 102 78 1
102 6 102 78 102 1
6 102 78 102 13 1
102 78 102 13 102 1
78 102 13 102 78 1
102 13 102 78 142 1
13 102 78 142 78 1
102 78 142 78 146 1
78 142 78 146 146 1
142 78 146 146 142 1
78 146 146 142 78 1
146 146 142 78 102 1
146 142 78 102 6 1
142 78 102 6 142 1
78 102 6 142 142 1
102 6 142 142 142 1
6 142 142 142 13 1
142 142 142 13 78 1
142 142 13 78 78 1
142 13 78 78 142 1
13 78 78 142 78 1
78 78 142 78 102 1
78 142 78 102 78 1
142 78 102 78 78 1
78 102 78 78 142 1
102 78 78 142 78 1
78 78 142 78 102 1
78 142 78 102 78 1
142 78 102 78 78 1
78 102 78 78 142 1
102 78 78 142 78 1
78 78 142 78 146 1
78 142 78 146 78 1
142 78 146 78 78 1
78 146 78 78 142 1
146 78 78 142 78 1
78 78 142 78 102 1
78 142 78 102 78 1
142 78 102 78 78 1
78 102 78 78 142 1
102 78 78 142 78 1
78 78 142 78 102 1
78 142 78 102 195 1
142 78 102 195 78 1
78 102 195 78 78 1
102 195 78 78 142 1
195 78 78 142 78 1
78 78 142 78 146 1
78 142 78 146 78 1
142 78 146 78 78 1
78 146 78 78 142 1
146 78 78 142 78 1
78 78 142 78 102 1
78 142 78 102 13 1
142 78 102 13 78 1
78 102 13 78 78 1
102 13 78 78 142 1
13 78 78 142 78 1
78 78 142 78 102 1
78 142 78 102 6 1
142 78 102 6 78 1
78 102 6 78 78 1
102 6 78 78 142 1
6 78 78 142 78 1
78 78 142 78 102 1
78 142 78 102 78 1
142 78 102 78 78 1
78 102 78 78 142 1
102 78 78 142 78 1
78 78 142 78 102 1
78 142 78 102 78 1
142 78 102 78 78 1
78 102 78 78 142 1
102 78 78 142 78 1
78 78 142 78 146 1
78 142 78 146 78 1
142 78 146 78 78 1
78 146 78 78 142 1
146 78 78 142 142 1
78 78 142 142 142 1
78 142 142 142 102 1
142 142 142 102 142 1
142 142 102 142 102 1
142 102 142 102 78 1
102 142 102 78 78 1
142 102 78 78 146 1
102 78 78 146 78 1
78 78 146 78 142 1
78 146 78 142 78 1
146 78 142 78 142 1
78 142 78 142 102 1
142 78 142 102 195 1
78 142 102 195 78 1
142 102 195 78 142 1
102 195 78 142 78 1
195 78 142 78 146 1
78 142 78 146 142 1
142 78 146 142 78 1
78 146 142 78 102 1
146 142 78 102 78 1
142 78 102 78 142 1
78 102 78 142 102 1
102 78 142 102 142 1
78 142 102 142 102 1
142 102 142 102 102 1
102 142 102 102 78 1
142 102 102 78 146 1
102 102 78 146 78 1
102 78 146 78 142 1
78 146 78 142 6 1
146 78 142 6 142 1
78 142 6 142 78 1
142 6 142 78 102 1
6 142 78 102 195 1
142 78 102 195 142 1
78 102 195 142 78 1
102 195 142 78 142 1
195 142 78 142 78 1
142 78 142 78 6 1
78 142 78 6 102 1
142 78 6 102 142 1
78 6 102 142 78 1
6 102 142 78 78 1
102 142 78 78 142 1
142 78 78 142 102 1
78 78 142 102 78 1
78 142 102 78 78 1
142 102 78 78 142 1
102 78 78 142 102 1
78 78 142 102 142 1
78 142 102 142 78 1
142 102 142 78 102 1
102 142 78 102 6 1
142 78 102 6 78 1
78 102 6 78 146 1
102 6 78 146 78 1
6 78 146 78 142 1
78 146 78 142 142 1
146 78 142 142 78 1
78 142 142 78 78 1
142 142 78 78 142 1
142 78 78 142 6 1
78 78 142 6 142 1
78 142 6 142 142 1
142 6 142 142 142 1
6 142 142 142 78 1
142 142 142 78 146 1
142 142 78 146 195 1
142 78 146 195 78 1
78 146 195 78 78 1
146 195 78 78 78 1
195 78 78 78 78 1
78 78 78 78 195 1
78 78 78 195 142 1
78 78 195 142 78 1
78 195 142 78 142 1
195 142 78 142 142 1
142 78 142 142 142 1
78 142 142 142 78 1
142 142 142 78 102 1
142 142 78 102 13 1
142 78 102 13 78 1
78 102 13 78 78 1
102 13 78 78 142 1
13 78 78 142 78 1
78 78 142 78 102 1
78 142 78 102 78 1
142 78 102 78 78 1
78 102 78 78 142 1
102 78 78 142 78 1
78 78 142 78 102 1
78 142 78 102 78 1
142 78 102 78 78 1
78 102 78 78 142 1
102 78 78 142 78 1
78 78 142 78 146 1
78 142 78 146 78 1
142 78 146 78 78 1
78 146 78 78 142 1
146 78 78 142 78 1
78 78 142 78 102 1
78 142 78 102 78 1
142 78 102 78 78 1
78 102 78 78 142 1
102 78 78 142 78 1
78 78 142 78 102 1
78 142 78 102 195 1
142 78 102 195 78 1
78 102 195 78 78 1
102 195 78 78 142 1
195 78 78 142 78 1
78 78 142 78 146 1
78 142 78 146 78 1
142 78 146 78 78 1
78 146 78 78 6 1
146 78 78 6 6 1
78 78 6 6 142 1
78 6 6 142 78 1
6 6 142 78 78 1
6 142 78 78 78 1
142 78 78 78 102 1
78 78 78 102 142 1
78 78 102 142 78 1
78 102 142 78 195 1
102 142 78 195 102 1
142 78 195 102 102 1
78 195 102 102 142 1
195 102 102 142 78 1
102 102 142 78 78 1
102 142 78 78 78 1
142 78 78 78 78 1
78 78 78 78 142 1
78 78 78 142 78 1
78 78 142 78 78 1
78 142 78 78 142 1
142 78 78 142 78 1
78 78 142 78 78 1
78 142 78 78 78 1
142 78 78 78 78 1
78 78 78 78 142 1
78 78 78 142 142 1
78 78 142 142 102 1
78 142 142 102 146 1
142 142 102 146 142 1
142 102 146 142 78 1
102 146 142 78 78 1
146 142 78 78 78 1
142 78 78 78 142 1
78 78 78 142 146 1
78 78 142 146 102 1
78 142 146 102 142 1
new
3 3 146 104 265 1
3 146 104 265 142 1
146 104 265 142 265 1
104 265 142 265 265 1
265 142 265 265 104 1
142 265 265 104 146 1
265 265 104 146 142 1
265 104 146 142 104 1
104 146 142 104 142 1
146 142 104 142 3 1
142 104 142 3 142 1
104 142 3 142 104 1
142 3 142 104 3 1
3 142 104 3 142 1
142 104 3 142 104 1
104 3 142 104 142 1
3 142 104 142 265 1
142 104 142 265 104 1
104 142 265 104 265 1
142 265 104 265 104 1
265 104 265 104 104 1
104 265 104 104 142 1
265 104 104 142 104 1
104 104 142 104 3 1
104 142 104 3 142 1
142 104 3 142 142 1
104 3 142 142 175 1
3 142 142 175 142 1
142 142 175 142 146 1
142 175 142 146 142 1
175 142 146 142 119 1
142 146 142 119 142 1
146 142 119 142 3 1
142 119 142 3 142 1
119 142 3 142 3 1
142 3 142 3 175 1
3 142 3 175 265 1
142 3 175 265 146 1
3 175 265 146 265 1
175 265 146 265 265 1
265 146 265 265 265 1
146 265 265 265 142 1
265 265 265 142 146 1
265 265 142 146 142 1
265 142 146 142 265 1
142 146 142 265 142 1
146 142 265 142 3 1
142 265 142 3 146 1
265 142 3 146 142 1
142 3 146 142 3 1
3 146 142 3 142 1
146 142 3 142 146 1
142 3 142 146 142 1
3 142 146 142 146 1
142 146 142 146 146 1
146 142 146 146 142 1
142 146 146 142 142 1
146 146 142 142 146 1
146 142 142 146 142 1
142 142 146 142 265 1
142 146 142 265 142 1
146 142 265 142 142 1
142 265 142 142 3 1
265 142 142 3 3 1
142 142 3 3 265 1
142 3 3 265 142 1
3 3 265 142 142 1
3 265 142 142 146 1
265 142 142 146 142 1
142 142 146 142 142 1
142 146 142 142 265 1
146 142 142 265 142 1
142 142 265 142 265 1
142 265 142 265 175 1
265 142 265 175 146 1
142 265 175 146 142 1
265 175 146 142 142 1
175 146 142 142 146 1
146 142 142 146 142 1
142 142 146 142 146 1
142 146 142 146 265 1
146 142 146 265 142 1
142 146 265 142 142 1
146 265 142 142 3 1
265 142 142 3 265 1
142 142 3 265 119 1
142 3 265 119 142 1
3 265 119 142 146 1
265 119 142 146 146 1
119 142 146 146 265 1
142 146 146 265 142 1
146 146 265 142 175 1
146 265 142 175 142 1
265 142 175 142 265 1
142 175 142 265 3 1
175 142 265 3 142 1
142 265 3 142 3 1
265 3 142 3 146 1
3 142 3 146 146 1
142 3 146 146 175 1
3 146 146 175 146 1
146 146 175 146 3 1
146 175 146 3 175 1
175 146 3 175 175 1
146 3 175 175 142 1
3 175 175 142 3 1
175 175 142 3 142 1
175 142 3 142 142 1
142 3 142 142 142 1
3 142 142 142 142 1
142 142 142 142 142 1
142 142 142 142 265 1
142 142 142 265 104 1
142 142 265 104 265 1
142 265 104 265 3 1
265 104 265 3 175 1
104 265 3 175 175 1
265 3 175 175 192 1
3 175 175 192 3 1
175 175 192 3 142 1
175 192 3 142 3 1
192 3 142 3 265 1
3 142 3 265 142 1
142 3 265 142 3 1
3 265 142 3 3 1
265 142 3 3 146 1
142 3 3 146 142 1
3 3 146 142 142 1
3 146 142 142 146 1
146 142 142 146 265 1
142 142 146 265 265 1
142 146 265 265 265 1
146 265 265 265 146 1
265 265 265 146 142 1
265 265 146 142 142 1
265 146 142 142 265 1
146 142 142 265 54 1
142 142 265 54 142 1
142 265 54 142 3 1
265 54 142 3 142 1
54 142 3 142 3 1
142 3 142 3 3 1
3 142 3 3 175 1
142 3 3 175 175 1
3 3 175 175 104 1
3 175 175 104 142 1
175 175 104 142 265 1
175 104 142 265 146 1
104 142 265 146 142 1
142 265 146 142 119 1
265 146 142 119 265 1
146 142 119 265 175 1
142 119 265 175 175 1
119 265 175 175 142 1
265 175 175 142 3 1
175 175 142 3 265 1
175 142 3 265 119 1
142 3 265 119 265 1
3 265 119 265 119 1
265 119 265 119 265 1
119 265 119 265 142 1
265 119 265 142 175 1
119 265 142 175 146 1
265 142 175 146 119 1
142 175 146 119 142 1
175 146 119 142 265 1
146 119 142 265 175 1
119 142 265 175 142 1
142 265 175 142 104 1
265 175 142 104 3 1
175 142 104 3 3 1
142 104 3 3 146 1
104 3 3 146 104 1
3 3 146 104 265 1
3 146 104 265 142 1
146 104 265 142 142 1
104 265 142 142 142 1
265 142 142 142 142 1
142 142 142 142 142 1
142 142 142 142 142 1
142 142 142 142 142 1
142 142 142 142 142 1
142 142 142 142 142 1
142 142 142 142 175 1
142 142 142 175 104 1
142 142 175 104 3 1
142 175 104 3 175 1
175 104 3 175 142 1
104 3 175 142 104 1
3 175 142 104 175 1
175 142 104 175 3 1
142 104 175 3 104 1
104 175 3 104 104 1
175 3 104 104 142 1
3 104 104 142 3 1
104 104 142 3 104 1
104 142 3 104 142 1
142 3 104 142 3 1
3 104 142 3 175 1
104 142 3 175 3 1
142 3 175 3 175 1
3 175 3 175 3 1
175 3 175 3 3 1
3 175 3 3 3 1
175 3 3 3 3 1
3 3 3 3 142 1
3 3 3 142 104 1
3 3 142 104 142 1
3 142 104 142 104 1
142 104 142 104 175 1
104 142 104 175 142 1
142 104 175 142 3 1
104 175 142 3 3 1
175 142 3 3 175 1
142 3 3 175 3 1
3 3 175 3 265 1
3 175 3 265 175 1
175 3 265 175 175 1
3 265 175 175 3 1
265 175 175 3 3 1
175 175 3 3 3 1
175 3 3 3 265 1
3 3 3 265 175 1
3 3 265 175 104 1
3 265 175 104 175 1
265 175 104 175 265 1
175 104 175 265 142 1
104 175 265 142 142 1
175 265 142 142 142 1
265 142 142 142 142 1
142 142 142 142 104 1
142 142 142 104 142 1
142 142 104 142 142 1
142 104 142 142 3 1
104 142 142 3 265 1
142 142 3 265 146 1
142 3 265 146 175 1
3 265 146 175 146 1
265 146 175 146 3 1
146 175 146 3 175 1
175 146 3 175 104 1
146 3 175 104 3 1
3 175 104 3 265 1
175 104 3 265 142 1
104 3 265 142 119 1
3 265 142 119 175 1
265 142 119 175 142 1
142 119 175 142 3 1
119 175 142 3 146 1
175 142 3 146 142 1
142 3 146 142 142 1
3 146 142 142 146 1
146 142 142 146 142 1
142 142 146 142 3 1
142 146 142 3 142 1
146 142 3 142 265 1
142 3 142 265 3 1
3 142 265 3 142 1
142 265 3 142 3 1
265 3 142 3 146 1
3 142 3 146 3 1
142 3 146 3 142 1
3 146 3 142 142 1
146 3 142 142 142 1
3 142 142 142 3 1
142 142 142 3 265 1
142 142 3 265 146 1
142 3 265 146 265 1
3 265 146 265 142 1
265 146 265 142 3 1
146 265 142 3 265 1
265 142 3 265 3 1
142 3 265 3 146 1
3 265 3 146 146 1
265 3 146 146 91 1
3 146 146 91 142 1
146 146 91 142 175 1
146 91 142 175 175 1
91 142 175 175 146 1
142 175 175 146 265 1
175 175 146 265 146 1
175 146 265 146 142 1
146 265 146 142 142 1
265 146 142 142 142 1
146 142 142 142 146 1
142 142 142 146 142 1
142 142 146 142 146 1
142 146 142 146 142 1
146 142 146 142 265 1
142 146 142 265 142 1
146 142 265 142 142 1
142 265 142 142 3 1
265 142 142 3 3 1
142 142 3 3 175 1
142 3 3 175 146 1
3 3 175 146 175 1
3 175 146 175 119 1
175 146 175 119 3 1
146 175 119 3 146 1
175 119 3 146 142 1
119 3 146 142 3 1
3 146 142 3 265 1
146 142 3 265 142 1
142 3 265 142 142 1
3 265 142 142 146 1
265 142 142 146 265 1
142 142 146 265 265 1
142 146 265 265 142 1
146 265 265 142 142 1
265 265 142 142 146 1
265 142 142 146 146 1
142 142 146 146 142 1
142 146 146 142 104 1
146 146 142 104 142 1
146 142 104 142 142 1
142 104 142 142 146 1
104 142 142 146 142 1
142 142 146 142 146 1
142 146 142 146 119 1
146 142 146 119 142 1
142 146 119 142 142 1
146 119 142 142 119 1
119 142 142 119 142 1
142 142 119 142 146 1
142 119 142 146 142 1
119 142 146 142 119 1
142 146 142 119 265 1
146 142 119 265 265 1
142 119 265 265 265 1
119 265 265 265 3 1
265 265 265 3 142 1
265 265 3 142 146 1
265 3 142 146 142 1
3 142 146 142 3 1
142 146 142 3 104 1
146 142 3 104 142 1
142 3 104 142 142 1
3 104 142 142 265 1
104 142 142 265 175 1
142 142 265 175 175 1
142 265 175 175 3 1
265 175 175 3 104 1
175 175 3 104 192 1
175 3 104 192 175 1
3 104 192 175 3 1
104 192 175 3 3 1
192 175 3 3 142 1
175 3 3 142 175 1
3 3 142 175 175 1
3 142 175 175 175 1
142 175 175 175 104 1
175 175 175 104 3 1
175 175 104 3 142 1
175 104 3 142 265 1
104 3 142 265 142 1
3 142 265 142 265 1
142 265 142 265 146 1
265 142 265 146 175 1
142 265 146 175 3 1
265 146 175 3 146 1
146 175 3 146 3 1
175 3 146 3 104 1
3 146 3 104 142 1
146 3 104 142 142 1
3 104 142 142 3 1
104 142 142 3 175 1
142 142 3 175 146 1
142 3 175 146 265 1
3 175 146 265 142 1
175 146 265 142 146 1
146 265 142 146 119 1
265 142 146 119 265 1
142 146 119 265 146 1
146 119 265 146 146 1
119 265 146 146 265 1
265 146 146 265 265 1
146 146 265 265 146 1
146 265 265 146 3 1
265 265 146 3 142 1
265 146 3 142 3 1
146 3 142 3 3 1
3 142 3 3 3 1
142 3 3 3 142 1
3 3 3 142 265 1
3 3 142 265 175 1
3 142 265 175 142 1
142 265 175 142 104 1
265 175 142 104 3 1
175 142 104 3 104 1
142 104 3 104 142 1
104 3 104 142 175 1
3 104 142 175 146 1
104 142 175 146 175 1
142 175 146 175 142 1
175 146 175 142 146 1
146 175 142 146 265 1
175 142 146 265 3 1
142 146 265 3 104 1
146 265 3 104 146 1
265 3 104 146 104 1
3 104 146 104 265 1
104 146 104 265 265 1
146 104 265 265 3 1
104 265 265 3 119 1
265 265 3 119 142 1
265 3 119 142 265 1
3 119 142 265 142 1
119 142 265 142 3 1
142 265 142 3 142 1
265 142 3 142 146 1
142 3 142 146 142 1
3 142 146 142 119 1
142 146 142 119 142 1
146 142 119 142 142 1
142 119 142 142 142 1
119 142 142 142 142 1
142 142 142 142 142 1
142 142 142 142 265 1
142 142 142 265 142 1
142 142 265 142 119 1
142 265 142 119 142 1
265 142 119 142 265 1
142 119 142 265 142 1
119 142 265 142 104 1
142 265 142 104 265 1
265 142 104 265 175 1
142 104 265 175 3 1
104 265 175 3 142 1
265 175 3 142 142 1
175 3 142 142 265 1
3 142 142 265 146 1
142 142 265 146 142 1
142 265 146 142 265 1
265 146 142 265 3 1
146 142 265 3 142 1
142 265 3 142 142 1
265 3 142 142 146 1
3 142 142 146 142 1
142 142 146 142 142 1
142 146 142 142 142 1
146 142 142 142 175 1
142 142 142 175 146 1
142 142 175 146 142 1
142 175 146 142 265 1
175 146 142 265 142 1
146 142 265 142 146 1
142 265 142 146 3 1
265 142 146 3 142 1
142 146 3 142 175 1
146 3 142 175 142 1
3 142 175 142 142 1
142 175 142 142 175 1
175 142 142 175 142 1
142 142 175 142 175 1
142 175 142 175 142 1
175 142 175 142 265 1
142 175 142 265 119 1
175 142 265 119 3 1
142 265 119 3 142 1
265 119 3 142 142 1
119 3 142 142 265 1
3 142 142 265 175 1
142 142 265 175 142 1
142 265 175 142 265 1
265 175 142 265 142 1
175 142 265 142 142 1
142 265 142 142 142 1
265 142 142 142 119 1
142 142 142 119 104 1
142 142 119 104 146 1
142 119 104 146 142 1
119 104 146 142 142 1
104 146 142 142 175 1
146 142 142 175 142 1
142 142 175 142 104 1
142 175 142 104 142 1
175 142 104 142 142 1
142 104 142 142 119 1
104 142 142 119 142 1
142 142 119 142 142 1
142 119 142 142 146 1
119 142 142 146 175 1
142 142 146 175 142 1
142 146 175 142 142 1
146 175 142 142 142 1
175 142 142 142 3 1
142 142 142 3 265 1
142 142 3 265 175 1
142 3 265 175 175 1
3 265 175 175 175 1
265 175 175 175 175 1
175 175 175 175 142 1
175 175 175 142 265 1
175 175 142 265 104 1
175 142 265 104 3 1
142 265 104 3 3 1
265 104 3 3 146 1
104 3 3 146 104 1
3 3 146 104 265 1
3 146 104 265 142 1
146 104 265 142 142 1
104 265 142 142 3 1
265 142 142 3 265 1
142 142 3 265 175 1
142 3 265 175 175 1
3 265 175 175 175 1
265 175 175 175 175 1
175 175 175 175 142 1
175 175 175 142 142 1
175 175 142 142 142 1
175 142 142 142 146 1
142 142 142 146 104 1
142 142 146 104 175 1
142 146 104 175 142 1
146 104 175 142 265 1
104 175 142 265 142 1
175 142 265 142 265 1
142 265 142 265 265 1
265 142 265 265 175 1
142 265 265 175 104 1
265 265 175 104 265 1
265 175 104 265 119 1
175 104 265 119 146 1
104 265 119 146 175 1
265 119 146 175 265 1
119 146 175 265 265 1
146 175 265 265 142 1
175 265 265 142 265 1
265 265 142 265 142 1
265 142 265 142 142 1
142 265 142 142 142 1
265 142 142 142 119 1
142 142 142 119 265 1
142 142 119 265 175 1
142 119 265 175 142 1
119 265 175 142 146 1
265 175 142 146 175 1
175 142 146 175 175 1
142 146 175 175 265 1
146 175 175 265 104 1
175 175 265 104 175 1
175 265 104 175 175 1
265 104 175 175 142 1
104 175 175 142 146 1
175 175 142 146 175 1
175 142 146 175 142 1
142 146 175 142 3 1
146 175 142 3 142 1
175 142 3 142 142 1
142 3 142 142 175 1
3 142 142 175 175 1
142 142 175 175 142 1
142 175 175 142 146 1
175 175 142 146 104 1
175 142 146 104 3 1
142 146 104 3 3 1
146 104 3 3 175 1
104 3 3 175 175 1
3 3 175 175 3 1
3 175 175 3 3 1
175 175 3 3 104 1
175 3 3 104 3 1
3 3 104 3 3 1
3 104 3 3 146 1
104 3 3 146 142 1
3 3 146 142 3 1
3 146 142 3 3 1
146 142 3 3 265 1
142 3 3 265 3 1
3 3 265 3 3 1
3 265 3 3 142 1
265 3 3 142 142 1
3 3 142 142 175 1
3 142 142 175 3 1
142 142 175 3 3 1
142 175 3 3 142 1
175 3 3 142 3 1
3 3 142 3 142 1
3 142 3 142 142 1
142 3 142 142 142 1
3 142 142 142 265 1
142 142 142 265 265 1
142 142 265 265 142 1
142 265 265 142 142 1
265 265 142 142 175 1
265 142 142 175 142 1
142 142 175 142 175 1
142 175 142 175 175 1
175 142 175 175 142 1
142 175 175 142 146 1
175 175 142 146 142 1
175 142 146 142 146 1
142 146 142 146 265 1
146 142 146 265 265 1
142 146 265 265 142 1
146 265 265 142 175 1
265 265 142 175 142 1
265 142 175 142 142 1
142 175 142 142 142 1
175 142 142 142 175 1
142 142 142 175 119 1
142 142 175 119 265 1
142 175 119 265 175 1
175 119 265 175 119 1
119 265 175 119 3 1
265 175 119 3 142 1
175 119 3 142 146 1
119 3 142 146 3 1
3 142 146 3 3 1
142 146 3 3 3 1
146 3 3 3 3 1
3 3 3 3 3 1
3 3 3 3 3 1
3 3 3 3 142 1
3 3 3 142 146 1
3 3 142 146 104 1
3 142 146 104 104 1
142 146 104 104 3 1
146 104 104 3 3 1
104 104 3 3 265 1
104 3 3 265 104 1
3 3 265 104 146 1
3 265 104 146 142 1
265 104 146 142 265 1
104 146 142 265 3 1
146 142 265 3 3 1
142 265 3 3 3 1
265 3 3 3 142 1
3 3 3 142 175 1
3 3 142 175 142 1
3 142 175 142 175 1
142 175 142 175 3 1
175 142 175 3 175 1
142 175 3 175 3 1
175 3 175 3 142 1
3 175 3 142 3 1
175 3 142 3 175 1
3 142 3 175 104 1
142 3 175 104 142 1
3 175 104 142 175 1
175 104 142 175 142 1
104 142 175 142 3 1
142 175 142 3 142 1
175 142 3 142 142 1
142 3 142 142 104 1
3 142 142 104 3 1
142 142 104 3 3 1
142 104 3 3 3 1
104 3 3 3 142 1
3 3 3 142 175 1
3 3 142 175 3 1
3 142 175 3 3 1
142 175 3 3 3 1
175 3 3 3 3 1
3 3 3 3 175 1
3 3 3 175 3 1
3 3 175 3 175 1
3 175 3 175 142 1
175 3 175 142 3 1
3 175 142 3 142 1
175 142 3 142 3 1
142 3 142 3 3 1
3 142 3 3 142 1
142 3 3 142 3 1
3 3 142 3 3 1
3 142 3 3 175 1
142 3 3 175 142 1
3 3 175 142 3 1
3 175 142 3 3 1
175 142 3 3 3 1
142 3 3 3 265 1
3 3 3 265 3 1
3 3 265 3 142 1
3 265 3 142 175 1
265 3 142 175 175 1
3 142 175 175 175 1
142 175 175 175 104 1
175 175 175 104 3 1
175 175 104 3 3 1
175 104 3 3 175 1
104 3 3 175 142 1
3 3 175 142 3 1
3 175 142 3 265 1
175 142 3 265 104 1
142 3 265 104 104 1
3 265 104 104 3 1
265 104 104 3 142 1
104 104 3 142 3 1
104 3 142 3 175 1
3 142 3 175 104 1
142 3 175 104 3 1
3 175 104 3 142 1
175 104 3 142 142 1
104 3 142 142 3 1
3 142 142 3 175 1
142 142 3 175 142 1
142 3 175 142 3 1
3 175 142 3 104 1
175 142 3 104 175 1
142 3 104 175 175 1
3 104 175 175 175 1
104 175 175 175 265 1
175 175 175 265 175 1
175 175 265 175 175 1
175 265 175 175 3 1
265 175 175 3 3 1
175 175 3 3 3 1
175 3 3 3 3 1
3 3 3 3 104 1
3 3 3 104 3 1
3 3 104 3 3 1
3 104 3 3 175 1
104 3 3 175 142 1
3 3 175 142 104 1
3 175 142 104 3 1
175 142 104 3 175 1
142 104 3 175 3 1
104 3 175 3 3 1
3 175 3 3 142 1
175 3 3 142 142 1
3 3 142 142 175 1
3 142 142 175 142 1
142 142 175 142 146 1
142 175 142 146 175 1
175 142 146 175 3 1
142 146 175 3 146 1
146 175 3 146 175 1
175 3 146 175 175 1
3 146 175 175 104 1
146 175 175 104 265 1
175 175 104 265 175 1
new
265 168 265 265 168 1
168 265 265 168 265 1
265 265 168 265 168 1
265 168 265 168 168 1
168 265 168 168 265 1
265 168 168 265 3 1
168 168 265 3 43 1
168 265 3 43 3 1
265 3 43 3 168 1
3 43 3 168 43 1
43 3 168 43 168 1
3 168 43 168 265 1
168 43 168 265 43 1
43 168 265 43 265 1
168 265 43 265 265 1
265 43 265 265 168 1
43 265 265 168 3 1
265 265 168 3 168 1
265 168 3 168 168 1
168 3 168 168 3 1
3 168 168 3 168 1
168 168 3 168 265 1
168 3 168 265 168 1
3 168 265 168 168 1
168 265 168 168 265 1
265 168 168 265 43 1
168 168 265 43 168 1
168 265 43 168 168 1
265 43 168 168 265 1
43 168 168 265 43 1
168 168 265 43 3 1
168 265 43 3 265 1
265 43 3 265 168 1
43 3 265 168 265 1
3 265 168 265 168 1
265 168 265 168 265 1
168 265 168 265 43 1
265 168 265 43 3 1
168 265 43 3 265 1
265 43 3 265 43 1
43 3 265 43 3 1
3 265 43 3 265 1
265 43 3 265 168 1
43 3 265 168 168 1
3 265 168 168 265 1
265 168 168 265 43 1
168 168 265 43 3 1
168 265 43 3 265 1
265 43 3 265 168 1
43 3 265 168 265 1
3 265 168 265 168 1
265 168 265 168 265 1
168 265 168 265 265 1
265 168 265 265 168 1
168 265 265 168 3 1
265 265 168 3 265 1
265 168 3 265 168 1
168 3 265 168 265 1
3 265 168 265 43 1
265 168 265 43 3 1
168 265 43 3 265 1
265 43 3 265 43 1
43 3 265 43 3 1
3 265 43 3 265 1
265 43 3 265 168 1
43 3 265 168 168 1
3 265 168 168 265 1
265 168 168 265 43 1
168 168 265 43 3 1
168 265 43 3 265 1
265 43 3 265 43 1
43 3 265 43 168 1
3 265 43 168 168 1
265 43 168 168 168 1
43 168 168 168 3 1
168 168 168 3 3 1
168 168 3 3 3 1
168 3 3 3 168 1
3 3 3 168 265 1
3 3 168 265 43 1
3 168 265 43 3 1
168 265 43 3 265 1
265 43 3 265 3 1
43 3 265 3 265 1
3 265 3 265 43 1
265 3 265 43 43 1
3 265 43 43 43 1
265 43 43 43 3 1
43 43 43 3 265 1
43 43 3 265 265 1
43 3 265 265 195 1
3 265 265 195 265 1
265 265 195 265 168 1
265 195 265 168 3 1
195 265 168 3 168 1
265 168 3 168 3 1
168 3 168 3 265 1
3 168 3 265 43 1
168 3 265 43 265 1
3 265 43 265 168 1
265 43 265 168 265 1
43 265 168 265 43 1
265 168 265 43 3 1
168 265 43 3 168 1
265 43 3 168 168 1
43 3 168 168 3 1
3 168 168 3 265 1
168 168 3 265 168 1
168 3 265 168 265 1
3 265 168 265 43 1
265 168 265 43 3 1
168 265 43 3 265 1
265 43 3 265 43 1
43 3 265 43 168 1
3 265 43 168 265 1
265 43 168 265 265 1
43 168 265 265 265 1
168 265 265 265 265 1
265 265 265 265 168 1
265 265 265 168 265 1
265 265 168 265 43 1
265 168 265 43 3 1
168 265 43 3 265 1
265 43 3 265 43 1
43 3 265 43 168 1
3 265 43 168 168 1
265 43 168 168 168 1
43 168 168 168 265 1
168 168 168 265 43 1
168 168 265 43 3 1
168 265 43 3 265 1
265 43 3 265 43 1
43 3 265 43 168 1
3 265 43 168 265 1
265 43 168 265 43 1
43 168 265 43 3 1
168 265 43 3 265 1
265 43 3 265 43 1
43 3 265 43 265 1
3 265 43 265 265 1
265 43 265 265 265 1
43 265 265 265 3 1
265 265 265 3 43 1
265 265 3 43 265 1
265 3 43 265 168 1
3 43 265 168 168 1
43 265 168 168 265 1
265 168 168 265 43 1
168 168 265 43 3 1
168 265 43 3 265 1
265 43 3 265 43 1
43 3 265 43 168 1
3 265 43 168 265 1
265 43 168 265 43 1
43 168 265 43 3 1
168 265 43 3 265 1
265 43 3 265 43 1
43 3 265 43 168 1
3 265 43 168 265 1
265 43 168 265 43 1
43 168 265 43 3 1
168 265 43 3 265 1
265 43 3 265 43 1
43 3 265 43 168 1
3 265 43 168 265 1
265 43 168 265 43 1
43 168 265 43 168 1
168 265 43 168 265 1
265 43 168 265 43 1
43 168 265 43 3 1
168 265 43 3 265 1
265 43 3 265 43 1
43 3 265 43 168 1
3 265 43 168 265 1
265 43 168 265 43 1
43 168 265 43 3 1
168 265 43 3 265 1
265 43 3 265 43 1
43 3 265 43 168 1
3 265 43 168 265 1
265 43 168 265 265 1
43 168 265 265 168 1
168 265 265 168 265 1
265 265 168 265 43 1
265 168 265 43 3 1
168 265 43 3 265 1
265 43 3 265 43 1
43 3 265 43 265 1
3 265 43 265 168 1
265 43 265 168 265 1
43 265 168 265 265 1
265 168 265 265 168 1
168 265 265 168 265 1
265 265 168 265 43 1
265 168 265 43 3 1
168 265 43 3 265 1
265 43 3 265 43 1
43 3 265 43 265 1
3 265 43 265 168 1
265 43 265 168 265 1
43 265 168 265 43 1
265 168 265 43 3 1
168 265 43 3 265 1
265 43 3 265 43 1
43 3 265 43 3 1
3 265 43 3 265 1
265 43 3 265 43 1
43 3 265 43 265 1
3 265 43 265 3 1
265 43 265 3 168 1
43 265 3 168 265 1
265 3 168 265 43 1
3 168 265 43 3 1
168 265 43 3 265 1
265 43 3 265 43 1
43 3 265 43 168 1
3 265 43 168 265 1
265 43 168 265 43 1
43 168 265 43 3 1
168 265 43 3 265 1
265 43 3 265 43 1
43 3 265 43 168 1
3 265 43 168 265 1
265 43 168 265 43 1
43 168 265 43 3 1
168 265 43 3 265 1
265 43 3 265 43 1
43 3 265 43 168 1
3 265 43 168 168 1
265 43 168 168 168 1
43 168 168 168 265 1
168 168 168 265 43 1
168 168 265 43 3 1
168 265 43 3 265 1
265 43 3 265 43 1
43 3 265 43 168 1
3 265 43 168 265 1
265 43 168 265 43 1
43 168 265 43 3 1
168 265 43 3 265 1
265 43 3 265 43 1
43 3 265 43 3 1
3 265 43 3 3 1
265 43 3 3 168 1
43 3 3 168 265 1
3 3 168 265 43 1
3 168 265 43 3 1
168 265 43 3 265 1
265 43 3 265 43 1
43 3 265 43 265 1
3 265 43 265 168 1
265 43 265 168 265 1
43 265 168 265 43 1
265 168 265 43 3 1
168 265 43 3 265 1
265 43 3 265 3 1
43 3 265 3 265 1
3 265 3 265 43 1
265 3 265 43 3 1
3 265 43 3 168 1
265 43 3 168 265 1
43 3 168 265 43 1
3 168 265 43 3 1
168 265 43 3 265 1
265 43 3 265 43 1
43 3 265 43 168 1
3 265 43 168 265 1
265 43 168 265 43 1
43 168 265 43 3 1
168 265 43 3 265 1
265 43 3 265 43 1
43 3 265 43 168 1
3 265 43 168 265 1
265 43 168 265 43 1
43 168 265 43 3 1
168 265 43 3 265 1
265 43 3 265 43 1
43 3 265 43 168 1
3 265 43 168 265 1
265 43 168 265 43 1
43 168 265 43 3 1
168 265 43 3 265 1
265 43 3 265 43 1
43 3 265 43 168 1
3 265 43 168 265 1
265 43 168 265 43 1
43 168 265 43 3 1
168 265 43 3 265 1
265 43 3 265 168 1
43 3 265 168 265 1
3 265 168 265 43 1
265 168 265 43 3 1
168 265 43 3 265 1
265 43 3 265 43 1
43 3 265 43 265 1
3 265 43 265 265 1
265 43 265 265 3 1
43 265 265 3 265 1
265 265 3 265 43 1
265 3 265 43 168 1
3 265 43 168 265 1
265 43 168 265 43 1
43 168 265 43 3 1
168 265 43 3 265 1
265 43 3 265 43 1
43 3 265 43 168 1
3 265 43 168 265 1
265 43 168 265 43 1
43 168 265 43 3 1
168 265 43 3 265 1
265 43 3 265 43 1
43 3 265 43 3 1
3 265 43 3 168 1
265 43 3 168 43 1
43 3 168 43 168 1
3 168 43 168 265 1
168 43 168 265 195 1
43 168 265 195 265 1
168 265 195 265 168 1
265 195 265 168 168 1
195 265 168 168 265 1
265 168 168 265 43 1
168 168 265 43 43 1
168 265 43 43 3 1
265 43 43 3 265 1
43 43 3 265 43 1
43 3 265 43 265 1
3 265 43 265 168 1
265 43 265 168 265 1
43 265 168 265 43 1
265 168 265 43 3 1
168 265 43 3 265 1
265 43 3 265 43 1
43 3 265 43 168 1
3 265 43 168 265 1
265 43 168 265 168 1
43 168 265 168 265 1
168 265 168 265 43 1
265 168 265 43 3 1
168 265 43 3 265 1
265 43 3 265 43 1
43 3 265 43 168 1
3 265 43 168 168 1
265 43 168 168 3 1
43 168 168 3 265 1
168 168 3 265 43 1
168 3 265 43 3 1
3 265 43 3 265 1
265 43 3 265 43 1
43 3 265 43 168 1
3 265 43 168 265 1
265 43 168 265 43 1
43 168 265 43 3 1
168 265 43 3 265 1
265 43 3 265 43 1
43 3 265 43 168 1
3 265 43 168 265 1
265 43 168 265 168 1
43 168 265 168 265 1
168 265 168 265 43 1
265 168 265 43 3 1
168 265 43 3 265 1
265 43 3 265 43 1
43 3 265 43 3 1
3 265 43 3 168 1
265 43 3 168 168 1
43 3 168 168 265 1
3 168 168 265 43 1
168 168 265 43 3 1
168 265 43 3 265 1
265 43 3 265 43 1
43 3 265 43 3 1
3 265 43 3 265 1
265 43 3 265 3 1
43 3 265 3 265 1
3 265 3 265 43 1
265 3 265 43 265 1
3 265 43 265 3 1
265 43 265 3 265 1
43 265 3 265 43 1
265 3 265 43 3 1
3 265 43 3 168 1
265 43 3 168 265 1
43 3 168 265 3 1
3 168 265 3 168 1
168 265 3 168 265 1
265 3 168 265 43 1
3 168 265 43 3 1
168 265 43 3 265 1
265 43 3 265 43 1
43 3 265 43 265 1
3 265 43 265 168 1
265 43 265 168 265 1
43 265 168 265 3 1
265 168 265 3 3 1
168 265 3 3 265 1
265 3 3 265 43 1
3 3 265 43 3 1
3 265 43 3 265 1
265 43 3 265 43 1
43 3 265 43 168 1
3 265 43 168 265 1
265 43 168 265 43 1
43 168 265 43 3 1
168 265 43 3 265 1
265 43 3 265 43 1
43 3 265 43 168 1
3 265 43 168 265 1
265 43 168 265 3 1
43 168 265 3 168 1
168 265 3 168 265 1
265 3 168 265 43 1
3 168 265 43 3 1
168 265 43 3 43 1
265 43 3 43 168 1
43 3 43 168 265 1
3 43 168 265 43 1
43 168 265 43 3 1
168 265 43 3 265 1
265 43 3 265 168 1
43 3 265 168 265 1
3 265 168 265 168 1
265 168 265 168 265 1
168 265 168 265 43 1
265 168 265 43 3 1
168 265 43 3 265 1
265 43 3 265 43 1
43 3 265 43 168 1
3 265 43 168 3 1
265 43 168 3 168 1
43 168 3 168 265 1
168 3 168 265 43 1
3 168 265 43 168 1
168 265 43 168 265 1
265 43 168 265 43 1
43 168 265 43 3 1
168 265 43 3 168 1
265 43 3 168 265 1
43 3 168 265 43 1
3 168 265 43 3 1
168 265 43 3 168 1
265 43 3 168 265 1
43 3 168 265 43 1
3 168 265 43 3 1
168 265 43 3 265 1
265 43 3 265 43 1
43 3 265 43 168 1
3 265 43 168 168 1
265 43 168 168 265 1
43 168 168 265 43 1
168 168 265 43 3 1
168 265 43 3 265 1
265 43 3 265 43 1
43 3 265 43 168 1
3 265 43 168 168 1
265 43 168 168 265 1
43 168 168 265 43 1
168 168 265 43 3 1
168 265 43 3 265 1
265 43 3 265 43 1
43 3 265 43 168 1
3 265 43 168 3 1
265 43 168 3 265 1
43 168 3 265 43 1
168 3 265 43 168 1
3 265 43 168 265 1
265 43 168 265 43 1
43 168 265 43 3 1
168 265 43 3 265 1
265 43 3 265 43 1
43 3 265 43 168 1
3 265 43 168 265 1
265 43 168 265 168 1
43 168 265 168 265 1
168 265 168 265 43 1
265 168 265 43 3 1
168 265 43 3 265 1
265 43 3 265 43 1
43 3 265 43 3 1
3 265 43 3 3 1
265 43 3 3 43 1
43 3 3 43 168 1
3 3 43 168 168 1
3 43 168 168 168 1
43 168 168 168 168 1
168 168 168 168 168 1
168 168 168 168 168 1
168 168 168 168 3 1
168 168 168 3 168 1
168 168 3 168 168 1
168 3 168 168 265 1
3 168 168 265 3 1
168 168 265 3 265 1
168 265 3 265 168 1
265 3 265 168 168 1
3 265 168 168 168 1
265 168 168 168 3 1
168 168 168 3 265 1
168 168 3 265 168 1
168 3 265 168 168 1
3 265 168 168 168 1
265 168 168 168 168 1
168 168 168 168 168 1
168 168 168 168 168 1
168 168 168 168 265 1
168 168 168 265 168 1
168 168 265 168 265 1
168 265 168 265 168 1
265 168 265 168 168 1
168 265 168 168 265 1
265 168 168 265 3 1
168 168 265 3 265 1
168 265 3 265 168 1
265 3 265 168 168 1
3 265 168 168 168 1
265 168 168 168 3 1
168 168 168 3 168 1
168 168 3 168 3 1
168 3 168 3 168 1
3 168 3 168 265 1
168 3 168 265 168 1
3 168 265 168 43 1
168 265 168 43 168 1
265 168 43 168 3 1
168 43 168 3 168 1
43 168 3 168 168 1
168 3 168 168 265 1
3 168 168 265 3 1
168 168 265 3 43 1
168 265 3 43 168 1
265 3 43 168 3 1
3 43 168 3 168 1
43 168 3 168 265 1
168 3 168 265 43 1
3 168 265 43 3 1
168 265 43 3 265 1
265 43 3 265 43 1
43 3 265 43 43 1
3 265 43 43 168 1
265 43 43 168 168 1
43 43 168 168 168 1
43 168 168 168 265 1
168 168 168 265 3 1
168 168 265 3 265 1
168 265 3 265 3 1
265 3 265 3 168 1
3 265 3 168 3 1
265 3 168 3 168 1
3 168 3 168 265 1
168 3 168 265 265 1
3 168 265 265 168 1
168 265 265 168 265 1
265 265 168 265 168 1
265 168 265 168 168 1
168 265 168 168 168 1
265 168 168 168 265 1
168 168 168 265 265 1
168 168 265 265 43 1
168 265 265 43 3 1
265 265 43 3 265 1
265 43 3 265 43 1
43 3 265 43 265 1
3 265 43 265 340 1
265 43 265 340 3 1
43 265 340 3 265 1
265 340 3 265 3 1
340 3 265 3 265 1
3 265 3 265 168 1
265 3 265 168 168 1
3 265 168 168 265 1
265 168 168 265 265 1
168 168 265 265 265 1
168 265 265 265 265 1
265 265 265 265 168 1
265 265 265 168 168 1
265 265 168 168 265 1
265 168 168 265 168 1
168 168 265 168 3 1
168 265 168 3 168 1
265 168 3 168 265 1
168 3 168 265 168 1
3 168 265 168 3 1
168 265 168 3 340 1
265 168 3 340 265 1
168 3 340 265 168 1
3 340 265 168 3 1
340 265 168 3 265 1
265 168 3 265 168 1
168 3 265 168 168 1
3 265 168 168 168 1
265 168 168 168 168 1
168 168 168 168 3 1
168 168 168 3 265 1
168 168 3 265 168 1
168 3 265 168 265 1
3 265 168 265 265 1
265 168 265 265 265 1
168 265 265 265 43 1
265 265 265 43 3 1
265 265 43 3 168 1
new
