301 301 301 1
301 301 301 1
301 301 301 1
301 301 220 1
301 220 301 1
220 301 301 1
301 301 301 1
301 301 301 1
301 301 301 1
301 301 220 1
301 220 301 1
220 301 301 1
301 301 301 1
301 301 6 1
301 6 301 1
6 301 301 1
301 301 301 1
301 301 301 1
301 301 301 1
301 301 301 1
301 301 301 1
301 301 301 1
301 301 301 1
301 301 301 1
301 301 301 1
301 301 301 1
301 301 301 1
301 301 301 1
301 301 301 1
301 301 220 1
301 220 301 1
220 301 301 1
301 301 301 1
301 301 301 1
301 301 301 1
301 301 301 1
301 301 301 1
301 301 301 1
301 301 301 1
301 301 301 1
301 301 6 1
301 6 301 1
6 301 301 1
301 301 301 1
301 301 301 1
301 301 301 1
301 301 301 1
301 301 301 1
301 301 301 1
301 301 301 1
301 301 301 1
301 301 301 1
301 301 301 1
301 301 301 1
301 301 301 1
301 301 301 1
301 301 221 1
301 221 197 1
221 197 301 1
197 301 301 1
301 301 301 1
301 301 221 1
301 221 301 1
221 301 301 1
301 301 301 1
301 301 301 1
301 301 301 1
301 301 301 1
301 301 301 1
301 301 301 1
301 301 301 1
301 301 301 1
301 301 301 1
301 301 221 1
301 221 301 1
221 301 301 1
301 301 301 1
301 301 301 1
301 301 301 1
301 301 300 1
301 300 221 1
300 221 301 1
221 301 220 1
301 220 221 1
220 221 301 1
221 301 301 1
301 301 301 1
301 301 301 1
301 301 301 1
301 301 301 1
301 301 301 1
301 301 301 1
301 301 301 1
301 301 301 1
301 301 301 1
301 301 301 1
301 301 301 1
301 301 301 1
301 301 301 1
301 301 301 1
301 301 301 1
301 301 301 1
301 301 301 1
301 301 301 1
301 301 301 1
301 301 301 1
301 301 301 1
301 301 301 1
301 301 301 1
301 301 300 1
301 300 220 1
300 220 220 1
220 220 301 1
220 301 301 1
301 301 301 1
301 301 301 1
301 301 301 1
301 301 301 1
301 301 301 1
301 301 301 1
301 301 220 1
301 220 301 1
220 301 301 1
301 301 301 1
301 301 301 1
301 301 301 1
301 301 301 1
301 301 301 1
301 301 301 1
301 301 301 1
301 301 301 1
301 301 301 1
301 301 301 1
301 301 301 1
301 301 301 1
301 301 301 1
301 301 221 1
301 221 301 1
221 301 301 1
301 301 301 1
301 301 301 1
301 301 301 1
301 301 301 1
301 301 301 1
301 301 301 1
301 301 301 1
301 301 301 1
301 301 301 1
301 301 301 1
301 301 221 1
301 221 301 1
221 301 301 1
301 301 221 1
301 221 301 1
221 301 301 1
301 301 220 1
301 220 301 1
220 301 301 1
301 301 301 1
301 301 301 1
301 301 301 1
301 301 301 1
301 301 220 1
301 220 301 1
220 301 301 1
301 301 301 1
301 301 301 1
301 301 295 1
301 295 301 1
295 301 301 1
301 301 301 1
301 301 221 1
301 221 301 1
221 301 301 1
301 301 220 1
301 220 301 1
220 301 301 1
301 301 301 1
301 301 301 1
301 301 301 1
301 301 301 1
301 301 301 1
301 301 301 1
301 301 301 1
301 301 301 1
301 301 301 1
301 301 220 1
301 220 301 1
220 301 301 1
301 301 301 1
301 301 301 1
301 301 301 1
301 301 301 1
301 301 301 1
301 301 301 1
301 301 301 1
301 301 301 1
301 301 301 1
301 301 301 1
301 301 301 1
301 301 301 1
301 301 6 1
301 6 301 1
6 301 301 1
301 301 301 1
301 301 220 1
301 220 220 1
220 220 301 1
220 301 295 1
301 295 301 1
295 301 301 1
301 301 301 1
301 301 301 1
301 301 6 1
301 6 301 1
6 301 301 1
301 301 301 1
301 301 221 1
301 221 301 1
221 301 301 1
301 301 301 1
301 301 301 1
301 301 301 1
301 301 301 1
301 301 295 1
301 295 301 1
295 301 301 1
301 301 300 1
301 300 6 1
300 6 221 1
6 221 301 1
221 301 300 1
301 300 220 1
300 220 301 1
220 301 301 1
301 301 301 1
301 301 6 1
301 6 301 1
6 301 301 1
301 301 301 1
301 301 221 1
301 221 300 1
221 300 301 1
300 301 301 1
301 301 300 1
301 300 301 1
300 301 301 1
301 301 301 1
301 301 301 1
301 301 220 1
301 220 301 1
220 301 301 1
301 301 301 1
301 301 300 1
301 300 301 1
300 301 301 1
301 301 301 1
301 301 301 1
301 301 301 1
301 301 301 1
301 301 301 1
301 301 301 1
301 301 300 1
301 300 220 1
300 220 301 1
220 301 301 1
301 301 301 1
301 301 301 1
301 301 220 1
301 220 301 1
220 301 301 1
301 301 301 1
301 301 300 1
301 300 301 1
300 301 301 1
301 301 301 1
301 301 301 1
301 301 301 1
301 301 301 1
301 301 301 1
301 301 301 1
301 301 301 1
301 301 301 1
301 301 300 1
301 300 301 1
300 301 6 1
301 6 220 1
6 220 221 1
220 221 301 1
221 301 301 1
301 301 301 1
301 301 300 1
301 300 301 1
300 301 301 1
301 301 295 1
301 295 301 1
295 301 301 1
301 301 301 1
301 301 300 1
301 300 220 1
300 220 6 1
220 6 301 1
6 301 301 1
301 301 301 1
301 301 295 1
301 295 301 1
295 301 301 1
301 301 301 1
301 301 301 1
301 301 301 1
301 301 301 1
301 301 300 1
301 300 301 1
300 301 301 1
301 301 301 1
301 301 301 1
301 301 301 1
301 301 301 1
301 301 220 1
301 220 301 1
220 301 301 1
301 301 6 1
301 6 301 1
6 301 301 1
301 301 301 1
301 301 301 1
301 301 301 1
301 301 301 1
301 301 220 1
301 220 301 1
220 301 301 1
301 301 301 1
301 301 301 1
301 301 301 1
301 301 301 1
301 301 301 1
301 301 301 1
301 301 301 1
301 301 6 1
301 6 301 1
6 301 300 1
301 300 300 1
300 300 301 1
300 301 221 1
301 221 301 1
221 301 220 1
301 220 301 1
220 301 220 1
301 220 220 1
220 220 301 1
220 301 301 1
301 301 6 1
301 6 220 1
6 220 301 1
220 301 301 1
301 301 220 1
301 220 301 1
220 301 301 1
301 301 301 1
301 301 295 1
301 295 295 1
295 295 220 1
295 220 301 1
220 301 301 1
301 301 301 1
301 301 301 1
301 301 301 1
301 301 301 1
301 301 300 1
301 300 301 1
300 301 301 1
301 301 301 1
301 301 301 1
301 301 6 1
301 6 301 1
6 301 220 1
301 220 295 1
220 295 301 1
295 301 301 1
301 301 301 1
301 301 220 1
301 220 301 1
220 301 301 1
301 301 300 1
301 300 221 1
300 221 301 1
221 301 301 1
301 301 301 1
301 301 301 1
301 301 301 1
301 301 301 1
301 301 301 1
301 301 301 1
301 301 301 1
301 301 301 1
301 301 301 1
301 301 301 1
301 301 301 1
301 301 301 1
301 301 301 1
301 301 301 1
301 301 301 1
301 301 301 1
301 301 301 1
301 301 301 1
301 301 301 1
301 301 301 1
301 301 301 1
301 301 301 1
301 301 301 1
301 301 301 1
301 301 301 1
301 301 301 1
301 301 301 1
301 301 301 1
301 301 301 1
301 301 301 1
301 301 301 1
301 301 301 1
301 301 301 1
301 301 301 1
301 301 301 1
301 301 301 1
301 301 301 1
301 301 220 1
301 220 220 1
220 220 301 1
220 301 301 1
301 301 301 1
301 301 221 1
301 221 295 1
221 295 301 1
295 301 301 1
301 301 301 1
301 301 301 1
301 301 221 1
301 221 301 1
221 301 301 1
301 301 301 1
301 301 301 1
301 301 301 1
301 301 301 1
301 301 301 1
301 301 301 1
301 301 301 1
301 301 301 1
301 301 220 1
301 220 301 1
220 301 301 1
301 301 6 1
301 6 6 1
6 6 301 1
6 301 301 1
301 301 301 1
301 301 220 1
301 220 221 1
220 221 301 1
221 301 301 1
301 301 301 1
301 301 301 1
301 301 301 1
301 301 300 1
301 300 301 1
300 301 301 1
301 301 301 1
301 301 301 1
301 301 301 1
301 301 295 1
301 295 221 1
295 221 301 1
221 301 301 1
301 301 301 1
301 301 301 1
301 301 300 1
301 300 301 1
300 301 6 1
301 6 220 1
6 220 301 1
220 301 301 1
301 301 301 1
301 301 301 1
301 301 301 1
301 301 301 1
301 301 301 1
301 301 301 1
301 301 301 1
301 301 301 1
301 301 301 1
301 301 301 1
301 301 301 1
301 301 301 1
301 301 301 1
301 301 301 1
301 301 301 1
301 301 221 1
301 221 301 1
221 301 301 1
301 301 221 1
301 221 301 1
221 301 300 1
301 300 301 1
300 301 301 1
301 301 301 1
301 301 300 1
301 300 197 1
300 197 301 1
197 301 220 1
301 220 220 1
220 220 301 1
220 301 301 1
301 301 301 1
301 301 301 1
301 301 301 1
301 301 301 1
301 301 300 1
301 300 301 1
300 301 301 1
301 301 301 1
301 301 301 1
301 301 301 1
301 301 301 1
301 301 301 1
301 301 220 1
301 220 300 1
220 300 301 1
300 301 301 1
301 301 6 1
301 6 301 1
6 301 301 1
301 301 220 1
301 220 301 1
220 301 301 1
301 301 301 1
301 301 301 1
301 301 301 1
301 301 301 1
301 301 301 1
301 301 301 1
301 301 221 1
301 221 301 1
221 301 301 1
301 301 301 1
301 301 301 1
301 301 301 1
301 301 301 1
301 301 301 1
301 301 220 1
301 220 6 1
220 6 295 1
6 295 301 1
295 301 301 1
301 301 295 1
301 295 301 1
295 301 301 1
301 301 301 1
301 301 301 1
301 301 220 1
301 220 220 1
220 220 301 1
220 301 295 1
301 295 220 1
295 220 301 1
220 301 295 1
301 295 221 1
295 221 301 1
221 301 301 1
301 301 301 1
301 301 301 1
301 301 301 1
301 301 301 1
301 301 301 1
301 301 301 1
301 301 301 1
301 301 220 1
301 220 301 1
220 301 301 1
301 301 300 1
301 300 301 1
300 301 301 1
301 301 221 1
301 221 301 1
221 301 301 1
301 301 300 1
301 300 301 1
300 301 301 1
301 301 301 1
301 301 300 1
301 300 220 1
300 220 301 1
220 301 301 1
301 301 301 1
301 301 301 1
301 301 300 1
301 300 6 1
300 6 301 1
6 301 6 1
301 6 220 1
6 220 301 1
220 301 301 1
301 301 301 1
301 301 301 1
301 301 301 1
301 301 6 1
301 6 301 1
6 301 301 1
301 301 301 1
301 301 301 1
301 301 220 1
301 220 301 1
220 301 300 1
301 300 220 1
300 220 301 1
220 301 301 1
301 301 301 1
301 301 301 1
301 301 301 1
301 301 301 1
301 301 301 1
301 301 301 1
301 301 300 1
301 300 301 1
300 301 301 1
301 301 301 1
301 301 301 1
301 301 301 1
301 301 301 1
301 301 301 1
301 301 301 1
301 301 6 1
301 6 6 1
6 6 301 1
6 301 221 1
301 221 301 1
221 301 221 1
301 221 301 1
221 301 221 1
301 221 301 1
221 301 301 1
301 301 221 1
301 221 301 1
221 301 301 1
301 301 221 1
301 221 220 1
221 220 301 1
220 301 301 1
301 301 197 1
301 197 301 1
197 301 301 1
301 301 301 1
301 301 301 1
301 301 221 1
301 221 301 1
221 301 300 1
301 300 301 1
300 301 301 1
301 301 301 1
301 301 301 1
301 301 301 1
301 301 301 1
301 301 301 1
301 301 301 1
301 301 220 1
301 220 301 1
220 301 301 1
301 301 301 1
301 301 301 1
301 301 301 1
301 301 301 1
301 301 301 1
301 301 301 1
301 301 301 1
301 301 301 1
301 301 301 1
301 301 301 1
301 301 301 1
301 301 221 1
301 221 301 1
221 301 301 1
301 301 301 1
301 301 301 1
301 301 6 1
301 6 301 1
6 301 301 1
301 301 301 1
301 301 301 1
301 301 301 1
301 301 301 1
301 301 301 1
301 301 6 1
301 6 301 1
6 301 220 1
301 220 220 1
220 220 221 1
220 221 301 1
221 301 301 1
301 301 301 1
301 301 295 1
301 295 301 1
295 301 301 1
301 301 301 1
301 301 301 1
301 301 301 1
301 301 301 1
301 301 301 1
301 301 301 1
301 301 301 1
301 301 220 1
301 220 301 1
220 301 301 1
301 301 295 1
301 295 301 1
295 301 301 1
301 301 220 1
301 220 301 1
220 301 301 1
301 301 301 1
301 301 300 1
301 300 220 1
300 220 301 1
220 301 300 1
301 300 301 1
300 301 301 1
301 301 221 1
301 221 221 1
221 221 221 1
221 221 301 1
221 301 301 1
301 301 301 1
301 301 301 1
301 301 301 1
301 301 301 1
301 301 301 1
301 301 301 1
301 301 301 1
301 301 301 1
301 301 300 1
301 300 301 1
300 301 221 1
301 221 6 1
221 6 301 1
6 301 301 1
301 301 197 1
301 197 301 1
197 301 301 1
301 301 301 1
301 301 301 1
301 301 301 1
301 301 301 1
301 301 220 1
301 220 301 1
220 301 301 1
301 301 301 1
301 301 301 1
301 301 301 1
301 301 301 1
301 301 220 1
301 220 301 1
220 301 301 1
301 301 301 1
301 301 301 1
301 301 301 1
301 301 301 1
301 301 301 1
301 301 301 1
301 301 301 1
301 301 301 1
301 301 301 1
301 301 301 1
301 301 301 1
301 301 301 1
301 301 301 1
301 301 301 1
301 301 301 1
301 301 301 1
301 301 301 1
301 301 301 1
301 301 301 1
301 301 301 1
301 301 301 1
301 301 301 1
301 301 301 1
301 301 301 1
301 301 301 1
301 301 301 1
301 301 301 1
301 301 221 1
301 221 301 1
221 301 301 1
301 301 295 1
301 295 301 1
295 301 301 1
301 301 301 1
301 301 301 1
301 301 221 1
301 221 301 1
221 301 301 1
301 301 221 1
301 221 301 1
221 301 301 1
301 301 301 1
301 301 6 1
301 6 301 1
6 301 301 1
301 301 301 1
301 301 301 1
301 301 301 1
301 301 301 1
301 301 301 1
301 301 301 1
301 301 301 1
301 301 301 1
301 301 301 1
301 301 301 1
301 301 301 1
301 301 301 1
301 301 301 1
301 301 301 1
301 301 301 1
301 301 301 1
301 301 301 1
301 301 301 1
301 301 301 1
301 301 301 1
301 301 301 1
301 301 301 1
301 301 301 1
301 301 301 1
301 301 301 1
301 301 301 1
301 301 301 1
301 301 301 1
301 301 301 1
301 301 301 1
301 301 301 1
301 301 301 1
301 301 301 1
301 301 301 1
301 301 301 1
301 301 301 1
301 301 301 1
301 301 301 1
301 301 301 1
301 301 301 1
301 301 301 1
301 301 301 1
301 301 301 1
301 301 301 1
301 301 301 1
301 301 301 1
301 301 301 1
301 301 301 1
301 301 301 1
301 301 301 1
301 301 301 1
301 301 301 1
301 301 301 1
301 301 6 1
301 6 301 1
6 301 301 1
301 301 301 1
301 301 301 1
301 301 301 1
301 301 301 1
301 301 301 1
301 301 301 1
301 301 301 1
301 301 301 1
301 301 301 1
301 301 301 1
301 301 301 1
301 301 301 1
301 301 301 1
301 301 301 1
301 301 301 1
301 301 301 1
301 301 301 1
301 301 301 1
301 301 301 1
301 301 301 1
301 301 301 1
301 301 197 1
301 197 301 1
197 301 301 1
301 301 220 1
301 220 301 1
220 301 301 1
301 301 301 1
301 301 301 1
301 301 301 1
301 301 301 1
301 301 301 1
301 301 301 1
301 301 301 1
301 301 301 1
301 301 301 1
301 301 301 1
301 301 301 1
301 301 301 1
301 301 301 1
301 301 301 1
301 301 301 1
301 301 301 1
301 301 301 1
301 301 301 1
301 301 301 1
301 301 295 1
301 295 301 1
295 301 301 1
301 301 301 1
301 301 301 1
301 301 301 1
301 301 301 1
301 301 301 1
301 301 301 1
301 301 301 1
301 301 301 1
301 301 301 1
301 301 301 1
301 301 301 1
301 301 220 1
301 220 301 1
220 301 301 1
301 301 301 1
301 301 301 1
301 301 301 1
301 301 301 1
301 301 301 1
301 301 301 1
301 301 301 1
301 301 301 1
301 301 301 1
301 301 301 1
301 301 301 1
301 301 301 1
new
168 168 265 1
168 265 168 1
265 168 168 1
168 168 265 1
168 265 168 1
265 168 168 1
168 168 168 1
168 168 168 1
168 168 265 1
168 265 168 1
265 168 168 1
168 168 168 1
168 168 168 1
168 168 168 1
168 168 168 1
168 168 168 1
168 168 168 1
168 168 168 1
168 168 168 1
168 168 168 1
168 168 265 1
168 265 265 1
265 265 168 1
265 168 168 1
168 168 265 1
168 265 265 1
265 265 265 1
265 265 168 1
265 168 168 1
168 168 265 1
168 265 168 1
265 168 168 1
168 168 168 1
168 168 265 1
168 265 265 1
265 265 168 1
265 168 168 1
168 168 168 1
168 168 102 1
168 102 168 1
102 168 265 1
168 265 168 1
265 168 168 1
168 168 265 1
168 265 168 1
265 168 265 1
168 265 265 1
265 265 168 1
265 168 168 1
168 168 168 1
168 168 265 1
168 265 265 1
265 265 102 1
265 102 168 1
102 168 168 1
168 168 265 1
168 265 168 1
265 168 265 1
168 265 168 1
265 168 265 1
168 265 265 1
265 265 265 1
265 265 168 1
265 168 168 1
168 168 265 1
168 265 265 1
265 265 168 1
265 168 168 1
168 168 168 1
168 168 168 1
168 168 265 1
168 265 168 1
265 168 265 1
168 265 168 1
265 168 265 1
168 265 168 1
265 168 265 1
168 265 265 1
265 265 168 1
265 168 168 1
168 168 168 1
168 168 168 1
168 168 168 1
168 168 168 1
168 168 265 1
168 265 168 1
265 168 168 1
168 168 168 1
168 168 168 1
168 168 168 1
168 168 265 1
168 265 265 1
265 265 168 1
265 168 168 1
168 168 265 1
168 265 168 1
265 168 168 1
168 168 168 1
168 168 265 1
168 265 265 1
265 265 168 1
265 168 265 1
168 265 168 1
265 168 168 1
168 168 265 1
168 265 168 1
265 168 168 1
168 168 168 1
168 168 265 1
168 265 168 1
265 168 168 1
168 168 168 1
168 168 168 1
168 168 265 1
168 265 168 1
265 168 265 1
168 265 265 1
265 265 168 1
265 168 168 1
168 168 168 1
168 168 168 1
168 168 168 1
168 168 102 1
168 102 168 1
102 168 168 1
168 168 168 1
168 168 168 1
168 168 168 1
168 168 265 1
168 265 265 1
265 265 168 1
265 168 168 1
168 168 265 1
168 265 168 1
265 168 168 1
168 168 168 1
168 168 168 1
168 168 168 1
168 168 168 1
168 168 168 1
168 168 168 1
168 168 168 1
168 168 168 1
168 168 168 1
168 168 168 1
168 168 168 1
168 168 168 1
168 168 265 1
168 265 168 1
265 168 168 1
168 168 168 1
168 168 168 1
168 168 168 1
168 168 168 1
168 168 168 1
168 168 265 1
168 265 168 1
265 168 265 1
168 265 265 1
265 265 265 1
265 265 265 1
265 265 265 1
265 265 102 1
265 102 168 1
102 168 168 1
168 168 168 1
168 168 168 1
168 168 168 1
168 168 265 1
168 265 168 1
265 168 265 1
168 265 168 1
265 168 168 1
168 168 265 1
168 265 265 1
265 265 168 1
265 168 168 1
168 168 168 1
168 168 168 1
168 168 102 1
168 102 265 1
102 265 168 1
265 168 265 1
168 265 265 1
265 265 168 1
265 168 168 1
168 168 168 1
168 168 168 1
168 168 168 1
168 168 265 1
168 265 265 1
265 265 168 1
265 168 168 1
168 168 168 1
168 168 265 1
168 265 168 1
265 168 265 1
168 265 168 1
265 168 168 1
168 168 168 1
168 168 168 1
168 168 168 1
168 168 168 1
168 168 168 1
168 168 168 1
168 168 265 1
168 265 265 1
265 265 168 1
265 168 168 1
168 168 168 1
168 168 168 1
168 168 168 1
168 168 168 1
168 168 168 1
168 168 168 1
168 168 168 1
168 168 168 1
168 168 168 1
168 168 168 1
168 168 168 1
168 168 168 1
168 168 265 1
168 265 168 1
265 168 168 1
168 168 168 1
168 168 168 1
168 168 265 1
168 265 265 1
265 265 168 1
265 168 168 1
168 168 168 1
168 168 265 1
168 265 265 1
265 265 168 1
265 168 265 1
168 265 168 1
265 168 265 1
168 265 265 1
265 265 265 1
265 265 265 1
265 265 265 1
265 265 102 1
265 102 168 1
102 168 265 1
168 265 168 1
265 168 168 1
168 168 168 1
168 168 168 1
168 168 168 1
168 168 265 1
168 265 102 1
265 102 168 1
102 168 168 1
168 168 265 1
168 265 168 1
265 168 168 1
168 168 265 1
168 265 265 1
265 265 265 1
265 265 265 1
265 265 168 1
265 168 265 1
168 265 265 1
265 265 168 1
265 168 168 1
168 168 168 1
168 168 168 1
168 168 168 1
168 168 168 1
168 168 168 1
168 168 168 1
168 168 168 1
168 168 265 1
168 265 168 1
265 168 265 1
168 265 168 1
265 168 168 1
168 168 168 1
168 168 265 1
168 265 168 1
265 168 265 1
168 265 265 1
265 265 168 1
265 168 168 1
168 168 168 1
168 168 168 1
168 168 168 1
168 168 102 1
168 102 168 1
102 168 102 1
168 102 265 1
102 265 265 1
265 265 265 1
265 265 168 1
265 168 168 1
168 168 168 1
168 168 265 1
168 265 168 1
265 168 168 1
168 168 265 1
168 265 265 1
265 265 265 1
265 265 168 1
265 168 168 1
168 168 168 1
168 168 102 1
168 102 265 1
102 265 265 1
265 265 168 1
265 168 168 1
168 168 168 1
168 168 102 1
168 102 168 1
102 168 168 1
168 168 265 1
168 265 168 1
265 168 168 1
168 168 168 1
168 168 168 1
168 168 168 1
168 168 168 1
168 168 168 1
168 168 265 1
168 265 168 1
265 168 265 1
168 265 168 1
265 168 168 1
168 168 265 1
168 265 168 1
265 168 102 1
168 102 168 1
102 168 265 1
168 265 102 1
265 102 168 1
102 168 168 1
168 168 168 1
168 168 168 1
168 168 168 1
168 168 168 1
168 168 168 1
168 168 168 1
168 168 265 1
168 265 168 1
265 168 168 1
168 168 168 1
168 168 265 1
168 265 265 1
265 265 265 1
265 265 265 1
265 265 265 1
265 265 168 1
265 168 168 1
168 168 168 1
168 168 168 1
168 168 168 1
168 168 168 1
168 168 265 1
168 265 168 1
265 168 168 1
168 168 102 1
168 102 102 1
102 102 168 1
102 168 168 1
168 168 265 1
168 265 265 1
265 265 265 1
265 265 168 1
265 168 265 1
168 265 168 1
265 168 265 1
168 265 168 1
265 168 102 1
168 102 168 1
102 168 168 1
168 168 168 1
168 168 168 1
168 168 265 1
168 265 168 1
265 168 168 1
168 168 265 1
168 265 168 1
265 168 168 1
168 168 265 1
168 265 168 1
265 168 168 1
168 168 168 1
168 168 168 1
168 168 265 1
168 265 168 1
265 168 168 1
168 168 168 1
168 168 168 1
168 168 168 1
168 168 265 1
168 265 168 1
265 168 168 1
168 168 168 1
168 168 168 1
168 168 168 1
168 168 168 1
168 168 168 1
168 168 265 1
168 265 168 1
265 168 168 1
168 168 168 1
168 168 168 1
168 168 168 1
168 168 168 1
168 168 168 1
168 168 168 1
168 168 168 1
168 168 265 1
168 265 265 1
265 265 168 1
265 168 168 1
168 168 168 1
168 168 168 1
168 168 168 1
168 168 168 1
168 168 168 1
168 168 168 1
168 168 102 1
168 102 168 1
102 168 265 1
168 265 102 1
265 102 168 1
102 168 168 1
168 168 168 1
168 168 265 1
168 265 168 1
265 168 265 1
168 265 168 1
265 168 168 1
168 168 168 1
168 168 168 1
168 168 168 1
168 168 168 1
168 168 168 1
168 168 168 1
168 168 265 1
168 265 265 1
265 265 265 1
265 265 265 1
265 265 102 1
265 102 168 1
102 168 168 1
168 168 168 1
168 168 168 1
168 168 168 1
168 168 168 1
168 168 168 1
168 168 265 1
168 265 168 1
265 168 265 1
168 265 168 1
265 168 168 1
168 168 168 1
168 168 102 1
168 102 265 1
102 265 265 1
265 265 168 1
265 168 265 1
168 265 168 1
265 168 265 1
168 265 265 1
265 265 168 1
265 168 168 1
168 168 168 1
168 168 168 1
168 168 168 1
168 168 168 1
168 168 168 1
168 168 265 1
168 265 168 1
265 168 168 1
168 168 168 1
168 168 168 1
168 168 168 1
168 168 168 1
168 168 265 1
168 265 265 1
265 265 265 1
265 265 168 1
265 168 168 1
168 168 168 1
168 168 265 1
168 265 265 1
265 265 265 1
265 265 168 1
265 168 265 1
168 265 168 1
265 168 168 1
168 168 265 1
168 265 168 1
265 168 168 1
168 168 168 1
168 168 265 1
168 265 168 1
265 168 168 1
168 168 168 1
168 168 168 1
168 168 168 1
168 168 168 1
168 168 168 1
168 168 265 1
168 265 168 1
265 168 168 1
168 168 168 1
168 168 168 1
168 168 168 1
168 168 168 1
168 168 265 1
168 265 168 1
265 168 265 1
168 265 168 1
265 168 168 1
168 168 265 1
168 265 265 1
265 265 265 1
265 265 265 1
265 265 168 1
265 168 168 1
168 168 168 1
168 168 168 1
168 168 168 1
168 168 102 1
168 102 168 1
102 168 168 1
168 168 168 1
168 168 168 1
168 168 168 1
168 168 265 1
168 265 168 1
265 168 102 1
168 102 168 1
102 168 265 1
168 265 168 1
265 168 168 1
168 168 168 1
168 168 265 1
168 265 168 1
265 168 265 1
168 265 265 1
265 265 265 1
265 265 168 1
265 168 168 1
168 168 168 1
168 168 168 1
168 168 168 1
168 168 168 1
168 168 168 1
168 168 168 1
168 168 168 1
168 168 265 1
168 265 265 1
265 265 102 1
265 102 168 1
102 168 265 1
168 265 168 1
265 168 265 1
168 265 168 1
265 168 265 1
168 265 168 1
265 168 168 1
168 168 168 1
168 168 168 1
168 168 168 1
168 168 168 1
168 168 265 1
168 265 168 1
265 168 168 1
168 168 168 1
168 168 168 1
168 168 168 1
168 168 168 1
168 168 168 1
168 168 168 1
168 168 168 1
168 168 265 1
168 265 168 1
265 168 168 1
168 168 168 1
168 168 168 1
168 168 265 1
168 265 168 1
265 168 168 1
168 168 265 1
168 265 265 1
265 265 168 1
265 168 265 1
168 265 265 1
265 265 265 1
265 265 265 1
265 265 265 1
265 265 168 1
265 168 265 1
168 265 265 1
265 265 168 1
265 168 265 1
168 265 168 1
265 168 168 1
168 168 168 1
168 168 168 1
168 168 168 1
168 168 265 1
168 265 168 1
265 168 265 1
168 265 168 1
265 168 168 1
168 168 265 1
168 265 102 1
265 102 265 1
102 265 265 1
265 265 168 1
265 168 265 1
168 265 168 1
265 168 168 1
168 168 168 1
168 168 168 1
168 168 168 1
168 168 168 1
168 168 168 1
168 168 265 1
168 265 168 1
265 168 168 1
168 168 168 1
168 168 168 1
168 168 168 1
168 168 168 1
168 168 168 1
168 168 168 1
168 168 168 1
new
175 174 174 1
174 174 174 1
174 174 57 1
174 57 175 1
57 175 54 1
175 54 175 1
54 175 6 1
175 6 3 1
6 3 6 1
3 6 174 1
6 174 174 1
174 174 174 1
174 174 174 1
174 174 174 1
174 174 174 1
174 174 174 1
174 174 174 1
174 174 174 1
174 174 174 1
174 174 174 1
174 174 174 1
174 174 174 1
174 174 174 1
174 174 174 1
174 174 174 1
174 174 174 1
174 174 174 1
174 174 174 1
174 174 11 1
174 11 45 1
11 45 33 1
45 33 192 1
33 192 33 1
192 33 5 1
33 5 197 1
5 197 192 1
197 192 6 1
192 6 33 1
6 33 5 1
33 5 3 1
5 3 197 1
3 197 192 1
197 192 192 1
192 192 6 1
192 6 33 1
6 33 5 1
33 5 3 1
5 3 197 1
3 197 192 1
197 192 192 1
192 192 6 1
192 6 33 1
6 33 5 1
33 5 3 1
5 3 197 1
3 197 192 1
197 192 192 1
192 192 192 1
192 192 6 1
192 6 33 1
6 33 5 1
33 5 3 1
5 3 197 1
3 197 192 1
197 192 192 1
192 192 192 1
192 192 6 1
192 6 33 1
6 33 5 1
33 5 3 1
5 3 197 1
3 197 192 1
197 192 192 1
192 192 6 1
192 6 33 1
6 33 5 1
33 5 3 1
5 3 197 1
3 197 192 1
197 192 192 1
192 192 192 1
192 192 6 1
192 6 33 1
6 33 5 1
33 5 3 1
5 3 197 1
3 197 192 1
197 192 192 1
192 192 6 1
192 6 192 1
6 192 192 1
192 192 243 1
192 243 125 1
243 125 125 1
125 125 125 1
new
240 240 4 1
240 4 240 1
4 240 4 1
240 4 4 1
4 4 4 1
4 4 4 1
4 4 78 1
4 78 13 1
78 13 13 1
13 13 78 1
13 78 4 1
78 4 13 1
4 13 4 1
13 4 4 1
4 4 4 1
4 4 240 1
4 240 4 1
240 4 13 1
4 13 4 1
13 4 4 1
4 4 240 1
4 240 4 1
240 4 4 1
4 4 78 1
4 78 13 1
78 13 4 1
13 4 240 1
4 240 4 1
240 4 240 1
4 240 240 1
240 240 78 1
240 78 4 1
78 4 4 1
4 4 13 1
4 13 240 1
13 240 240 1
240 240 4 1
240 4 78 1
4 78 4 1
78 4 4 1
4 4 13 1
4 13 4 1
13 4 4 1
4 4 265 1
4 265 240 1
265 240 4 1
240 4 4 1
4 4 4 1
4 4 4 1
4 4 4 1
4 4 4 1
4 4 13 1
4 13 13 1
13 13 78 1
13 78 4 1
78 4 240 1
4 240 240 1
240 240 240 1
240 240 4 1
240 4 13 1
4 13 4 1
13 4 13 1
4 13 4 1
13 4 4 1
4 4 13 1
4 13 4 1
13 4 13 1
4 13 240 1
13 240 4 1
240 4 4 1
4 4 4 1
4 4 4 1
4 4 4 1
4 4 4 1
4 4 240 1
4 240 4 1
240 4 4 1
4 4 240 1
4 240 240 1
240 240 4 1
240 4 13 1
4 13 13 1
13 13 240 1
13 240 13 1
240 13 4 1
13 4 13 1
4 13 13 1
13 13 4 1
13 4 240 1
4 240 4 1
240 4 4 1
4 4 13 1
4 13 13 1
13 13 4 1
13 4 4 1
4 4 78 1
4 78 240 1
78 240 13 1
240 13 13 1
13 13 4 1
13 4 78 1
4 78 4 1
78 4 13 1
4 13 13 1
13 13 240 1
13 240 13 1
240 13 240 1
13 240 4 1
240 4 4 1
4 4 13 1
4 13 4 1
13 4 240 1
4 240 13 1
240 13 78 1
13 78 4 1
78 4 4 1
4 4 240 1
4 240 4 1
240 4 78 1
4 78 13 1
78 13 13 1
13 13 240 1
13 240 4 1
240 4 240 1
4 240 13 1
240 13 4 1
13 4 4 1
4 4 4 1
4 4 13 1
4 13 240 1
13 240 13 1
240 13 4 1
13 4 4 1
4 4 78 1
4 78 78 1
78 78 240 1
78 240 240 1
240 240 240 1
240 240 13 1
240 13 78 1
13 78 4 1
78 4 4 1
4 4 13 1
4 13 4 1
13 4 13 1
4 13 240 1
13 240 240 1
240 240 4 1
240 4 4 1
4 4 78 1
4 78 13 1
78 13 240 1
13 240 240 1
240 240 4 1
240 4 13 1
4 13 4 1
13 4 4 1
4 4 13 1
4 13 13 1
13 13 13 1
13 13 240 1
13 240 4 1
240 4 4 1
4 4 4 1
4 4 4 1
4 4 4 1
4 4 240 1
4 240 240 1
240 240 4 1
240 4 4 1
4 4 240 1
4 240 240 1
240 240 4 1
240 4 240 1
4 240 78 1
240 78 4 1
78 4 13 1
4 13 4 1
13 4 13 1
4 13 13 1
13 13 240 1
13 240 240 1
240 240 4 1
240 4 240 1
4 240 240 1
240 240 13 1
240 13 4 1
13 4 13 1
4 13 4 1
13 4 13 1
4 13 240 1
13 240 78 1
240 78 4 1
78 4 4 1
4 4 78 1
4 78 13 1
78 13 13 1
13 13 4 1
13 4 240 1
4 240 4 1
240 4 78 1
4 78 4 1
78 4 13 1
new
3 265 3 1
265 3 3 1
3 3 3 1
3 3 3 1
3 3 265 1
3 265 104 1
265 104 3 1
104 3 142 1
3 142 265 1
142 265 142 1
265 142 265 1
142 265 3 1
265 3 265 1
3 265 265 1
265 265 142 1
265 142 3 1
142 3 3 1
3 3 142 1
3 142 3 1
142 3 3 1
3 3 175 1
3 175 142 1
175 142 3 1
142 3 175 1
3 175 142 1
175 142 3 1
142 3 142 1
3 142 175 1
142 175 3 1
175 3 3 1
3 3 142 1
3 142 3 1
142 3 146 1
3 146 265 1
146 265 3 1
265 3 3 1
3 3 175 1
3 175 265 1
175 265 265 1
265 265 142 1
265 142 3 1
142 3 104 1
3 104 175 1
104 175 3 1
175 3 3 1
3 3 104 1
3 104 104 1
104 104 104 1
104 104 3 1
104 3 3 1
3 3 265 1
3 265 104 1
265 104 175 1
104 175 265 1
175 265 175 1
265 175 3 1
175 3 3 1
3 3 104 1
3 104 3 1
104 3 104 1
3 104 265 1
104 265 142 1
265 142 3 1
142 3 142 1
3 142 142 1
142 142 142 1
142 142 175 1
142 175 104 1
175 104 265 1
104 265 3 1
265 3 3 1
3 3 265 1
3 265 142 1
265 142 3 1
142 3 142 1
3 142 3 1
142 3 3 1
3 3 175 1
3 175 175 1
175 175 142 1
175 142 175 1
142 175 104 1
175 104 3 1
104 3 142 1
3 142 265 1
142 265 265 1
265 265 104 1
265 104 104 1
104 104 142 1
104 142 175 1
142 175 3 1
175 3 175 1
3 175 3 1
175 3 142 1
3 142 265 1
142 265 142 1
265 142 3 1
142 3 3 1
3 3 3 1
3 3 175 1
3 175 265 1
175 265 3 1
265 3 3 1
3 3 175 1
3 175 142 1
175 142 3 1
142 3 142 1
3 142 3 1
142 3 104 1
3 104 3 1
104 3 142 1
3 142 142 1
142 142 265 1
142 265 104 1
265 104 3 1
104 3 3 1
3 3 146 1
3 146 104 1
146 104 265 1
104 265 142 1
265 142 265 1
142 265 104 1
265 104 3 1
104 3 3 1
3 3 104 1
3 104 175 1
104 175 175 1
175 175 175 1
175 175 175 1
175 175 175 1
175 175 142 1
175 142 3 1
142 3 175 1
3 175 146 1
175 146 175 1
146 175 175 1
175 175 142 1
175 142 3 1
142 3 3 1
3 3 142 1
3 142 3 1
142 3 3 1
3 3 175 1
3 175 3 1
175 3 3 1
3 3 146 1
3 146 104 1
146 104 142 1
104 142 104 1
142 104 175 1
104 175 142 1
175 142 175 1
142 175 3 1
175 3 175 1
3 175 175 1
175 175 3 1
175 3 175 1
3 175 104 1
175 104 265 1
104 265 3 1
265 3 175 1
3 175 104 1
175 104 175 1
104 175 3 1
175 3 265 1
3 265 3 1
265 3 142 1
3 142 3 1
142 3 175 1
3 175 3 1
175 3 142 1
3 142 175 1
142 175 265 1
175 265 3 1
265 3 3 1
3 3 265 1
3 265 3 1
265 3 104 1
3 104 3 1
104 3 3 1
3 3 3 1
3 3 3 1
3 3 142 1
3 142 3 1
142 3 142 1
3 142 3 1
142 3 175 1
3 175 142 1
175 142 3 1
142 3 175 1
3 175 265 1
175 265 3 1
265 3 3 1
3 3 3 1
3 3 142 1
3 142 142 1
142 142 265 1
142 265 104 1
265 104 3 1
104 3 3 1
3 3 265 1
3 265 3 1
265 3 104 1
3 104 175 1
104 175 175 1
175 175 146 1
175 146 3 1
146 3 175 1
3 175 265 1
175 265 3 1
265 3 3 1
3 3 142 1
3 142 3 1
142 3 142 1
3 142 3 1
142 3 142 1
3 142 3 1
142 3 104 1
3 104 3 1
104 3 175 1
3 175 265 1
175 265 146 1
265 146 3 1
146 3 175 1
3 175 265 1
175 265 142 1
265 142 142 1
142 142 175 1
142 175 142 1
175 142 175 1
142 175 265 1
175 265 142 1
265 142 3 1
142 3 142 1
3 142 175 1
142 175 175 1
175 175 175 1
175 175 104 1
175 104 3 1
104 3 142 1
3 142 3 1
142 3 265 1
3 265 142 1
265 142 265 1
142 265 175 1
265 175 146 1
175 146 104 1
146 104 175 1
104 175 142 1
175 142 3 1
142 3 175 1
3 175 3 1
175 3 3 1
3 3 175 1
3 175 142 1
175 142 146 1
142 146 3 1
146 3 175 1
3 175 142 1
175 142 3 1
142 3 104 1
3 104 146 1
104 146 3 1
146 3 265 1
3 265 142 1
265 142 175 1
142 175 142 1
175 142 3 1
142 3 3 1
3 3 3 1
3 3 3 1
3 3 104 1
3 104 146 1
104 146 142 1
146 142 3 1
142 3 142 1
3 142 265 1
142 265 265 1
265 265 3 1
265 3 175 1
3 175 3 1
175 3 142 1
3 142 104 1
142 104 3 1
104 3 142 1
3 142 142 1
142 142 146 1
142 146 142 1
146 142 142 1
142 142 142 1
142 142 142 1
142 142 3 1
142 3 265 1
3 265 142 1
265 142 3 1
142 3 265 1
3 265 142 1
265 142 142 1
142 142 265 1
142 265 142 1
265 142 175 1
142 175 142 1
175 142 146 1
142 146 142 1
146 142 3 1
142 3 3 1
3 3 3 1
3 3 3 1
3 3 104 1
3 104 175 1
104 175 142 1
175 142 3 1
142 3 142 1
3 142 142 1
142 142 3 1
142 3 104 1
3 104 142 1
104 142 3 1
142 3 3 1
3 3 265 1
3 265 142 1
265 142 3 1
142 3 3 1
3 3 265 1
3 265 175 1
265 175 265 1
175 265 175 1
265 175 3 1
175 3 175 1
3 175 142 1
175 142 175 1
142 175 142 1
175 142 3 1
142 3 265 1
3 265 175 1
265 175 3 1
175 3 142 1
3 142 265 1
142 265 175 1
265 175 265 1
175 265 265 1
265 265 3 1
265 3 142 1
3 142 142 1
142 142 146 1
142 146 3 1
146 3 265 1
3 265 104 1
265 104 265 1
104 265 265 1
265 265 142 1
265 142 142 1
142 142 146 1
142 146 104 1
146 104 3 1
104 3 142 1
3 142 142 1
142 142 146 1
142 146 3 1
146 3 3 1
3 3 3 1
3 3 91 1
3 91 146 1
91 146 3 1
146 3 265 1
3 265 104 1
265 104 3 1
104 3 3 1
3 3 3 1
3 3 104 1
3 104 3 1
104 3 3 1
3 3 142 1
3 142 142 1
142 142 142 1
142 142 265 1
142 265 3 1
265 3 142 1
3 142 265 1
142 265 142 1
265 142 3 1
142 3 104 1
3 104 3 1
104 3 104 1
3 104 146 1
104 146 142 1
146 142 3 1
142 3 104 1
3 104 3 1
104 3 104 1
3 104 3 1
104 3 3 1
3 3 142 1
3 142 3 1
142 3 265 1
3 265 265 1
265 265 142 1
265 142 104 1
142 104 142 1
104 142 142 1
142 142 3 1
142 3 142 1
3 142 146 1
142 146 265 1
146 265 146 1
265 146 3 1
146 3 3 1
3 3 3 1
3 3 265 1
3 265 142 1
265 142 3 1
142 3 3 1
3 3 104 1
3 104 265 1
104 265 142 1
265 142 3 1
142 3 142 1
3 142 3 1
142 3 142 1
3 142 119 1
142 119 146 1
119 146 265 1
146 265 265 1
265 265 175 1
265 175 146 1
175 146 142 1
146 142 119 1
142 119 142 1
119 142 175 1
142 175 175 1
175 175 265 1
175 265 119 1
265 119 3 1
119 3 265 1
3 265 142 1
265 142 104 1
142 104 142 1
104 142 175 1
142 175 119 1
175 119 142 1
119 142 142 1
142 142 146 1
142 146 265 1
146 265 142 1
265 142 3 1
142 3 142 1
3 142 142 1
142 142 142 1
142 142 142 1
142 142 142 1
142 142 119 1
142 119 265 1
119 265 265 1
265 265 142 1
265 142 3 1
142 3 146 1
3 146 142 1
146 142 104 1
142 104 119 1
104 119 142 1
119 142 146 1
142 146 175 1
146 175 146 1
175 146 119 1
146 119 142 1
119 142 265 1
142 265 265 1
265 265 142 1
265 142 119 1
142 119 104 1
119 104 142 1
104 142 175 1
142 175 119 1
175 119 3 1
119 3 265 1
3 265 142 1
265 142 146 1
142 146 3 1
146 3 175 1
3 175 142 1
175 142 146 1
142 146 175 1
146 175 146 1
175 146 146 1
146 146 142 1
146 142 146 1
142 146 3 1
146 3 3 1
3 3 142 1
3 142 146 1
142 146 146 1
146 146 142 1
146 142 104 1
142 104 175 1
104 175 265 1
175 265 3 1
265 3 142 1
3 142 3 1
142 3 175 1
3 175 3 1
175 3 142 1
3 142 175 1
142 175 142 1
175 142 3 1
142 3 104 1
3 104 265 1
104 265 3 1
265 3 142 1
3 142 3 1
142 3 3 1
3 3 3 1
3 3 3 1
3 3 142 1
3 142 142 1
142 142 104 1
142 104 265 1
104 265 265 1
265 265 175 1
265 175 3 1
175 3 175 1
3 175 142 1
175 142 175 1
142 175 175 1
175 175 142 1
175 142 142 1
142 142 3 1
142 3 175 1
3 175 104 1
175 104 3 1
104 3 265 1
3 265 104 1
265 104 3 1
104 3 175 1
3 175 3 1
175 3 142 1
3 142 142 1
142 142 175 1
142 175 142 1
175 142 3 1
142 3 104 1
3 104 175 1
104 175 175 1
175 175 142 1
175 142 3 1
142 3 3 1
3 3 175 1
3 175 146 1
175 146 265 1
146 265 175 1
265 175 265 1
175 265 146 1
265 146 3 1
146 3 3 1
3 3 142 1
3 142 175 1
142 175 175 1
175 175 175 1
175 175 104 1
175 104 3 1
104 3 104 1
3 104 3 1
104 3 175 1
3 175 142 1
175 142 3 1
142 3 175 1
3 175 175 1
175 175 104 1
175 104 3 1
104 3 175 1
3 175 3 1
175 3 3 1
3 3 175 1
3 175 265 1
175 265 3 1
265 3 142 1
3 142 142 1
142 142 175 1
142 175 104 1
175 104 3 1
104 3 175 1
3 175 3 1
175 3 175 1
3 175 142 1
175 142 142 1
142 142 265 1
142 265 3 1
265 3 142 1
3 142 146 1
142 146 104 1
146 104 3 1
104 3 3 1
3 3 175 1
3 175 265 1
175 265 3 1
265 3 175 1
3 175 3 1
175 3 3 1
3 3 265 1
3 265 104 1
265 104 104 1
104 104 3 1
104 3 175 1
3 175 175 1
175 175 104 1
175 104 3 1
104 3 3 1
3 3 142 1
3 142 3 1
142 3 3 1
3 3 142 1
3 142 265 1
142 265 142 1
265 142 3 1
142 3 3 1
3 3 142 1
3 142 3 1
142 3 104 1
3 104 175 1
104 175 142 1
175 142 3 1
142 3 175 1
3 175 142 1
175 142 3 1
142 3 3 1
3 3 104 1
3 104 175 1
104 175 175 1
175 175 175 1
175 175 142 1
175 142 3 1
142 3 175 1
3 175 3 1
175 3 142 1
3 142 3 1
142 3 142 1
3 142 175 1
142 175 3 1
175 3 3 1
3 3 175 1
3 175 142 1
175 142 175 1
142 175 265 1
175 265 3 1
265 3 265 1
3 265 175 1
265 175 265 1
175 265 175 1
265 175 3 1
175 3 175 1
3 175 142 1
175 142 175 1
142 175 142 1
175 142 175 1
142 175 3 1
175 3 142 1
3 142 175 1
142 175 142 1
175 142 142 1
142 142 3 1
142 3 142 1
3 142 142 1
142 142 104 1
142 104 265 1
104 265 175 1
265 175 3 1
175 3 104 1
3 104 142 1
104 142 142 1
142 142 104 1
142 104 175 1
104 175 142 1
175 142 3 1
142 3 265 1
3 265 265 1
265 265 142 1
265 142 146 1
142 146 104 1
146 104 104 1
104 104 142 1
104 142 265 1
142 265 142 1
265 142 142 1
142 142 3 1
142 3 175 1
3 175 265 1
175 265 142 1
265 142 175 1
142 175 142 1
175 142 175 1
142 175 142 1
175 142 265 1
142 265 119 1
265 119 142 1
119 142 142 1
142 142 142 1
142 142 54 1
142 54 265 1
54 265 142 1
265 142 175 1
142 175 142 1
175 142 142 1
142 142 3 1
142 3 142 1
3 142 3 1
142 3 265 1
3 265 265 1
265 265 146 1
265 146 146 1
146 146 142 1
146 142 3 1
142 3 175 1
3 175 104 1
175 104 142 1
104 142 265 1
142 265 142 1
265 142 142 1
142 142 265 1
142 265 142 1
265 142 142 1
142 142 104 1
142 104 3 1
104 3 175 1
3 175 142 1
175 142 265 1
142 265 3 1
265 3 265 1
3 265 142 1
265 142 265 1
142 265 142 1
265 142 3 1
142 3 265 1
3 265 3 1
265 3 142 1
3 142 3 1
142 3 142 1
3 142 142 1
142 142 142 1
142 142 3 1
142 3 265 1
3 265 3 1
265 3 142 1
3 142 3 1
142 3 54 1
new
146 78 265 1
78 265 3 1
265 3 168 1
3 168 168 1
168 168 3 1
168 3 168 1
3 168 265 1
168 265 265 1
265 265 168 1
265 168 168 1
168 168 265 1
168 265 168 1
265 168 265 1
168 265 168 1
265 168 265 1
168 265 3 1
265 3 265 1
3 265 3 1
265 3 265 1
3 265 3 1
265 3 168 1
3 168 168 1
168 168 168 1
168 168 168 1
168 168 168 1
168 168 265 1
168 265 168 1
265 168 168 1
168 168 168 1
168 168 3 1
168 3 168 1
3 168 168 1
168 168 168 1
168 168 265 1
168 265 168 1
265 168 168 1
168 168 3 1
168 3 168 1
3 168 265 1
168 265 265 1
265 265 168 1
265 168 265 1
168 265 168 1
265 168 168 1
168 168 265 1
168 265 265 1
265 265 168 1
265 168 265 1
168 265 168 1
265 168 168 1
168 168 168 1
168 168 3 1
168 3 265 1
3 265 3 1
265 3 168 1
3 168 3 1
168 3 168 1
3 168 168 1
168 168 168 1
168 168 265 1
168 265 168 1
265 168 265 1
168 265 168 1
265 168 265 1
168 265 265 1
265 265 265 1
265 265 3 1
265 3 265 1
3 265 168 1
265 168 168 1
168 168 168 1
168 168 168 1
168 168 168 1
168 168 168 1
168 168 168 1
168 168 168 1
168 168 168 1
168 168 168 1
168 168 168 1
168 168 168 1
168 168 168 1
168 168 168 1
168 168 168 1
168 168 168 1
168 168 168 1
168 168 168 1
168 168 168 1
168 168 168 1
168 168 168 1
168 168 168 1
168 168 168 1
168 168 168 1
168 168 168 1
168 168 168 1
168 168 168 1
168 168 168 1
168 168 168 1
168 168 168 1
168 168 168 1
168 168 168 1
168 168 168 1
168 168 168 1
168 168 168 1
168 168 168 1
168 168 168 1
168 168 168 1
168 168 265 1
168 265 168 1
265 168 168 1
168 168 168 1
168 168 168 1
168 168 168 1
168 168 168 1
168 168 168 1
168 168 168 1
168 168 168 1
168 168 168 1
168 168 168 1
168 168 168 1
168 168 168 1
168 168 168 1
168 168 168 1
168 168 168 1
168 168 168 1
168 168 168 1
168 168 168 1
168 168 168 1
168 168 168 1
168 168 168 1
168 168 168 1
168 168 168 1
168 168 168 1
168 168 168 1
168 168 168 1
168 168 168 1
168 168 168 1
168 168 168 1
168 168 168 1
168 168 265 1
168 265 168 1
265 168 168 1
168 168 3 1
168 3 168 1
3 168 168 1
168 168 168 1
168 168 168 1
168 168 168 1
168 168 168 1
168 168 168 1
168 168 168 1
168 168 168 1
168 168 168 1
168 168 168 1
168 168 168 1
168 168 168 1
168 168 3 1
168 3 168 1
3 168 168 1
168 168 3 1
168 3 265 1
3 265 168 1
265 168 168 1
168 168 168 1
168 168 168 1
168 168 168 1
168 168 168 1
168 168 168 1
168 168 168 1
168 168 168 1
168 168 168 1
168 168 265 1
168 265 168 1
265 168 168 1
168 168 265 1
168 265 168 1
265 168 265 1
168 265 168 1
265 168 168 1
168 168 265 1
168 265 168 1
265 168 168 1
168 168 168 1
168 168 265 1
168 265 3 1
265 3 168 1
3 168 265 1
168 265 168 1
265 168 168 1
168 168 3 1
168 3 265 1
3 265 168 1
265 168 3 1
168 3 265 1
3 265 168 1
265 168 3 1
168 3 168 1
3 168 3 1
168 3 3 1
3 3 168 1
3 168 265 1
168 265 265 1
265 265 168 1
265 168 168 1
168 168 168 1
168 168 168 1
168 168 3 1
168 3 168 1
3 168 168 1
168 168 168 1
168 168 168 1
168 168 168 1
168 168 168 1
168 168 168 1
168 168 265 1
168 265 168 1
265 168 168 1
168 168 265 1
168 265 168 1
265 168 168 1
168 168 168 1
168 168 168 1
168 168 168 1
168 168 168 1
168 168 168 1
168 168 168 1
168 168 168 1
168 168 3 1
168 3 168 1
3 168 168 1
168 168 168 1
168 168 168 1
168 168 168 1
168 168 168 1
168 168 3 1
168 3 265 1
3 265 168 1
265 168 168 1
168 168 3 1
168 3 3 1
3 3 265 1
3 265 168 1
265 168 168 1
168 168 168 1
168 168 168 1
168 168 168 1
168 168 168 1
168 168 168 1
168 168 168 1
168 168 168 1
168 168 168 1
168 168 168 1
168 168 168 1
168 168 168 1
168 168 168 1
168 168 265 1
168 265 168 1
265 168 168 1
168 168 168 1
168 168 168 1
168 168 168 1
168 168 265 1
168 265 168 1
265 168 265 1
168 265 168 1
265 168 265 1
168 265 265 1
265 265 168 1
265 168 265 1
168 265 168 1
265 168 168 1
168 168 168 1
168 168 168 1
168 168 168 1
168 168 265 1
168 265 168 1
265 168 265 1
168 265 265 1
265 265 168 1
265 168 168 1
168 168 168 1
168 168 168 1
168 168 3 1
168 3 168 1
3 168 3 1
168 3 168 1
3 168 168 1
168 168 265 1
168 265 168 1
265 168 3 1
168 3 168 1
3 168 168 1
168 168 265 1
168 265 3 1
265 3 168 1
3 168 265 1
168 265 265 1
265 265 265 1
265 265 3 1
265 3 3 1
3 3 168 1
3 168 3 1
168 3 168 1
3 168 265 1
168 265 265 1
265 265 168 1
265 168 265 1
168 265 3 1
265 3 3 1
3 3 168 1
3 168 168 1
168 168 3 1
168 3 265 1
3 265 168 1
265 168 168 1
168 168 265 1
168 265 265 1
265 265 265 1
265 265 265 1
265 265 265 1
265 265 168 1
265 168 168 1
168 168 265 1
168 265 265 1
265 265 168 1
265 168 265 1
168 265 265 1
265 265 3 1
265 3 3 1
3 3 3 1
3 3 168 1
3 168 168 1
168 168 265 1
168 265 168 1
265 168 265 1
168 265 3 1
265 3 265 1
3 265 168 1
265 168 3 1
168 3 265 1
3 265 168 1
265 168 168 1
168 168 3 1
168 3 168 1
3 168 168 1
168 168 168 1
168 168 168 1
168 168 168 1
168 168 265 1
168 265 168 1
265 168 168 1
168 168 168 1
168 168 168 1
168 168 168 1
168 168 168 1
168 168 168 1
168 168 168 1
168 168 265 1
168 265 168 1
265 168 265 1
168 265 168 1
265 168 168 1
168 168 168 1
168 168 265 1
168 265 168 1
265 168 168 1
168 168 168 1
168 168 168 1
168 168 168 1
168 168 168 1
168 168 168 1
168 168 265 1
168 265 168 1
265 168 168 1
168 168 168 1
168 168 168 1
168 168 168 1
168 168 168 1
168 168 168 1
168 168 168 1
168 168 3 1
168 3 168 1
3 168 265 1
168 265 3 1
265 3 168 1
3 168 168 1
168 168 168 1
168 168 265 1
168 265 168 1
265 168 168 1
168 168 168 1
168 168 265 1
168 265 168 1
265 168 265 1
168 265 3 1
265 3 3 1
3 3 3 1
3 3 265 1
3 265 265 1
265 265 265 1
265 265 265 1
265 265 168 1
265 168 168 1
168 168 168 1
168 168 3 1
168 3 265 1
3 265 168 1
265 168 3 1
168 3 3 1
3 3 168 1
3 168 3 1
168 3 168 1
3 168 265 1
168 265 3 1
265 3 265 1
3 265 168 1
265 168 168 1
168 168 168 1
168 168 265 1
168 265 3 1
265 3 265 1
3 265 3 1
265 3 3 1
3 3 168 1
3 168 265 1
168 265 168 1
265 168 3 1
168 3 265 1
3 265 3 1
265 3 168 1
3 168 168 1
168 168 168 1
168 168 168 1
168 168 168 1
168 168 265 1
168 265 168 1
265 168 168 1
168 168 265 1
168 265 265 1
265 265 3 1
265 3 168 1
3 168 168 1
168 168 265 1
168 265 168 1
265 168 3 1
168 3 168 1
3 168 168 1
168 168 265 1
168 265 168 1
265 168 168 1
168 168 168 1
168 168 168 1
168 168 265 1
168 265 168 1
265 168 168 1
168 168 265 1
168 265 168 1
265 168 265 1
168 265 168 1
265 168 3 1
168 3 3 1
3 3 168 1
3 168 168 1
168 168 265 1
168 265 168 1
265 168 265 1
168 265 168 1
265 168 3 1
168 3 265 1
3 265 168 1
265 168 265 1
168 265 168 1
265 168 168 1
168 168 168 1
168 168 168 1
168 168 3 1
168 3 265 1
3 265 265 1
265 265 265 1
265 265 265 1
265 265 168 1
265 168 168 1
168 168 3 1
168 3 168 1
3 168 3 1
168 3 168 1
3 168 3 1
168 3 3 1
3 3 168 1
3 168 168 1
168 168 168 1
168 168 168 1
168 168 265 1
168 265 168 1
265 168 168 1
168 168 265 1
168 265 168 1
265 168 168 1
168 168 3 1
168 3 168 1
3 168 168 1
168 168 3 1
168 3 3 1
3 3 3 1
3 3 168 1
3 168 168 1
168 168 265 1
168 265 265 1
265 265 168 1
265 168 3 1
168 3 168 1
3 168 168 1
168 168 168 1
168 168 3 1
168 3 265 1
3 265 168 1
265 168 168 1
168 168 265 1
168 265 265 1
265 265 265 1
265 265 265 1
265 265 168 1
265 168 168 1
168 168 168 1
168 168 168 1
168 168 3 1
168 3 168 1
3 168 265 1
168 265 168 1
265 168 168 1
168 168 3 1
168 3 265 1
3 265 265 1
265 265 265 1
265 265 168 1
265 168 168 1
168 168 265 1
168 265 168 1
265 168 168 1
168 168 3 1
168 3 3 1
3 3 168 1
3 168 168 1
168 168 3 1
168 3 265 1
3 265 3 1
265 3 168 1
3 168 3 1
168 3 168 1
3 168 168 1
168 168 3 1
168 3 168 1
3 168 168 1
168 168 168 1
168 168 168 1
168 168 168 1
168 168 168 1
168 168 3 1
168 3 168 1
3 168 265 1
168 265 3 1
265 3 168 1
3 168 265 1
168 265 3 1
265 3 3 1
3 3 3 1
3 3 3 1
3 3 168 1
3 168 265 1
168 265 265 1
265 265 265 1
265 265 265 1
265 265 168 1
265 168 3 1
168 3 265 1
3 265 168 1
265 168 168 1
168 168 3 1
168 3 168 1
3 168 168 1
168 168 265 1
168 265 3 1
265 3 168 1
3 168 265 1
168 265 265 1
265 265 3 1
265 3 168 1
3 168 265 1
168 265 168 1
265 168 3 1
168 3 168 1
3 168 3 1
168 3 168 1
3 168 168 1
168 168 168 1
168 168 265 1
168 265 265 1
265 265 168 1
265 168 3 1
168 3 265 1
3 265 168 1
265 168 3 1
168 3 168 1
3 168 168 1
168 168 168 1
168 168 265 1
168 265 265 1
265 265 168 1
265 168 265 1
168 265 265 1
265 265 168 1
265 168 168 1
168 168 168 1
168 168 168 1
168 168 168 1
168 168 168 1
168 168 168 1
168 168 168 1
168 168 3 1
168 3 168 1
3 168 3 1
168 3 3 1
3 3 265 1
3 265 3 1
265 3 3 1
3 3 265 1
3 265 265 1
265 265 265 1
265 265 265 1
265 265 265 1
265 265 265 1
265 265 265 1
265 265 265 1
265 265 168 1
265 168 265 1
168 265 168 1
265 168 168 1
168 168 168 1
168 168 168 1
168 168 168 1
168 168 168 1
168 168 168 1
168 168 168 1
168 168 168 1
168 168 3 1
168 3 3 1
3 3 3 1
3 3 3 1
3 3 168 1
3 168 265 1
168 265 3 1
265 3 168 1
3 168 168 1
168 168 3 1
168 3 168 1
3 168 3 1
168 3 3 1
3 3 3 1
3 3 168 1
3 168 168 1
168 168 168 1
168 168 168 1
168 168 3 1
168 3 265 1
3 265 168 1
265 168 265 1
168 265 265 1
265 265 265 1
265 265 265 1
265 265 3 1
265 3 3 1
3 3 265 1
3 265 265 1
265 265 265 1
265 265 168 1
265 168 3 1
168 3 168 1
3 168 168 1
168 168 168 1
168 168 168 1
168 168 168 1
168 168 265 1
168 265 168 1
265 168 168 1
168 168 168 1
168 168 168 1
168 168 265 1
168 265 168 1
265 168 168 1
168 168 168 1
168 168 265 1
168 265 168 1
265 168 265 1
168 265 168 1
265 168 168 1
168 168 265 1
168 265 265 1
265 265 168 1
265 168 3 1
168 3 265 1
3 265 168 1
265 168 3 1
168 3 3 1
3 3 3 1
3 3 168 1
3 168 168 1
168 168 265 1
168 265 168 1
265 168 168 1
168 168 265 1
168 265 3 1
265 3 3 1
3 3 168 1
3 168 265 1
168 265 168 1
265 168 168 1
168 168 168 1
168 168 168 1
168 168 3 1
168 3 3 1
3 3 168 1
3 168 265 1
168 265 168 1
265 168 3 1
168 3 168 1
3 168 168 1
168 168 265 1
168 265 3 1
265 3 3 1
3 3 265 1
3 265 3 1
265 3 168 1
3 168 168 1
168 168 168 1
168 168 168 1
168 168 168 1
168 168 168 1
168 168 168 1
168 168 168 1
168 168 168 1
168 168 168 1
168 168 168 1
168 168 3 1
168 3 168 1
3 168 168 1
168 168 168 1
168 168 168 1
168 168 168 1
168 168 168 1
168 168 168 1
168 168 168 1
168 168 168 1
168 168 168 1
168 168 265 1
168 265 168 1
265 168 168 1
168 168 168 1
168 168 168 1
168 168 168 1
168 168 168 1
168 168 168 1
168 168 168 1
168 168 168 1
168 168 265 1
168 265 265 1
265 265 168 1
265 168 168 1
168 168 168 1
168 168 168 1
168 168 168 1
168 168 168 1
168 168 168 1
168 168 168 1
168 168 168 1
168 168 168 1
168 168 265 1
168 265 168 1
265 168 168 1
168 168 3 1
168 3 168 1
3 168 168 1
168 168 168 1
168 168 168 1
168 168 168 1
168 168 168 1
168 168 265 1
168 265 168 1
265 168 168 1
168 168 3 1
168 3 168 1
3 168 265 1
168 265 168 1
265 168 168 1
168 168 265 1
168 265 3 1
265 3 3 1
3 3 3 1
3 3 265 1
3 265 265 1
265 265 168 1
265 168 168 1
168 168 168 1
168 168 168 1
168 168 265 1
168 265 168 1
265 168 265 1
168 265 265 1
265 265 168 1
265 168 168 1
168 168 3 1
168 3 168 1
3 168 168 1
168 168 168 1
168 168 265 1
168 265 265 1
265 265 168 1
265 168 3 1
168 3 3 1
3 3 3 1
3 3 168 1
3 168 265 1
168 265 265 1
265 265 265 1
265 265 168 1
265 168 168 1
168 168 168 1
168 168 168 1
168 168 168 1
168 168 168 1
168 168 168 1
168 168 168 1
168 168 168 1
168 168 265 1
168 265 168 1
265 168 168 1
168 168 168 1
168 168 168 1
168 168 168 1
168 168 3 1
168 3 168 1
3 168 265 1
168 265 168 1
265 168 168 1
168 168 168 1
168 168 168 1
168 168 265 1
168 265 168 1
265 168 265 1
168 265 168 1
265 168 265 1
168 265 168 1
265 168 168 1
168 168 265 1
168 265 168 1
265 168 168 1
168 168 168 1
168 168 168 1
168 168 265 1
168 265 3 1
265 3 168 1
3 168 168 1
168 168 168 1
168 168 3 1
168 3 265 1
3 265 3 1
265 3 168 1
3 168 168 1
168 168 168 1
168 168 3 1
168 3 168 1
3 168 168 1
168 168 3 1
168 3 3 1
3 3 3 1
3 3 168 1
3 168 265 1
168 265 3 1
265 3 168 1
3 168 265 1
168 265 168 1
265 168 265 1
168 265 168 1
265 168 168 1
168 168 168 1
168 168 168 1
168 168 168 1
168 168 168 1
168 168 168 1
168 168 168 1
168 168 168 1
168 168 168 1
168 168 168 1
168 168 168 1
168 168 168 1
168 168 168 1
168 168 265 1
168 265 168 1
265 168 168 1
168 168 168 1
168 168 168 1
168 168 168 1
168 168 168 1
168 168 168 1
168 168 168 1
168 168 168 1
168 168 168 1
168 168 168 1
168 168 265 1
168 265 168 1
265 168 265 1
168 265 168 1
265 168 168 1
168 168 168 1
168 168 265 1
168 265 168 1
265 168 265 1
168 265 168 1
265 168 265 1
168 265 3 1
265 3 3 1
3 3 265 1
3 265 168 1
265 168 168 1
168 168 265 1
168 265 168 1
265 168 168 1
168 168 3 1
168 3 168 1
3 168 3 1
168 3 265 1
3 265 265 1
265 265 3 1
265 3 168 1
3 168 168 1
168 168 168 1
168 168 168 1
168 168 168 1
168 168 3 1
168 3 168 1
3 168 168 1
168 168 265 1
168 265 3 1
265 3 168 1
3 168 168 1
168 168 168 1
168 168 168 1
168 168 265 1
168 265 265 1
265 265 3 1
265 3 3 1
3 3 3 1
3 3 168 1
3 168 3 1
168 3 265 1
3 265 168 1
265 168 265 1
168 265 168 1
265 168 265 1
168 265 168 1
265 168 265 1
168 265 168 1
265 168 168 1
168 168 265 1
168 265 168 1
265 168 168 1
168 168 168 1
168 168 168 1
168 168 265 1
168 265 265 1
265 265 265 1
265 265 168 1
265 168 168 1
168 168 265 1
168 265 168 1
265 168 265 1
168 265 168 1
265 168 265 1
168 265 3 1
265 3 3 1
3 3 168 1
3 168 3 1
168 3 265 1
3 265 168 1
265 168 168 1
168 168 168 1
168 168 168 1
168 168 168 1
168 168 168 1
168 168 168 1
168 168 168 1
168 168 168 1
168 168 168 1
168 168 265 1
168 265 3 1
265 3 265 1
3 265 168 1
265 168 168 1
168 168 168 1
168 168 168 1
168 168 168 1
168 168 168 1
168 168 168 1
168 168 168 1
168 168 168 1
168 168 168 1
168 168 168 1
168 168 168 1
168 168 168 1
168 168 168 1
168 168 168 1
168 168 3 1
168 3 168 1
3 168 3 1
168 3 168 1
3 168 168 1
168 168 168 1
168 168 168 1
168 168 168 1
168 168 168 1
168 168 168 1
168 168 265 1
168 265 265 1
265 265 265 1
265 265 3 1
265 3 265 1
3 265 3 1
265 3 3 1
3 3 168 1
3 168 3 1
168 3 3 1
3 3 265 1
3 265 168 1
265 168 168 1
168 168 168 1
168 168 3 1
168 3 168 1
3 168 168 1
168 168 168 1
168 168 265 1
168 265 3 1
265 3 168 1
3 168 168 1
168 168 265 1
168 265 3 1
265 3 265 1
3 265 265 1
265 265 3 1
265 3 168 1
3 168 265 1
168 265 265 1
265 265 168 1
265 168 168 1
168 168 168 1
168 168 168 1
168 168 265 1
168 265 168 1
265 168 3 1
168 3 265 1
3 265 265 1
265 265 168 1
265 168 168 1
168 168 3 1
168 3 168 1
3 168 3 1
168 3 168 1
3 168 265 1
168 265 265 1
265 265 168 1
265 168 168 1
168 168 265 1
168 265 3 1
265 3 265 1
3 265 3 1
265 3 168 1
3 168 265 1
168 265 168 1
265 168 168 1
168 168 265 1
168 265 265 1
265 265 168 1
265 168 265 1
168 265 265 1
265 265 168 1
265 168 168 1
168 168 265 1
168 265 265 1
265 265 168 1
265 168 3 1
168 3 265 1
3 265 168 1
265 168 168 1
168 168 168 1
168 168 265 1
168 265 168 1
265 168 3 1
168 3 168 1
3 168 168 1
168 168 3 1
168 3 168 1
3 168 168 1
168 168 3 1
168 3 265 1
3 265 3 1
265 3 168 1
3 168 168 1
168 168 168 1
168 168 168 1
168 168 265 1
168 265 3 1
265 3 3 1
3 3 265 1
3 265 3 1
265 3 265 1
3 265 168 1
265 168 3 1
168 3 168 1
3 168 168 1
168 168 3 1
168 3 265 1
3 265 265 1
265 265 265 1
265 265 168 1
265 168 168 1
168 168 168 1
168 168 168 1
168 168 3 1
168 3 168 1
3 168 265 1
168 265 265 1
265 265 168 1
265 168 3 1
168 3 168 1
3 168 168 1
168 168 265 1
168 265 168 1
265 168 3 1
168 3 168 1
3 168 168 1
168 168 168 1
168 168 168 1
168 168 265 1
168 265 168 1
265 168 168 1
168 168 168 1
168 168 168 1
168 168 168 1
168 168 168 1
168 168 168 1
168 168 168 1
168 168 168 1
168 168 3 1
168 3 3 1
3 3 3 1
3 3 168 1
3 168 168 1
168 168 168 1
168 168 265 1
168 265 168 1
265 168 265 1
168 265 168 1
265 168 168 1
168 168 3 1
168 3 265 1
3 265 168 1
265 168 3 1
168 3 168 1
3 168 265 1
168 265 3 1
265 3 3 1
3 3 168 1
3 168 168 1
168 168 3 1
168 3 168 1
3 168 265 1
168 265 265 1
265 265 265 1
265 265 3 1
265 3 265 1
3 265 168 1
265 168 168 1
168 168 265 1
168 265 265 1
265 265 265 1
265 265 168 1
265 168 3 1
168 3 168 1
3 168 168 1
168 168 265 1
168 265 168 1
265 168 168 1
168 168 168 1
168 168 265 1
168 265 265 1
265 265 3 1
265 3 265 1
3 265 3 1
265 3 168 1
3 168 265 1
168 265 168 1
265 168 168 1
168 168 168 1
168 168 3 1
168 3 168 1
3 168 3 1
168 3 265 1
3 265 168 1
265 168 265 1
168 265 3 1
265 3 168 1
3 168 265 1
168 265 3 1
265 3 168 1
3 168 168 1
168 168 265 1
168 265 168 1
265 168 265 1
168 265 3 1
265 3 168 1
3 168 168 1
168 168 168 1
168 168 168 1
168 168 168 1
168 168 168 1
168 168 168 1
168 168 168 1
168 168 265 1
168 265 3 1
265 3 168 1
3 168 3 1
168 3 168 1
3 168 3 1
168 3 168 1
3 168 168 1
168 168 168 1
168 168 3 1
168 3 168 1
3 168 168 1
168 168 168 1
168 168 3 1
168 3 168 1
3 168 265 1
168 265 168 1
265 168 265 1
168 265 3 1
265 3 168 1
3 168 168 1
168 168 168 1
168 168 168 1
168 168 168 1
168 168 168 1
168 168 168 1
168 168 168 1
168 168 168 1
168 168 168 1
168 168 168 1
168 168 168 1
168 168 168 1
168 168 168 1
168 168 168 1
168 168 168 1
168 168 168 1
168 168 168 1
168 168 168 1
168 168 168 1
168 168 168 1
168 168 168 1
168 168 168 1
168 168 168 1
168 168 168 1
168 168 168 1
168 168 265 1
168 265 3 1
265 3 168 1
3 168 168 1
168 168 168 1
168 168 265 1
168 265 168 1
265 168 3 1
168 3 265 1
3 265 265 1
265 265 3 1
265 3 265 1
3 265 3 1
265 3 168 1
3 168 265 1
168 265 265 1
265 265 168 1
265 168 168 1
168 168 168 1
168 168 265 1
168 265 3 1
265 3 168 1
3 168 168 1
168 168 168 1
168 168 168 1
168 168 3 1
168 3 168 1
3 168 3 1
168 3 168 1
3 168 265 1
168 265 168 1
265 168 168 1
168 168 265 1
168 265 168 1
265 168 3 1
168 3 168 1
3 168 3 1
168 3 3 1
3 3 3 1
3 3 168 1
3 168 265 1
168 265 3 1
265 3 168 1
3 168 168 1
168 168 168 1
168 168 168 1
168 168 168 1
168 168 168 1
168 168 168 1
168 168 168 1
168 168 3 1
168 3 168 1
3 168 168 1
168 168 168 1
168 168 265 1
168 265 3 1
265 3 168 1
3 168 168 1
168 168 168 1
168 168 168 1
168 168 168 1
168 168 168 1
168 168 168 1
168 168 265 1
168 265 3 1
265 3 265 1
3 265 168 1
265 168 3 1
168 3 168 1
3 168 168 1
168 168 265 1
168 265 265 1
265 265 3 1
265 3 265 1
3 265 168 1
265 168 168 1
168 168 168 1
168 168 265 1
168 265 168 1
265 168 265 1
168 265 168 1
265 168 3 1
168 3 3 1
3 3 3 1
3 3 3 1
3 3 3 1
3 3 265 1
3 265 3 1
265 3 265 1
3 265 265 1
265 265 265 1
265 265 168 1
265 168 265 1
168 265 265 1
265 265 168 1
265 168 3 1
168 3 168 1
3 168 168 1
168 168 168 1
168 168 3 1
168 3 3 1
3 3 265 1
3 265 3 1
265 3 265 1
3 265 168 1
265 168 265 1
168 265 168 1
265 168 265 1
168 265 168 1
265 168 3 1
168 3 265 1
3 265 168 1
265 168 168 1
168 168 168 1
168 168 168 1
168 168 3 1
168 3 168 1
3 168 168 1
168 168 168 1
168 168 168 1
168 168 3 1
168 3 168 1
3 168 168 1
168 168 265 1
168 265 168 1
265 168 168 1
168 168 265 1
168 265 3 1
265 3 168 1
3 168 265 1
168 265 265 1
265 265 168 1
265 168 3 1
168 3 3 1
3 3 265 1
3 265 168 1
265 168 168 1
168 168 3 1
168 3 3 1
3 3 168 1
3 168 168 1
168 168 168 1
168 168 168 1
168 168 265 1
168 265 168 1
265 168 168 1
168 168 168 1
168 168 168 1
168 168 265 1
168 265 168 1
265 168 265 1
168 265 168 1
265 168 168 1
168 168 168 1
168 168 168 1
168 168 168 1
168 168 168 1
168 168 168 1
168 168 168 1
168 168 168 1
168 168 265 1
168 265 168 1
265 168 3 1
168 3 265 1
3 265 265 1
265 265 265 1
265 265 3 1
265 3 265 1
3 265 3 1
265 3 168 1
3 168 265 1
168 265 3 1
265 3 265 1
3 265 265 1
265 265 168 1
265 168 168 1
168 168 168 1
168 168 168 1
168 168 3 1
168 3 168 1
3 168 168 1
168 168 168 1
168 168 168 1
168 168 3 1
168 3 168 1
3 168 168 1
168 168 265 1
168 265 168 1
265 168 168 1
168 168 168 1
168 168 168 1
168 168 168 1
168 168 3 1
168 3 265 1
3 265 265 1
265 265 265 1
265 265 168 1
265 168 168 1
168 168 168 1
168 168 168 1
168 168 168 1
168 168 168 1
168 168 168 1
168 168 168 1
168 168 168 1
168 168 168 1
168 168 168 1
168 168 168 1
168 168 168 1
168 168 168 1
168 168 168 1
168 168 168 1
168 168 168 1
168 168 168 1
168 168 168 1
168 168 168 1
168 168 168 1
168 168 168 1
168 168 3 1
168 3 168 1
3 168 168 1
168 168 168 1
168 168 168 1
168 168 168 1
168 168 3 1
168 3 265 1
3 265 168 1
265 168 265 1
168 265 3 1
265 3 168 1
3 168 265 1
168 265 168 1
265 168 168 1
168 168 3 1
168 3 3 1
3 3 265 1
3 265 168 1
265 168 168 1
168 168 168 1
168 168 168 1
168 168 168 1
168 168 265 1
168 265 3 1
265 3 265 1
3 265 168 1
265 168 265 1
168 265 3 1
265 3 265 1
3 265 168 1
265 168 3 1
168 3 168 1
3 168 168 1
168 168 265 1
168 265 168 1
265 168 168 1
168 168 168 1
168 168 168 1
168 168 265 1
168 265 168 1
265 168 168 1
168 168 168 1
168 168 168 1
168 168 168 1
168 168 265 1
168 265 168 1
265 168 168 1
168 168 168 1
168 168 168 1
168 168 265 1
168 265 265 1
265 265 168 1
265 168 3 1
168 3 168 1
3 168 3 1
168 3 3 1
3 3 168 1
3 168 168 1
168 168 168 1
168 168 168 1
168 168 3 1
168 3 168 1
3 168 168 1
168 168 168 1
168 168 3 1
168 3 168 1
3 168 168 1
168 168 265 1
168 265 168 1
265 168 3 1
168 3 168 1
3 168 265 1
168 265 168 1
265 168 168 1
168 168 3 1
168 3 265 1
3 265 265 1
265 265 265 1
265 265 168 1
265 168 168 1
168 168 3 1
168 3 168 1
3 168 168 1
168 168 168 1
168 168 265 1
168 265 265 1
265 265 265 1
265 265 265 1
265 265 3 1
265 3 265 1
3 265 3 1
265 3 265 1
3 265 265 1
265 265 3 1
265 3 168 1
3 168 265 1
168 265 265 1
265 265 3 1
265 3 168 1
3 168 265 1
168 265 265 1
265 265 3 1
265 3 168 1
3 168 168 1
168 168 3 1
168 3 265 1
3 265 265 1
265 265 168 1
265 168 168 1
168 168 265 1
168 265 168 1
265 168 168 1
168 168 168 1
168 168 168 1
168 168 3 1
168 3 168 1
3 168 265 1
168 265 168 1
265 168 168 1
168 168 3 1
168 3 265 1
3 265 168 1
265 168 168 1
168 168 168 1
168 168 168 1
168 168 168 1
168 168 168 1
168 168 168 1
168 168 265 1
168 265 168 1
265 168 168 1
168 168 168 1
168 168 265 1
168 265 3 1
265 3 3 1
3 3 168 1
3 168 168 1
168 168 168 1
168 168 265 1
168 265 168 1
265 168 168 1
168 168 265 1
168 265 168 1
265 168 265 1
168 265 265 1
265 265 168 1
265 168 3 1
168 3 168 1
3 168 3 1
168 3 168 1
3 168 3 1
168 3 168 1
3 168 265 1
168 265 168 1
265 168 265 1
168 265 168 1
265 168 168 1
168 168 265 1
168 265 168 1
265 168 168 1
168 168 265 1
168 265 168 1
265 168 168 1
168 168 168 1
168 168 168 1
168 168 168 1
168 168 3 1
168 3 168 1
3 168 3 1
168 3 168 1
3 168 265 1
168 265 265 1
265 265 168 1
265 168 168 1
168 168 3 1
168 3 168 1
3 168 3 1
168 3 3 1
3 3 168 1
3 168 168 1
168 168 265 1
168 265 168 1
265 168 168 1
168 168 3 1
168 3 168 1
3 168 168 1
168 168 265 1
168 265 265 1
265 265 168 1
265 168 3 1
168 3 168 1
3 168 265 1
168 265 265 1
265 265 265 1
265 265 168 1
265 168 168 1
new
142 142 265 1
142 265 146 1
265 146 3 1
146 3 265 1
3 265 3 1
265 3 142 1
3 142 142 1
142 142 146 1
142 146 142 1
146 142 265 1
142 265 142 1
265 142 104 1
142 104 3 1
104 3 3 1
3 3 91 1
3 91 142 1
91 142 142 1
142 142 104 1
142 104 146 1
104 146 3 1
146 3 3 1
3 3 142 1
3 142 265 1
142 265 265 1
265 265 142 1
265 142 104 1
142 104 265 1
104 265 142 1
265 142 265 1
142 265 142 1
265 142 3 1
142 3 142 1
3 142 265 1
142 265 265 1
265 265 265 1
265 265 142 1
265 142 142 1
142 142 265 1
142 265 142 1
265 142 3 1
142 3 142 1
3 142 3 1
142 3 265 1
3 265 265 1
265 265 142 1
265 142 104 1
142 104 142 1
104 142 142 1
142 142 104 1
142 104 142 1
104 142 3 1
142 3 142 1
3 142 3 1
142 3 3 1
3 3 265 1
3 265 104 1
265 104 142 1
104 142 3 1
142 3 265 1
3 265 265 1
265 265 3 1
265 3 3 1
3 3 265 1
3 265 3 1
265 3 104 1
3 104 142 1
104 142 3 1
142 3 104 1
3 104 3 1
104 3 3 1
3 3 3 1
3 3 142 1
3 142 3 1
142 3 104 1
3 104 104 1
104 104 3 1
104 3 142 1
3 142 265 1
142 265 3 1
265 3 104 1
3 104 104 1
104 104 104 1
104 104 265 1
104 265 265 1
265 265 142 1
265 142 265 1
142 265 146 1
265 146 265 1
146 265 142 1
265 142 265 1
142 265 142 1
265 142 119 1
142 119 142 1
119 142 146 1
142 146 142 1
146 142 104 1
142 104 142 1
104 142 265 1
142 265 3 1
265 3 104 1
3 104 3 1
104 3 3 1
3 3 142 1
3 142 142 1
142 142 3 1
142 3 104 1
3 104 142 1
104 142 3 1
142 3 265 1
3 265 3 1
265 3 142 1
3 142 265 1
142 265 142 1
265 142 3 1
142 3 3 1
3 3 142 1
3 142 142 1
142 142 142 1
142 142 3 1
142 3 3 1
3 3 146 1
3 146 104 1
146 104 265 1
104 265 265 1
265 265 142 1
265 142 3 1
142 3 104 1
3 104 3 1
104 3 3 1
3 3 3 1
3 3 142 1
3 142 265 1
142 265 142 1
265 142 3 1
142 3 104 1
3 104 3 1
104 3 3 1
3 3 142 1
3 142 3 1
142 3 142 1
3 142 142 1
142 142 142 1
142 142 3 1
142 3 142 1
3 142 3 1
142 3 3 1
3 3 142 1
3 142 265 1
142 265 142 1
265 142 3 1
142 3 146 1
3 146 142 1
146 142 142 1
142 142 142 1
142 142 265 1
142 265 3 1
265 3 3 1
3 3 3 1
3 3 104 1
3 104 265 1
104 265 142 1
265 142 3 1
142 3 142 1
3 142 142 1
142 142 142 1
142 142 104 1
142 104 265 1
104 265 142 1
265 142 104 1
142 104 146 1
104 146 142 1
146 142 265 1
142 265 3 1
265 3 142 1
3 142 104 1
142 104 142 1
104 142 265 1
142 265 142 1
265 142 265 1
142 265 265 1
265 265 142 1
265 142 265 1
142 265 142 1
265 142 104 1
142 104 146 1
104 146 3 1
146 3 142 1
3 142 3 1
142 3 3 1
3 3 142 1
3 142 3 1
142 3 104 1
3 104 142 1
104 142 3 1
142 3 265 1
3 265 142 1
265 142 142 1
142 142 142 1
142 142 142 1
142 142 3 1
142 3 3 1
3 3 265 1
3 265 142 1
265 142 265 1
142 265 265 1
265 265 265 1
265 265 3 1
265 3 3 1
3 3 3 1
3 3 142 1
3 142 3 1
142 3 3 1
3 3 142 1
3 142 3 1
142 3 142 1
3 142 3 1
142 3 142 1
3 142 3 1
142 3 142 1
3 142 3 1
142 3 3 1
3 3 104 1
3 104 142 1
104 142 104 1
142 104 3 1
104 3 3 1
3 3 3 1
3 3 142 1
3 142 146 1
142 146 142 1
146 142 3 1
142 3 265 1
3 265 3 1
265 3 104 1
3 104 3 1
104 3 142 1
3 142 104 1
142 104 142 1
104 142 3 1
142 3 265 1
3 265 142 1
265 142 3 1
142 3 142 1
3 142 142 1
142 142 3 1
142 3 142 1
3 142 142 1
142 142 142 1
142 142 3 1
142 3 142 1
3 142 3 1
142 3 3 1
3 3 3 1
3 3 265 1
3 265 104 1
265 104 3 1
104 3 142 1
3 142 104 1
142 104 3 1
104 3 3 1
3 3 142 1
3 142 104 1
142 104 265 1
104 265 142 1
265 142 104 1
142 104 3 1
104 3 265 1
3 265 142 1
265 142 3 1
142 3 142 1
3 142 3 1
142 3 146 1
3 146 104 1
146 104 3 1
104 3 104 1
3 104 142 1
104 142 265 1
142 265 3 1
265 3 142 1
3 142 3 1
142 3 104 1
3 104 142 1
104 142 3 1
142 3 3 1
3 3 142 1
3 142 3 1
142 3 3 1
3 3 142 1
3 142 3 1
142 3 3 1
3 3 265 1
3 265 104 1
265 104 3 1
104 3 265 1
3 265 142 1
265 142 3 1
142 3 265 1
3 265 265 1
265 265 142 1
265 142 265 1
142 265 265 1
265 265 265 1
265 265 142 1
265 142 3 1
142 3 142 1
3 142 265 1
142 265 3 1
265 3 3 1
3 3 3 1
3 3 265 1
3 265 265 1
265 265 142 1
265 142 104 1
142 104 142 1
104 142 3 1
142 3 142 1
3 142 3 1
142 3 142 1
3 142 265 1
142 265 3 1
265 3 142 1
3 142 3 1
142 3 142 1
3 142 265 1
142 265 142 1
265 142 142 1
142 142 265 1
142 265 104 1
265 104 3 1
104 3 142 1
3 142 3 1
142 3 265 1
3 265 3 1
265 3 265 1
3 265 265 1
265 265 142 1
265 142 265 1
142 265 142 1
265 142 142 1
142 142 3 1
142 3 142 1
3 142 142 1
142 142 104 1
142 104 104 1
104 104 142 1
104 142 3 1
142 3 142 1
3 142 265 1
142 265 3 1
265 3 265 1
3 265 3 1
265 3 3 1
3 3 3 1
3 3 104 1
3 104 146 1
104 146 104 1
146 104 3 1
104 3 142 1
3 142 265 1
142 265 142 1
265 142 3 1
142 3 3 1
3 3 3 1
3 3 3 1
3 3 265 1
3 265 104 1
265 104 3 1
104 3 3 1
3 3 265 1
3 265 3 1
265 3 142 1
3 142 3 1
142 3 146 1
3 146 3 1
146 3 3 1
3 3 142 1
3 142 146 1
142 146 3 1
146 3 3 1
3 3 265 1
3 265 142 1
265 142 265 1
142 265 3 1
265 3 104 1
3 104 3 1
104 3 3 1
3 3 3 1
3 3 3 1
3 3 265 1
3 265 3 1
265 3 142 1
3 142 3 1
142 3 104 1
3 104 104 1
104 104 3 1
104 3 3 1
3 3 3 1
3 3 146 1
3 146 3 1
146 3 104 1
3 104 3 1
104 3 142 1
3 142 3 1
142 3 3 1
3 3 3 1
3 3 3 1
3 3 142 1
3 142 142 1
142 142 104 1
142 104 3 1
104 3 265 1
3 265 3 1
265 3 3 1
3 3 104 1
3 104 142 1
104 142 265 1
142 265 3 1
265 3 146 1
3 146 265 1
146 265 3 1
265 3 3 1
3 3 142 1
3 142 3 1
142 3 265 1
3 265 142 1
265 142 3 1
142 3 146 1
3 146 142 1
146 142 3 1
142 3 142 1
3 142 3 1
142 3 3 1
3 3 142 1
3 142 3 1
142 3 265 1
3 265 3 1
265 3 142 1
3 142 142 1
142 142 3 1
142 3 142 1
3 142 142 1
142 142 142 1
142 142 104 1
142 104 104 1
104 104 3 1
104 3 3 1
3 3 104 1
3 104 3 1
104 3 142 1
3 142 104 1
142 104 104 1
104 104 3 1
104 3 265 1
3 265 104 1
265 104 142 1
104 142 265 1
142 265 146 1
265 146 3 1
146 3 104 1
3 104 146 1
104 146 146 1
146 146 265 1
146 265 3 1
265 3 142 1
3 142 265 1
142 265 104 1
265 104 3 1
104 3 265 1
3 265 3 1
265 3 146 1
3 146 142 1
146 142 265 1
142 265 146 1
265 146 142 1
146 142 104 1
142 104 142 1
104 142 142 1
142 142 142 1
142 142 3 1
142 3 265 1
3 265 104 1
265 104 142 1
104 142 3 1
142 3 104 1
3 104 146 1
104 146 142 1
146 142 104 1
142 104 142 1
104 142 104 1
142 104 265 1
104 265 3 1
265 3 3 1
3 3 3 1
3 3 3 1
3 3 3 1
3 3 265 1
3 265 3 1
265 3 3 1
3 3 3 1
3 3 142 1
3 142 3 1
142 3 142 1
3 142 3 1
142 3 3 1
3 3 265 1
3 265 3 1
265 3 3 1
3 3 104 1
3 104 3 1
104 3 3 1
3 3 104 1
3 104 104 1
104 104 3 1
104 3 104 1
3 104 3 1
104 3 104 1
3 104 265 1
104 265 265 1
265 265 142 1
265 142 3 1
142 3 3 1
3 3 3 1
3 3 265 1
3 265 3 1
265 3 3 1
3 3 3 1
3 3 104 1
3 104 146 1
104 146 3 1
146 3 265 1
3 265 142 1
265 142 3 1
142 3 3 1
3 3 3 1
3 3 142 1
3 142 265 1
142 265 104 1
265 104 3 1
104 3 104 1
3 104 265 1
104 265 3 1
265 3 142 1
3 142 146 1
142 146 104 1
146 104 3 1
104 3 3 1
3 3 104 1
3 104 142 1
104 142 3 1
142 3 265 1
3 265 265 1
265 265 3 1
265 3 104 1
3 104 3 1
104 3 142 1
3 142 142 1
142 142 265 1
142 265 3 1
265 3 142 1
3 142 104 1
142 104 3 1
104 3 265 1
3 265 3 1
265 3 142 1
3 142 3 1
142 3 3 1
3 3 142 1
3 142 265 1
142 265 265 1
265 265 142 1
265 142 142 1
142 142 3 1
142 3 142 1
3 142 104 1
142 104 142 1
104 142 3 1
142 3 3 1
3 3 3 1
3 3 265 1
3 265 146 1
265 146 265 1
146 265 142 1
265 142 3 1
142 3 142 1
3 142 3 1
142 3 142 1
3 142 3 1
142 3 104 1
3 104 3 1
104 3 3 1
3 3 265 1
3 265 3 1
265 3 142 1
3 142 3 1
142 3 104 1
3 104 142 1
104 142 142 1
142 142 3 1
142 3 104 1
3 104 142 1
104 142 104 1
142 104 142 1
104 142 3 1
142 3 265 1
3 265 265 1
265 265 142 1
265 142 104 1
142 104 3 1
104 3 3 1
3 3 142 1
3 142 146 1
142 146 265 1
146 265 3 1
265 3 142 1
3 142 3 1
142 3 265 1
3 265 142 1
265 142 265 1
142 265 142 1
265 142 142 1
142 142 265 1
142 265 142 1
265 142 3 1
142 3 142 1
3 142 3 1
142 3 104 1
3 104 265 1
104 265 142 1
265 142 3 1
142 3 265 1
3 265 142 1
265 142 142 1
142 142 3 1
142 3 3 1
3 3 142 1
3 142 142 1
142 142 3 1
142 3 142 1
3 142 3 1
142 3 104 1
3 104 3 1
104 3 265 1
3 265 142 1
265 142 3 1
142 3 3 1
3 3 3 1
3 3 142 1
3 142 265 1
142 265 104 1
265 104 142 1
104 142 142 1
142 142 104 1
142 104 3 1
104 3 104 1
3 104 146 1
104 146 265 1
146 265 3 1
265 3 142 1
3 142 265 1
142 265 3 1
265 3 142 1
3 142 3 1
142 3 265 1
3 265 142 1
265 142 265 1
142 265 265 1
265 265 3 1
265 3 3 1
3 3 104 1
3 104 142 1
104 142 3 1
142 3 142 1
3 142 142 1
142 142 3 1
142 3 3 1
3 3 142 1
3 142 175 1
142 175 265 1
175 265 142 1
265 142 142 1
142 142 265 1
142 265 146 1
265 146 142 1
146 142 265 1
142 265 146 1
265 146 3 1
146 3 142 1
3 142 54 1
142 54 265 1
54 265 265 1
265 265 142 1
265 142 142 1
142 142 146 1
142 146 3 1
146 3 104 1
3 104 142 1
104 142 146 1
142 146 142 1
146 142 142 1
142 142 142 1
142 142 142 1
142 142 146 1
142 146 265 1
146 265 142 1
265 142 146 1
142 146 3 1
146 3 104 1
3 104 265 1
104 265 265 1
265 265 142 1
265 142 3 1
142 3 265 1
3 265 3 1
265 3 265 1
3 265 146 1
265 146 146 1
146 146 3 1
146 3 146 1
3 146 104 1
146 104 3 1
104 3 142 1
3 142 142 1
new
221 102 102 1
102 102 122 1
102 122 268 1
122 268 13 1
268 13 220 1
13 220 5 1
220 5 196 1
5 196 196 1
196 196 91 1
196 91 13 1
91 13 122 1
13 122 146 1
122 146 168 1
146 168 91 1
168 91 104 1
91 104 102 1
104 102 102 1
102 102 102 1
102 102 168 1
102 168 168 1
168 168 168 1
168 168 168 1
168 168 102 1
168 102 168 1
102 168 102 1
168 102 168 1
102 168 168 1
168 168 13 1
168 13 3 1
13 3 13 1
3 13 120 1
13 120 5 1
120 5 104 1
5 104 6 1
104 6 221 1
6 221 102 1
221 102 168 1
102 168 168 1
168 168 102 1
168 102 168 1
102 168 102 1
168 102 168 1
102 168 102 1
168 102 168 1
102 168 102 1
168 102 168 1
102 168 102 1
168 102 168 1
102 168 102 1
168 102 168 1
102 168 102 1
168 102 168 1
102 168 102 1
168 102 102 1
102 102 168 1
102 168 102 1
168 102 168 1
102 168 102 1
168 102 168 1
102 168 102 1
168 102 168 1
102 168 102 1
168 102 168 1
102 168 102 1
168 102 168 1
102 168 102 1
168 102 168 1
102 168 102 1
168 102 168 1
102 168 102 1
168 102 168 1
102 168 102 1
168 102 221 1
102 221 168 1
221 168 78 1
168 78 3 1
78 3 78 1
3 78 78 1
78 78 195 1
78 195 78 1
195 78 78 1
78 78 60 1
78 60 60 1
60 60 102 1
60 102 168 1
102 168 102 1
168 102 168 1
102 168 102 1
168 102 168 1
102 168 102 1
168 102 168 1
102 168 102 1
168 102 168 1
102 168 102 1
168 102 168 1
102 168 102 1
168 102 168 1
102 168 102 1
168 102 168 1
102 168 102 1
168 102 168 1
102 168 102 1
168 102 168 1
102 168 102 1
168 102 168 1
102 168 102 1
168 102 168 1
102 168 102 1
168 102 168 1
102 168 102 1
168 102 168 1
102 168 102 1
168 102 168 1
102 168 102 1
168 102 168 1
102 168 102 1
168 102 168 1
102 168 102 1
168 102 168 1
102 168 102 1
168 102 168 1
102 168 102 1
168 102 168 1
102 168 102 1
168 102 168 1
102 168 102 1
168 102 102 1
102 102 168 1
102 168 102 1
168 102 168 1
102 168 102 1
168 102 168 1
102 168 102 1
168 102 168 1
102 168 102 1
168 102 168 1
102 168 102 1
168 102 168 1
102 168 102 1
168 102 168 1
102 168 102 1
168 102 168 1
102 168 102 1
168 102 168 1
102 168 102 1
168 102 168 1
102 168 102 1
168 102 168 1
102 168 102 1
168 102 168 1
102 168 102 1
168 102 168 1
102 168 102 1
168 102 168 1
102 168 168 1
168 168 102 1
168 102 168 1
102 168 102 1
168 102 168 1
102 168 102 1
168 102 192 1
102 192 3 1
192 3 6 1
3 6 13 1
6 13 13 1
13 13 12 1
13 12 3 1
12 3 146 1
3 146 168 1
new
240 240 4 1
240 4 13 1
4 13 4 1
13 4 78 1
4 78 240 1
78 240 78 1
240 78 78 1
78 78 13 1
78 13 78 1
13 78 4 1
78 4 13 1
4 13 78 1
13 78 4 1
78 4 13 1
4 13 13 1
13 13 78 1
13 78 240 1
78 240 240 1
240 240 4 1
240 4 4 1
4 4 240 1
4 240 4 1
240 4 240 1
4 240 13 1
240 13 78 1
13 78 4 1
78 4 4 1
4 4 4 1
4 4 78 1
4 78 240 1
78 240 240 1
240 240 78 1
240 78 4 1
78 4 4 1
4 4 240 1
4 240 4 1
240 4 4 1
4 4 13 1
4 13 4 1
13 4 4 1
4 4 4 1
4 4 4 1
4 4 4 1
4 4 13 1
4 13 4 1
13 4 13 1
4 13 4 1
13 4 4 1
4 4 4 1
4 4 78 1
4 78 240 1
78 240 13 1
240 13 240 1
13 240 240 1
240 240 4 1
240 4 4 1
4 4 78 1
4 78 5 1
78 5 240 1
5 240 4 1
240 4 13 1
4 13 4 1
13 4 4 1
4 4 4 1
4 4 13 1
4 13 78 1
13 78 4 1
78 4 13 1
4 13 240 1
13 240 4 1
240 4 78 1
4 78 13 1
78 13 78 1
13 78 13 1
78 13 13 1
13 13 78 1
13 78 13 1
78 13 4 1
13 4 13 1
4 13 13 1
13 13 4 1
13 4 240 1
4 240 4 1
240 4 4 1
4 4 13 1
4 13 265 1
13 265 240 1
265 240 240 1
240 240 13 1
240 13 13 1
13 13 13 1
13 13 240 1
13 240 13 1
240 13 4 1
13 4 13 1
4 13 78 1
13 78 4 1
78 4 13 1
4 13 240 1
13 240 4 1
240 4 13 1
4 13 4 1
13 4 4 1
4 4 240 1
4 240 4 1
240 4 13 1
new
265 4 265 1
4 265 240 1
265 240 4 1
240 4 265 1
4 265 240 1
265 240 240 1
240 240 240 1
240 240 240 1
240 240 265 1
240 265 240 1
265 240 240 1
240 240 4 1
240 4 240 1
4 240 240 1
240 240 265 1
240 265 240 1
265 240 240 1
240 240 240 1
240 240 240 1
240 240 4 1
240 4 240 1
4 240 265 1
240 265 265 1
265 265 240 1
265 240 240 1
240 240 4 1
240 4 4 1
4 4 78 1
4 78 4 1
78 4 240 1
4 240 240 1
240 240 240 1
240 240 240 1
240 240 265 1
240 265 265 1
265 265 4 1
265 4 265 1
4 265 265 1
265 265 265 1
265 265 265 1
265 265 240 1
265 240 240 1
240 240 4 1
240 4 4 1
4 4 240 1
4 240 265 1
240 265 4 1
265 4 240 1
4 240 4 1
240 4 4 1
4 4 240 1
4 240 265 1
240 265 240 1
265 240 265 1
240 265 240 1
265 240 4 1
240 4 240 1
4 240 240 1
240 240 265 1
240 265 4 1
265 4 240 1
4 240 240 1
240 240 265 1
240 265 240 1
265 240 78 1
240 78 240 1
78 240 4 1
240 4 265 1
4 265 78 1
265 78 240 1
78 240 240 1
240 240 240 1
240 240 265 1
240 265 4 1
265 4 265 1
4 265 78 1
265 78 265 1
78 265 240 1
265 240 240 1
240 240 240 1
240 240 240 1
240 240 240 1
240 240 4 1
240 4 240 1
4 240 265 1
240 265 78 1
265 78 240 1
78 240 265 1
240 265 265 1
265 265 240 1
265 240 4 1
240 4 240 1
4 240 4 1
240 4 240 1
4 240 240 1
240 240 265 1
240 265 4 1
265 4 240 1
4 240 240 1
240 240 240 1
new
