265 265 3 1
265 3 3 1
3 3 3 1
3 3 3 1
3 3 168 1
3 168 265 1
168 265 265 1
265 265 3 1
265 3 168 1
3 168 3 1
168 3 168 1
3 168 265 1
168 265 3 1
265 3 3 1
3 3 3 1
3 3 168 1
3 168 3 1
168 3 265 1
3 265 3 1
265 3 265 1
3 265 265 1
265 265 168 1
265 168 265 1
168 265 168 1
265 168 265 1
168 265 43 1
265 43 265 1
43 265 265 1
265 265 168 1
265 168 168 1
168 168 168 1
168 168 265 1
168 265 168 1
265 168 3 1
168 3 265 1
3 265 168 1
265 168 3 1
168 3 265 1
3 265 43 1
265 43 3 1
43 3 43 1
3 43 168 1
43 168 3 1
168 3 265 1
3 265 195 1
265 195 340 1
195 340 168 1
340 168 3 1
168 3 168 1
3 168 3 1
168 3 265 1
3 265 168 1
265 168 265 1
168 265 265 1
265 265 43 1
265 43 3 1
43 3 265 1
3 265 265 1
265 265 168 1
265 168 3 1
168 3 168 1
3 168 3 1
168 3 3 1
3 3 168 1
3 168 3 1
168 3 168 1
3 168 3 1
168 3 265 1
3 265 168 1
265 168 3 1
168 3 265 1
3 265 265 1
265 265 168 1
265 168 3 1
168 3 3 1
3 3 43 1
3 43 3 1
43 3 265 1
3 265 3 1
265 3 3 1
3 3 168 1
3 168 3 1
168 3 43 1
3 43 265 1
43 265 168 1
265 168 265 1
168 265 3 1
265 3 265 1
3 265 168 1
265 168 168 1
168 168 3 1
168 3 265 1
3 265 168 1
265 168 43 1
168 43 3 1
43 3 168 1
3 168 265 1
168 265 265 1
265 265 43 1
265 43 168 1
43 168 168 1
168 168 3 1
168 3 168 1
3 168 168 1
168 168 168 1
168 168 43 1
168 43 43 1
43 43 3 1
43 3 168 1
3 168 168 1
168 168 168 1
168 168 265 1
168 265 3 1
265 3 168 1
3 168 43 1
168 43 3 1
43 3 265 1
3 265 168 1
265 168 168 1
168 168 3 1
168 3 3 1
3 3 265 1
3 265 265 1
265 265 265 1
265 265 168 1
265 168 3 1
168 3 3 1
3 3 168 1
3 168 3 1
168 3 265 1
3 265 265 1
265 265 3 1
265 3 3 1
3 3 265 1
3 265 3 1
265 3 3 1
3 3 3 1
3 3 168 1
3 168 43 1
168 43 168 1
43 168 265 1
168 265 168 1
265 168 265 1
168 265 3 1
265 3 43 1
3 43 265 1
43 265 168 1
265 168 265 1
168 265 168 1
265 168 168 1
168 168 168 1
168 168 168 1
168 168 168 1
168 168 168 1
168 168 168 1
168 168 168 1
168 168 265 1
168 265 168 1
265 168 265 1
168 265 265 1
265 265 168 1
265 168 43 1
168 43 43 1
43 43 168 1
43 168 43 1
168 43 168 1
43 168 168 1
168 168 43 1
168 43 3 1
43 3 168 1
3 168 265 1
168 265 265 1
265 265 265 1
265 265 265 1
265 265 3 1
265 3 168 1
3 168 168 1
168 168 168 1
168 168 168 1
168 168 43 1
168 43 265 1
43 265 168 1
265 168 168 1
168 168 168 1
168 168 3 1
168 3 3 1
3 3 3 1
3 3 3 1
3 3 3 1
3 3 168 1
3 168 265 1
168 265 265 1
265 265 265 1
265 265 3 1
265 3 3 1
3 3 265 1
3 265 168 1
265 168 265 1
168 265 43 1
265 43 265 1
43 265 43 1
265 43 265 1
43 265 168 1
265 168 3 1
168 3 265 1
3 265 265 1
265 265 265 1
265 265 168 1
265 168 3 1
168 3 168 1
3 168 265 1
168 265 265 1
265 265 265 1
265 265 168 1
265 168 43 1
168 43 168 1
43 168 265 1
168 265 265 1
265 265 3 1
265 3 265 1
3 265 265 1
265 265 168 1
265 168 265 1
168 265 3 1
265 3 265 1
3 265 168 1
265 168 3 1
168 3 265 1
3 265 168 1
265 168 265 1
168 265 43 1
265 43 3 1
43 3 3 1
3 3 3 1
3 3 265 1
3 265 265 1
265 265 3 1
265 3 265 1
3 265 265 1
265 265 265 1
265 265 43 1
265 43 168 1
43 168 168 1
168 168 3 1
168 3 43 1
3 43 3 1
43 3 3 1
3 3 168 1
3 168 265 1
168 265 3 1
265 3 168 1
3 168 168 1
168 168 168 1
168 168 3 1
168 3 168 1
3 168 168 1
168 168 265 1
168 265 265 1
265 265 168 1
265 168 265 1
168 265 168 1
265 168 3 1
168 3 168 1
3 168 3 1
168 3 168 1
3 168 265 1
168 265 168 1
265 168 168 1
168 168 265 1
168 265 3 1
265 3 265 1
3 265 168 1
265 168 3 1
168 3 265 1
3 265 168 1
265 168 265 1
168 265 43 1
265 43 168 1
43 168 168 1
168 168 43 1
168 43 3 1
43 3 43 1
3 43 168 1
43 168 43 1
168 43 265 1
43 265 195 1
265 195 3 1
195 3 168 1
3 168 168 1
168 168 168 1
168 168 168 1
168 168 3 1
168 3 168 1
3 168 3 1
168 3 265 1
3 265 265 1
265 265 168 1
265 168 265 1
168 265 265 1
265 265 265 1
265 265 168 1
265 168 3 1
168 3 195 1
3 195 168 1
195 168 168 1
168 168 265 1
168 265 3 1
265 3 43 1
3 43 43 1
43 43 43 1
43 43 265 1
43 265 3 1
265 3 168 1
3 168 168 1
168 168 265 1
168 265 265 1
265 265 168 1
265 168 265 1
168 265 168 1
265 168 43 1
168 43 265 1
43 265 43 1
265 43 168 1
43 168 168 1
168 168 168 1
168 168 168 1
168 168 168 1
168 168 168 1
168 168 265 1
168 265 43 1
265 43 3 1
43 3 265 1
3 265 43 1
265 43 168 1
43 168 265 1
168 265 3 1
265 3 168 1
3 168 265 1
168 265 168 1
265 168 265 1
168 265 3 1
265 3 43 1
3 43 168 1
43 168 43 1
168 43 43 1
43 43 43 1
43 43 265 1
43 265 3 1
265 3 3 1
3 3 195 1
3 195 340 1
195 340 265 1
340 265 3 1
265 3 168 1
3 168 265 1
168 265 168 1
265 168 43 1
168 43 265 1
43 265 3 1
265 3 265 1
3 265 43 1
265 43 3 1
43 3 168 1
3 168 168 1
168 168 168 1
168 168 168 1
168 168 168 1
168 168 168 1
168 168 3 1
168 3 168 1
3 168 265 1
168 265 265 1
265 265 3 1
265 3 265 1
3 265 168 1
265 168 265 1
168 265 265 1
265 265 168 1
265 168 3 1
168 3 265 1
3 265 43 1
265 43 3 1
43 3 168 1
3 168 265 1
168 265 168 1
265 168 265 1
168 265 265 1
265 265 43 1
265 43 3 1
43 3 265 1
3 265 168 1
265 168 168 1
168 168 43 1
168 43 168 1
43 168 3 1
168 3 168 1
3 168 168 1
168 168 43 1
168 43 168 1
43 168 168 1
168 168 3 1
168 3 265 1
3 265 3 1
265 3 3 1
3 3 168 1
3 168 168 1
168 168 168 1
168 168 168 1
168 168 265 1
168 265 3 1
265 3 265 1
3 265 168 1
265 168 3 1
168 3 265 1
3 265 265 1
265 265 265 1
265 265 168 1
265 168 265 1
168 265 265 1
265 265 168 1
265 168 168 1
168 168 168 1
168 168 3 1
168 3 265 1
3 265 265 1
265 265 3 1
265 3 168 1
3 168 265 1
168 265 265 1
265 265 265 1
265 265 265 1
265 265 168 1
265 168 265 1
168 265 265 1
265 265 265 1
265 265 265 1
265 265 265 1
265 265 265 1
265 265 3 1
265 3 3 1
3 3 43 1
3 43 265 1
43 265 43 1
265 43 265 1
43 265 265 1
265 265 3 1
265 3 265 1
3 265 265 1
265 265 265 1
265 265 3 1
265 3 265 1
3 265 3 1
265 3 168 1
3 168 168 1
168 168 168 1
168 168 168 1
168 168 3 1
168 3 168 1
3 168 168 1
168 168 168 1
168 168 3 1
168 3 265 1
3 265 265 1
265 265 168 1
265 168 168 1
168 168 265 1
168 265 3 1
265 3 3 1
3 3 168 1
3 168 265 1
168 265 168 1
265 168 265 1
168 265 168 1
265 168 340 1
168 340 3 1
340 3 43 1
3 43 168 1
43 168 168 1
168 168 168 1
168 168 3 1
168 3 168 1
3 168 168 1
168 168 3 1
168 3 3 1
3 3 168 1
3 168 43 1
168 43 168 1
43 168 265 1
168 265 265 1
265 265 265 1
265 265 168 1
265 168 265 1
168 265 265 1
265 265 265 1
265 265 265 1
265 265 265 1
265 265 3 1
265 3 3 1
3 3 265 1
3 265 265 1
265 265 265 1
265 265 168 1
265 168 265 1
168 265 3 1
265 3 168 1
3 168 168 1
168 168 43 1
168 43 168 1
43 168 3 1
168 3 265 1
3 265 3 1
265 3 265 1
3 265 168 1
265 168 265 1
168 265 265 1
265 265 168 1
265 168 265 1
168 265 168 1
265 168 43 1
168 43 168 1
43 168 265 1
168 265 168 1
265 168 168 1
168 168 168 1
168 168 168 1
168 168 168 1
168 168 168 1
168 168 3 1
168 3 265 1
3 265 265 1
265 265 265 1
265 265 168 1
265 168 168 1
168 168 168 1
168 168 265 1
168 265 168 1
265 168 265 1
168 265 168 1
265 168 168 1
168 168 168 1
168 168 3 1
168 3 168 1
3 168 43 1
168 43 3 1
43 3 43 1
3 43 265 1
43 265 265 1
265 265 43 1
265 43 3 1
43 3 3 1
3 3 265 1
3 265 3 1
265 3 3 1
3 3 43 1
3 43 265 1
43 265 265 1
265 265 3 1
265 3 168 1
3 168 168 1
168 168 3 1
168 3 265 1
3 265 3 1
265 3 3 1
3 3 3 1
3 3 265 1
3 265 3 1
265 3 168 1
3 168 168 1
168 168 168 1
168 168 168 1
168 168 168 1
168 168 340 1
168 340 168 1
340 168 43 1
168 43 168 1
43 168 265 1
168 265 265 1
265 265 43 1
265 43 168 1
43 168 3 1
168 3 43 1
3 43 265 1
43 265 168 1
265 168 265 1
168 265 168 1
265 168 3 1
168 3 3 1
new
168 168 265 1
168 265 3 1
265 3 168 1
3 168 3 1
168 3 265 1
3 265 168 1
265 168 168 1
168 168 168 1
168 168 168 1
168 168 168 1
168 168 265 1
168 265 168 1
265 168 265 1
168 265 168 1
265 168 168 1
168 168 265 1
168 265 3 1
265 3 146 1
3 146 265 1
146 265 265 1
265 265 146 1
265 146 3 1
146 3 3 1
3 3 168 1
3 168 3 1
168 3 265 1
3 265 168 1
265 168 265 1
168 265 168 1
265 168 265 1
168 265 265 1
265 265 265 1
265 265 265 1
265 265 168 1
265 168 265 1
168 265 168 1
265 168 168 1
168 168 265 1
168 265 265 1
265 265 265 1
265 265 168 1
265 168 168 1
168 168 168 1
168 168 3 1
168 3 168 1
3 168 168 1
168 168 168 1
168 168 146 1
168 146 168 1
146 168 168 1
168 168 265 1
168 265 168 1
265 168 146 1
168 146 168 1
146 168 3 1
168 3 168 1
3 168 168 1
168 168 168 1
168 168 146 1
168 146 4 1
146 4 168 1
4 168 168 1
168 168 265 1
168 265 3 1
265 3 4 1
3 4 168 1
4 168 265 1
168 265 168 1
265 168 168 1
168 168 3 1
168 3 265 1
3 265 3 1
265 3 168 1
3 168 168 1
168 168 265 1
168 265 3 1
265 3 168 1
3 168 168 1
168 168 168 1
168 168 168 1
168 168 3 1
168 3 3 1
3 3 265 1
3 265 168 1
265 168 4 1
168 4 265 1
4 265 265 1
265 265 168 1
265 168 168 1
168 168 265 1
168 265 3 1
265 3 168 1
3 168 168 1
168 168 168 1
168 168 265 1
168 265 168 1
265 168 3 1
168 3 168 1
3 168 168 1
168 168 168 1
168 168 265 1
168 265 78 1
265 78 265 1
78 265 146 1
265 146 162 1
146 162 168 1
162 168 265 1
168 265 168 1
265 168 4 1
168 4 146 1
4 146 168 1
146 168 168 1
168 168 265 1
168 265 168 1
265 168 265 1
168 265 168 1
265 168 3 1
168 3 265 1
3 265 3 1
265 3 78 1
3 78 3 1
78 3 168 1
3 168 168 1
168 168 168 1
168 168 3 1
168 3 265 1
3 265 168 1
265 168 168 1
168 168 168 1
168 168 168 1
168 168 265 1
168 265 168 1
265 168 265 1
168 265 168 1
265 168 3 1
168 3 265 1
3 265 265 1
265 265 168 1
265 168 168 1
168 168 168 1
168 168 4 1
168 4 146 1
4 146 3 1
146 3 146 1
3 146 3 1
146 3 168 1
3 168 265 1
168 265 146 1
265 146 168 1
146 168 3 1
168 3 3 1
3 3 265 1
3 265 168 1
265 168 3 1
168 3 265 1
3 265 3 1
265 3 168 1
3 168 3 1
168 3 168 1
3 168 265 1
168 265 3 1
265 3 146 1
3 146 265 1
146 265 146 1
265 146 3 1
146 3 265 1
3 265 265 1
265 265 168 1
265 168 265 1
168 265 146 1
265 146 265 1
146 265 3 1
265 3 78 1
3 78 265 1
78 265 4 1
265 4 168 1
4 168 168 1
168 168 168 1
168 168 78 1
168 78 265 1
78 265 265 1
265 265 168 1
265 168 4 1
168 4 168 1
4 168 168 1
168 168 168 1
168 168 162 1
168 162 78 1
162 78 168 1
78 168 168 1
168 168 3 1
168 3 265 1
3 265 168 1
265 168 3 1
168 3 265 1
3 265 168 1
265 168 4 1
168 4 168 1
4 168 3 1
168 3 265 1
3 265 168 1
265 168 168 1
168 168 168 1
168 168 168 1
168 168 168 1
168 168 162 1
168 162 78 1
162 78 265 1
78 265 4 1
265 4 168 1
4 168 3 1
168 3 3 1
3 3 168 1
3 168 265 1
168 265 3 1
265 3 78 1
3 78 265 1
78 265 3 1
265 3 168 1
3 168 265 1
168 265 168 1
265 168 168 1
168 168 265 1
168 265 265 1
265 265 162 1
265 162 78 1
162 78 265 1
78 265 4 1
265 4 146 1
4 146 146 1
146 146 265 1
146 265 168 1
265 168 3 1
168 3 265 1
3 265 168 1
265 168 3 1
168 3 4 1
3 4 168 1
4 168 3 1
168 3 168 1
3 168 168 1
168 168 168 1
168 168 3 1
168 3 3 1
3 3 3 1
3 3 265 1
3 265 3 1
265 3 168 1
3 168 168 1
168 168 168 1
168 168 168 1
168 168 3 1
168 3 168 1
3 168 168 1
168 168 168 1
168 168 3 1
168 3 168 1
3 168 168 1
168 168 168 1
168 168 265 1
168 265 168 1
265 168 168 1
168 168 265 1
168 265 168 1
265 168 146 1
168 146 168 1
146 168 168 1
168 168 168 1
168 168 168 1
168 168 168 1
168 168 265 1
168 265 168 1
265 168 168 1
168 168 146 1
168 146 168 1
146 168 168 1
168 168 3 1
168 3 168 1
3 168 168 1
168 168 3 1
168 3 146 1
3 146 265 1
146 265 168 1
265 168 3 1
168 3 168 1
3 168 168 1
168 168 168 1
168 168 168 1
168 168 265 1
168 265 168 1
265 168 265 1
168 265 168 1
265 168 168 1
168 168 168 1
168 168 265 1
168 265 265 1
265 265 168 1
265 168 265 1
168 265 168 1
265 168 168 1
168 168 168 1
168 168 168 1
168 168 265 1
168 265 168 1
265 168 3 1
168 3 146 1
3 146 265 1
146 265 168 1
265 168 168 1
168 168 168 1
168 168 265 1
168 265 168 1
265 168 3 1
168 3 168 1
3 168 168 1
168 168 265 1
168 265 168 1
265 168 168 1
168 168 146 1
168 146 168 1
146 168 168 1
168 168 265 1
168 265 146 1
265 146 265 1
146 265 168 1
265 168 146 1
168 146 168 1
146 168 265 1
168 265 168 1
265 168 168 1
168 168 265 1
168 265 168 1
265 168 146 1
168 146 168 1
146 168 168 1
168 168 168 1
168 168 265 1
168 265 168 1
265 168 168 1
168 168 265 1
168 265 168 1
265 168 146 1
168 146 168 1
146 168 168 1
168 168 146 1
168 146 168 1
146 168 265 1
168 265 168 1
265 168 168 1
168 168 168 1
168 168 168 1
168 168 3 1
168 3 168 1
3 168 168 1
168 168 168 1
168 168 168 1
168 168 265 1
168 265 168 1
265 168 168 1
168 168 3 1
168 3 168 1
3 168 3 1
168 3 265 1
3 265 168 1
265 168 3 1
168 3 3 1
3 3 168 1
3 168 168 1
168 168 168 1
168 168 3 1
168 3 168 1
3 168 146 1
168 146 3 1
146 3 168 1
3 168 265 1
168 265 3 1
265 3 265 1
3 265 146 1
265 146 168 1
146 168 168 1
168 168 3 1
168 3 3 1
3 3 265 1
3 265 168 1
265 168 168 1
168 168 3 1
168 3 3 1
3 3 168 1
3 168 265 1
168 265 168 1
265 168 146 1
168 146 168 1
146 168 168 1
168 168 146 1
168 146 168 1
146 168 265 1
168 265 265 1
265 265 265 1
265 265 3 1
265 3 146 1
3 146 265 1
146 265 168 1
265 168 168 1
168 168 168 1
168 168 265 1
168 265 146 1
265 146 265 1
146 265 168 1
265 168 168 1
168 168 3 1
168 3 168 1
3 168 168 1
168 168 265 1
168 265 168 1
265 168 3 1
168 3 168 1
3 168 146 1
168 146 168 1
146 168 168 1
168 168 168 1
168 168 3 1
168 3 146 1
3 146 168 1
146 168 265 1
168 265 146 1
265 146 168 1
146 168 168 1
168 168 168 1
168 168 168 1
168 168 168 1
168 168 168 1
168 168 168 1
168 168 168 1
168 168 265 1
168 265 168 1
265 168 168 1
168 168 3 1
168 3 3 1
3 3 168 1
3 168 168 1
168 168 168 1
168 168 265 1
168 265 168 1
265 168 3 1
168 3 265 1
3 265 146 1
265 146 265 1
146 265 168 1
265 168 3 1
168 3 265 1
3 265 146 1
265 146 168 1
146 168 265 1
168 265 168 1
265 168 265 1
168 265 168 1
265 168 168 1
168 168 265 1
168 265 168 1
265 168 146 1
168 146 3 1
146 3 168 1
3 168 3 1
168 3 168 1
3 168 146 1
168 146 265 1
146 265 168 1
265 168 265 1
168 265 3 1
265 3 168 1
3 168 265 1
168 265 265 1
265 265 168 1
265 168 265 1
168 265 265 1
265 265 3 1
265 3 168 1
3 168 168 1
168 168 265 1
168 265 265 1
265 265 168 1
265 168 168 1
168 168 3 1
168 3 168 1
3 168 265 1
168 265 265 1
265 265 168 1
265 168 265 1
168 265 265 1
265 265 265 1
265 265 265 1
265 265 168 1
265 168 168 1
168 168 168 1
168 168 168 1
168 168 3 1
168 3 3 1
3 3 168 1
3 168 168 1
168 168 265 1
168 265 168 1
265 168 168 1
168 168 265 1
168 265 3 1
265 3 3 1
3 3 265 1
3 265 265 1
265 265 265 1
265 265 3 1
265 3 168 1
3 168 146 1
168 146 168 1
146 168 3 1
168 3 265 1
3 265 168 1
265 168 3 1
168 3 3 1
3 3 265 1
3 265 168 1
265 168 3 1
168 3 265 1
3 265 3 1
265 3 265 1
3 265 168 1
265 168 265 1
168 265 3 1
265 3 168 1
3 168 168 1
168 168 168 1
168 168 168 1
168 168 168 1
168 168 168 1
168 168 3 1
168 3 168 1
3 168 265 1
168 265 3 1
265 3 4 1
3 4 3 1
4 3 168 1
3 168 168 1
168 168 265 1
168 265 168 1
265 168 168 1
168 168 3 1
168 3 265 1
3 265 265 1
265 265 146 1
265 146 168 1
146 168 3 1
new
265 168 168 1
168 168 168 1
168 168 168 1
168 168 265 1
168 265 168 1
265 168 168 1
168 168 265 1
168 265 265 1
265 265 168 1
265 168 265 1
168 265 168 1
265 168 168 1
168 168 265 1
168 265 3 1
265 3 168 1
3 168 265 1
168 265 3 1
265 3 168 1
3 168 168 1
168 168 168 1
168 168 168 1
168 168 3 1
168 3 168 1
3 168 168 1
168 168 265 1
168 265 168 1
265 168 168 1
168 168 265 1
168 265 3 1
265 3 3 1
3 3 168 1
3 168 3 1
168 3 265 1
3 265 168 1
265 168 168 1
168 168 265 1
168 265 168 1
265 168 3 1
168 3 3 1
3 3 168 1
3 168 265 1
168 265 168 1
265 168 3 1
168 3 3 1
3 3 265 1
3 265 265 1
265 265 168 1
265 168 265 1
168 265 168 1
265 168 265 1
168 265 168 1
265 168 265 1
168 265 3 1
265 3 3 1
3 3 265 1
3 265 168 1
265 168 265 1
168 265 3 1
265 3 3 1
3 3 265 1
3 265 168 1
265 168 265 1
168 265 265 1
265 265 168 1
265 168 3 1
168 3 265 1
3 265 168 1
265 168 265 1
168 265 265 1
265 265 168 1
265 168 168 1
168 168 3 1
168 3 168 1
3 168 3 1
168 3 168 1
3 168 168 1
168 168 265 1
168 265 146 1
265 146 3 1
146 3 3 1
3 3 3 1
3 3 265 1
3 265 265 1
265 265 3 1
265 3 168 1
3 168 265 1
168 265 168 1
265 168 265 1
168 265 168 1
265 168 265 1
168 265 168 1
265 168 3 1
168 3 265 1
3 265 168 1
265 168 3 1
168 3 265 1
3 265 168 1
265 168 3 1
168 3 3 1
3 3 265 1
3 265 265 1
265 265 265 1
265 265 265 1
265 265 265 1
265 265 265 1
265 265 3 1
265 3 3 1
3 3 3 1
3 3 3 1
3 3 265 1
3 265 265 1
265 265 3 1
265 3 3 1
3 3 3 1
3 3 3 1
3 3 168 1
3 168 168 1
168 168 168 1
168 168 265 1
168 265 168 1
265 168 3 1
168 3 3 1
3 3 168 1
3 168 168 1
168 168 265 1
168 265 168 1
265 168 265 1
168 265 3 1
265 3 168 1
3 168 168 1
168 168 168 1
168 168 265 1
168 265 265 1
265 265 265 1
265 265 6 1
265 6 78 1
6 78 3 1
78 3 168 1
3 168 265 1
168 265 168 1
265 168 168 1
168 168 3 1
168 3 265 1
3 265 3 1
265 3 265 1
3 265 168 1
265 168 265 1
168 265 265 1
265 265 168 1
265 168 265 1
168 265 168 1
265 168 265 1
168 265 168 1
265 168 265 1
168 265 168 1
265 168 265 1
168 265 265 1
265 265 168 1
265 168 265 1
168 265 3 1
265 3 265 1
3 265 265 1
265 265 168 1
265 168 3 1
168 3 168 1
3 168 265 1
168 265 168 1
265 168 3 1
168 3 3 1
3 3 168 1
3 168 168 1
168 168 3 1
168 3 168 1
3 168 168 1
168 168 265 1
168 265 265 1
265 265 168 1
265 168 3 1
168 3 168 1
3 168 3 1
168 3 3 1
3 3 3 1
3 3 265 1
3 265 265 1
265 265 168 1
265 168 265 1
168 265 265 1
265 265 168 1
265 168 3 1
168 3 168 1
3 168 168 1
168 168 168 1
168 168 168 1
168 168 168 1
168 168 265 1
168 265 265 1
265 265 168 1
265 168 168 1
168 168 265 1
168 265 265 1
265 265 265 1
265 265 265 1
265 265 265 1
265 265 168 1
265 168 265 1
168 265 168 1
265 168 168 1
168 168 265 1
168 265 265 1
265 265 168 1
265 168 168 1
168 168 265 1
168 265 168 1
265 168 3 1
168 3 265 1
3 265 168 1
265 168 168 1
168 168 265 1
168 265 168 1
265 168 168 1
168 168 3 1
168 3 265 1
3 265 168 1
265 168 265 1
168 265 168 1
265 168 265 1
168 265 168 1
265 168 265 1
168 265 265 1
265 265 168 1
265 168 3 1
168 3 168 1
3 168 168 1
168 168 168 1
168 168 3 1
168 3 3 1
3 3 3 1
3 3 3 1
3 3 265 1
3 265 265 1
265 265 265 1
265 265 168 1
265 168 168 1
168 168 265 1
168 265 168 1
265 168 3 1
168 3 168 1
3 168 265 1
168 265 265 1
265 265 168 1
265 168 3 1
168 3 265 1
3 265 168 1
265 168 265 1
168 265 3 1
265 3 3 1
3 3 265 1
3 265 265 1
265 265 265 1
265 265 265 1
265 265 265 1
265 265 168 1
265 168 265 1
168 265 168 1
265 168 168 1
168 168 168 1
168 168 168 1
168 168 265 1
168 265 265 1
265 265 168 1
265 168 168 1
168 168 3 1
168 3 168 1
3 168 168 1
168 168 265 1
168 265 265 1
265 265 168 1
265 168 168 1
168 168 3 1
168 3 168 1
3 168 168 1
168 168 168 1
168 168 168 1
168 168 168 1
168 168 168 1
168 168 168 1
168 168 168 1
168 168 168 1
168 168 265 1
168 265 3 1
265 3 265 1
3 265 3 1
265 3 3 1
3 3 265 1
3 265 265 1
265 265 3 1
265 3 168 1
3 168 265 1
168 265 168 1
265 168 265 1
168 265 265 1
265 265 265 1
265 265 265 1
265 265 3 1
265 3 265 1
3 265 168 1
265 168 265 1
168 265 265 1
265 265 168 1
265 168 3 1
168 3 168 1
3 168 265 1
168 265 265 1
265 265 168 1
265 168 168 1
168 168 265 1
168 265 265 1
265 265 265 1
265 265 3 1
265 3 168 1
3 168 168 1
168 168 168 1
168 168 265 1
168 265 265 1
265 265 265 1
265 265 168 1
265 168 168 1
168 168 168 1
168 168 168 1
168 168 168 1
168 168 168 1
168 168 265 1
168 265 168 1
265 168 265 1
168 265 168 1
265 168 265 1
168 265 168 1
265 168 265 1
168 265 3 1
265 3 3 1
3 3 168 1
3 168 265 1
168 265 265 1
265 265 168 1
265 168 3 1
168 3 265 1
3 265 168 1
265 168 265 1
168 265 265 1
265 265 265 1
265 265 168 1
265 168 3 1
168 3 168 1
3 168 265 1
168 265 168 1
265 168 3 1
168 3 168 1
3 168 265 1
168 265 3 1
265 3 168 1
3 168 265 1
168 265 265 1
265 265 265 1
265 265 168 1
265 168 168 1
168 168 265 1
168 265 3 1
265 3 265 1
3 265 168 1
265 168 3 1
168 3 265 1
3 265 265 1
265 265 3 1
265 3 265 1
3 265 265 1
265 265 265 1
265 265 265 1
265 265 3 1
265 3 3 1
3 3 3 1
3 3 3 1
3 3 168 1
3 168 3 1
168 3 265 1
3 265 265 1
265 265 265 1
265 265 168 1
265 168 168 1
168 168 3 1
168 3 168 1
3 168 265 1
168 265 3 1
265 3 265 1
3 265 168 1
265 168 168 1
168 168 168 1
168 168 265 1
168 265 168 1
265 168 168 1
168 168 265 1
168 265 265 1
265 265 265 1
265 265 265 1
265 265 168 1
265 168 168 1
168 168 168 1
168 168 168 1
168 168 3 1
168 3 168 1
3 168 265 1
168 265 265 1
265 265 168 1
265 168 168 1
168 168 3 1
168 3 3 1
3 3 168 1
3 168 168 1
168 168 168 1
168 168 265 1
168 265 3 1
265 3 168 1
3 168 168 1
168 168 3 1
168 3 265 1
3 265 3 1
265 3 168 1
3 168 168 1
168 168 168 1
168 168 3 1
168 3 168 1
3 168 265 1
168 265 265 1
265 265 168 1
265 168 168 1
168 168 168 1
168 168 168 1
168 168 168 1
168 168 3 1
168 3 265 1
3 265 265 1
265 265 168 1
265 168 3 1
168 3 3 1
3 3 265 1
3 265 3 1
265 3 265 1
3 265 168 1
265 168 265 1
168 265 3 1
265 3 265 1
3 265 265 1
265 265 3 1
265 3 3 1
3 3 265 1
3 265 168 1
265 168 3 1
168 3 168 1
3 168 168 1
168 168 265 1
168 265 265 1
265 265 265 1
265 265 265 1
265 265 265 1
265 265 265 1
265 265 265 1
265 265 265 1
265 265 3 1
265 3 168 1
3 168 3 1
168 3 265 1
3 265 265 1
265 265 265 1
265 265 168 1
265 168 168 1
168 168 265 1
168 265 168 1
265 168 265 1
168 265 168 1
265 168 3 1
168 3 3 1
3 3 168 1
3 168 3 1
168 3 3 1
3 3 168 1
3 168 265 1
168 265 168 1
265 168 168 1
168 168 168 1
168 168 265 1
168 265 168 1
265 168 168 1
168 168 168 1
168 168 265 1
168 265 168 1
265 168 265 1
168 265 265 1
265 265 168 1
265 168 3 1
168 3 265 1
3 265 168 1
265 168 168 1
168 168 3 1
168 3 3 1
3 3 168 1
3 168 168 1
168 168 168 1
168 168 3 1
168 3 168 1
3 168 265 1
168 265 265 1
265 265 168 1
265 168 265 1
168 265 3 1
265 3 168 1
3 168 168 1
168 168 168 1
168 168 265 1
168 265 168 1
265 168 3 1
168 3 168 1
3 168 168 1
168 168 265 1
168 265 265 1
265 265 265 1
265 265 3 1
265 3 168 1
3 168 168 1
168 168 265 1
168 265 168 1
265 168 3 1
168 3 3 1
3 3 168 1
3 168 3 1
168 3 265 1
3 265 3 1
265 3 3 1
3 3 265 1
3 265 168 1
265 168 3 1
168 3 265 1
3 265 168 1
265 168 168 1
168 168 265 1
168 265 168 1
265 168 168 1
168 168 265 1
168 265 265 1
265 265 168 1
265 168 265 1
168 265 168 1
265 168 265 1
168 265 3 1
265 3 265 1
3 265 3 1
265 3 168 1
3 168 168 1
168 168 168 1
168 168 3 1
168 3 168 1
3 168 265 1
168 265 3 1
265 3 168 1
3 168 265 1
168 265 265 1
265 265 3 1
265 3 3 1
3 3 265 1
3 265 265 1
265 265 168 1
265 168 168 1
168 168 3 1
168 3 168 1
3 168 265 1
168 265 265 1
265 265 168 1
265 168 168 1
168 168 265 1
168 265 168 1
265 168 168 1
168 168 265 1
168 265 168 1
265 168 265 1
168 265 168 1
265 168 3 1
168 3 3 1
3 3 265 1
3 265 3 1
265 3 168 1
3 168 265 1
168 265 265 1
265 265 3 1
265 3 168 1
3 168 3 1
168 3 168 1
3 168 3 1
168 3 3 1
3 3 168 1
3 168 3 1
168 3 3 1
3 3 168 1
3 168 265 1
168 265 168 1
265 168 3 1
168 3 168 1
3 168 265 1
168 265 3 1
265 3 3 1
3 3 168 1
3 168 3 1
168 3 265 1
3 265 168 1
265 168 3 1
168 3 168 1
3 168 265 1
168 265 168 1
265 168 168 1
168 168 168 1
168 168 168 1
168 168 265 1
168 265 168 1
265 168 3 1
168 3 168 1
3 168 3 1
168 3 265 1
3 265 3 1
265 3 168 1
3 168 168 1
168 168 265 1
168 265 3 1
265 3 265 1
3 265 168 1
265 168 265 1
168 265 168 1
265 168 265 1
168 265 168 1
265 168 265 1
168 265 168 1
265 168 3 1
168 3 3 1
3 3 168 1
3 168 3 1
168 3 168 1
3 168 265 1
168 265 265 1
265 265 168 1
265 168 265 1
168 265 265 1
265 265 168 1
265 168 3 1
168 3 3 1
3 3 168 1
3 168 168 1
168 168 3 1
168 3 265 1
3 265 168 1
265 168 265 1
168 265 265 1
265 265 168 1
265 168 265 1
168 265 265 1
265 265 168 1
265 168 168 1
168 168 265 1
168 265 265 1
265 265 265 1
265 265 265 1
265 265 168 1
265 168 168 1
168 168 168 1
168 168 168 1
168 168 168 1
168 168 168 1
168 168 265 1
168 265 265 1
265 265 3 1
265 3 168 1
3 168 3 1
168 3 168 1
3 168 3 1
168 3 265 1
3 265 3 1
265 3 3 1
3 3 265 1
3 265 168 1
265 168 3 1
168 3 265 1
3 265 168 1
265 168 265 1
168 265 168 1
265 168 168 1
168 168 265 1
168 265 3 1
265 3 265 1
3 265 265 1
265 265 3 1
265 3 3 1
3 3 168 1
3 168 3 1
168 3 265 1
3 265 265 1
265 265 168 1
265 168 168 1
168 168 265 1
168 265 168 1
265 168 3 1
168 3 168 1
3 168 3 1
168 3 3 1
3 3 265 1
3 265 3 1
265 3 265 1
3 265 168 1
265 168 265 1
168 265 265 1
265 265 168 1
265 168 265 1
168 265 168 1
265 168 265 1
168 265 265 1
265 265 3 1
265 3 168 1
3 168 265 1
168 265 265 1
265 265 265 1
265 265 265 1
265 265 168 1
265 168 265 1
168 265 265 1
265 265 3 1
265 3 168 1
3 168 168 1
168 168 3 1
168 3 265 1
3 265 168 1
265 168 3 1
168 3 265 1
3 265 168 1
265 168 3 1
168 3 265 1
3 265 3 1
265 3 168 1
3 168 3 1
168 3 265 1
3 265 168 1
265 168 3 1
168 3 168 1
3 168 3 1
168 3 168 1
3 168 3 1
168 3 3 1
3 3 168 1
3 168 265 1
168 265 3 1
265 3 168 1
3 168 265 1
168 265 265 1
265 265 265 1
265 265 168 1
265 168 168 1
168 168 265 1
168 265 168 1
265 168 3 1
168 3 168 1
3 168 265 1
168 265 168 1
265 168 265 1
168 265 3 1
265 3 3 1
3 3 265 1
3 265 265 1
265 265 168 1
265 168 168 1
168 168 3 1
168 3 265 1
3 265 3 1
265 3 265 1
3 265 265 1
265 265 168 1
265 168 3 1
168 3 3 1
3 3 168 1
3 168 168 1
168 168 168 1
168 168 3 1
168 3 168 1
3 168 265 1
168 265 3 1
265 3 265 1
3 265 168 1
265 168 265 1
168 265 265 1
265 265 168 1
265 168 168 1
168 168 3 1
168 3 265 1
3 265 265 1
265 265 265 1
265 265 168 1
265 168 3 1
168 3 168 1
3 168 3 1
168 3 168 1
3 168 3 1
168 3 168 1
3 168 168 1
168 168 3 1
168 3 3 1
3 3 168 1
3 168 3 1
168 3 265 1
3 265 265 1
265 265 168 1
265 168 168 1
168 168 265 1
168 265 168 1
265 168 265 1
168 265 265 1
265 265 265 1
265 265 265 1
265 265 3 1
265 3 168 1
3 168 168 1
168 168 265 1
168 265 168 1
265 168 168 1
168 168 3 1
168 3 168 1
3 168 3 1
168 3 265 1
3 265 3 1
265 3 265 1
3 265 168 1
265 168 3 1
168 3 168 1
3 168 265 1
168 265 265 1
265 265 3 1
265 3 3 1
3 3 265 1
3 265 265 1
265 265 168 1
265 168 265 1
168 265 3 1
265 3 3 1
3 3 168 1
3 168 265 1
168 265 168 1
265 168 168 1
168 168 265 1
168 265 265 1
265 265 265 1
265 265 3 1
265 3 265 1
3 265 265 1
265 265 3 1
265 3 168 1
3 168 265 1
168 265 168 1
265 168 265 1
168 265 168 1
265 168 265 1
168 265 168 1
265 168 168 1
168 168 265 1
168 265 168 1
265 168 168 1
168 168 168 1
168 168 168 1
168 168 168 1
168 168 265 1
168 265 265 1
265 265 168 1
265 168 265 1
168 265 168 1
265 168 265 1
168 265 168 1
265 168 168 1
168 168 265 1
168 265 3 1
265 3 168 1
3 168 265 1
168 265 265 1
265 265 3 1
265 3 168 1
3 168 168 1
168 168 265 1
168 265 265 1
265 265 265 1
265 265 265 1
265 265 3 1
265 3 3 1
3 3 3 1
3 3 265 1
3 265 3 1
265 3 168 1
3 168 3 1
168 3 3 1
3 3 265 1
3 265 168 1
265 168 3 1
168 3 168 1
3 168 3 1
168 3 168 1
3 168 265 1
168 265 168 1
265 168 265 1
168 265 168 1
265 168 265 1
168 265 3 1
265 3 265 1
3 265 265 1
265 265 265 1
265 265 168 1
265 168 265 1
168 265 265 1
265 265 265 1
265 265 168 1
265 168 168 1
168 168 3 1
168 3 265 1
3 265 3 1
265 3 168 1
3 168 265 1
168 265 3 1
265 3 265 1
3 265 265 1
265 265 265 1
265 265 265 1
265 265 265 1
265 265 265 1
265 265 265 1
265 265 265 1
265 265 3 1
265 3 168 1
3 168 265 1
168 265 265 1
265 265 265 1
265 265 265 1
265 265 168 1
265 168 3 1
168 3 265 1
3 265 168 1
265 168 265 1
168 265 3 1
265 3 168 1
3 168 265 1
168 265 265 1
265 265 265 1
265 265 168 1
265 168 168 1
168 168 168 1
168 168 168 1
168 168 265 1
168 265 168 1
265 168 168 1
168 168 168 1
168 168 265 1
168 265 265 1
265 265 168 1
265 168 168 1
168 168 3 1
168 3 168 1
3 168 3 1
168 3 265 1
3 265 3 1
265 3 3 1
3 3 265 1
3 265 168 1
265 168 265 1
168 265 168 1
265 168 3 1
168 3 3 1
3 3 168 1
3 168 3 1
168 3 168 1
3 168 265 1
168 265 3 1
265 3 3 1
3 3 3 1
3 3 168 1
3 168 3 1
168 3 168 1
3 168 265 1
168 265 168 1
265 168 168 1
168 168 265 1
168 265 3 1
265 3 265 1
3 265 265 1
265 265 168 1
265 168 265 1
168 265 3 1
265 3 3 1
3 3 168 1
3 168 168 1
168 168 265 1
168 265 168 1
265 168 265 1
168 265 168 1
265 168 265 1
168 265 3 1
265 3 168 1
3 168 168 1
168 168 265 1
168 265 3 1
265 3 265 1
3 265 3 1
265 3 265 1
3 265 168 1
265 168 265 1
168 265 265 1
265 265 265 1
265 265 265 1
265 265 265 1
265 265 168 1
265 168 3 1
168 3 168 1
3 168 265 1
168 265 265 1
265 265 265 1
265 265 168 1
265 168 3 1
168 3 3 1
3 3 3 1
3 3 3 1
3 3 265 1
3 265 3 1
265 3 265 1
3 265 265 1
265 265 168 1
265 168 168 1
168 168 168 1
168 168 265 1
168 265 168 1
265 168 265 1
168 265 168 1
265 168 168 1
168 168 3 1
168 3 168 1
3 168 265 1
168 265 265 1
265 265 265 1
265 265 168 1
265 168 265 1
168 265 168 1
265 168 265 1
168 265 3 1
265 3 3 1
3 3 3 1
3 3 168 1
3 168 3 1
168 3 168 1
3 168 265 1
168 265 265 1
265 265 265 1
265 265 168 1
265 168 168 1
168 168 168 1
168 168 168 1
168 168 3 1
168 3 265 1
3 265 265 1
265 265 265 1
265 265 3 1
265 3 3 1
3 3 265 1
3 265 3 1
265 3 265 1
3 265 3 1
265 3 265 1
3 265 168 1
265 168 265 1
168 265 265 1
265 265 265 1
265 265 265 1
265 265 265 1
265 265 265 1
265 265 168 1
265 168 265 1
168 265 168 1
265 168 265 1
168 265 168 1
265 168 3 1
168 3 265 1
3 265 168 1
265 168 168 1
168 168 168 1
168 168 265 1
168 265 168 1
265 168 265 1
168 265 265 1
265 265 3 1
265 3 168 1
3 168 168 1
168 168 168 1
168 168 265 1
168 265 265 1
265 265 168 1
265 168 265 1
168 265 265 1
265 265 265 1
265 265 3 1
265 3 168 1
3 168 3 1
168 3 168 1
3 168 168 1
168 168 3 1
168 3 168 1
3 168 265 1
168 265 168 1
265 168 168 1
168 168 168 1
168 168 265 1
168 265 265 1
265 265 265 1
265 265 265 1
265 265 265 1
265 265 3 1
265 3 265 1
3 265 3 1
265 3 265 1
3 265 265 1
265 265 168 1
265 168 168 1
168 168 168 1
168 168 168 1
168 168 168 1
168 168 168 1
168 168 265 1
168 265 3 1
265 3 3 1
3 3 265 1
3 265 265 1
265 265 3 1
265 3 265 1
3 265 3 1
265 3 168 1
3 168 265 1
168 265 168 1
265 168 3 1
168 3 168 1
3 168 3 1
168 3 265 1
3 265 3 1
265 3 168 1
3 168 265 1
168 265 3 1
265 3 168 1
3 168 265 1
168 265 3 1
265 3 265 1
3 265 265 1
265 265 168 1
265 168 3 1
168 3 3 1
3 3 168 1
3 168 3 1
168 3 168 1
3 168 3 1
168 3 3 1
3 3 168 1
3 168 168 1
168 168 168 1
168 168 168 1
168 168 265 1
168 265 265 1
265 265 265 1
265 265 265 1
265 265 3 1
265 3 265 1
3 265 3 1
265 3 3 1
3 3 168 1
3 168 265 1
168 265 168 1
265 168 265 1
168 265 168 1
265 168 265 1
168 265 168 1
265 168 265 1
168 265 3 1
265 3 168 1
3 168 265 1
168 265 168 1
265 168 168 1
168 168 146 1
168 146 168 1
146 168 265 1
168 265 265 1
265 265 265 1
265 265 168 1
265 168 265 1
168 265 265 1
265 265 265 1
265 265 265 1
265 265 265 1
265 265 265 1
265 265 265 1
265 265 265 1
265 265 265 1
265 265 3 1
265 3 168 1
3 168 265 1
168 265 265 1
265 265 265 1
265 265 168 1
265 168 3 1
168 3 3 1
3 3 168 1
3 168 265 1
168 265 3 1
265 3 265 1
3 265 146 1
265 146 168 1
146 168 168 1
168 168 265 1
168 265 3 1
new
142 142 265 1
142 265 146 1
265 146 3 1
146 3 265 1
3 265 3 1
265 3 142 1
3 142 142 1
142 142 146 1
142 146 142 1
146 142 265 1
142 265 142 1
265 142 104 1
142 104 3 1
104 3 3 1
3 3 91 1
3 91 142 1
91 142 142 1
142 142 104 1
142 104 146 1
104 146 3 1
146 3 3 1
3 3 142 1
3 142 265 1
142 265 265 1
265 265 142 1
265 142 104 1
142 104 265 1
104 265 142 1
265 142 265 1
142 265 142 1
265 142 3 1
142 3 142 1
3 142 265 1
142 265 265 1
265 265 265 1
265 265 142 1
265 142 142 1
142 142 265 1
142 265 142 1
265 142 3 1
142 3 142 1
3 142 3 1
142 3 265 1
3 265 265 1
265 265 142 1
265 142 104 1
142 104 142 1
104 142 142 1
142 142 104 1
142 104 142 1
104 142 3 1
142 3 142 1
3 142 3 1
142 3 3 1
3 3 265 1
3 265 104 1
265 104 142 1
104 142 3 1
142 3 265 1
3 265 265 1
265 265 3 1
265 3 3 1
3 3 265 1
3 265 3 1
265 3 104 1
3 104 142 1
104 142 3 1
142 3 104 1
3 104 3 1
104 3 3 1
3 3 3 1
3 3 142 1
3 142 3 1
142 3 104 1
3 104 104 1
104 104 3 1
104 3 142 1
3 142 265 1
142 265 3 1
265 3 104 1
3 104 104 1
104 104 104 1
104 104 265 1
104 265 265 1
265 265 142 1
265 142 265 1
142 265 146 1
265 146 265 1
146 265 142 1
265 142 265 1
142 265 142 1
265 142 119 1
142 119 142 1
119 142 146 1
142 146 142 1
146 142 104 1
142 104 142 1
104 142 265 1
142 265 3 1
265 3 104 1
3 104 3 1
104 3 3 1
3 3 142 1
3 142 142 1
142 142 3 1
142 3 104 1
3 104 142 1
104 142 3 1
142 3 265 1
3 265 3 1
265 3 142 1
3 142 265 1
142 265 142 1
265 142 3 1
142 3 3 1
3 3 142 1
3 142 142 1
142 142 142 1
142 142 3 1
142 3 3 1
3 3 146 1
3 146 104 1
146 104 265 1
104 265 265 1
265 265 142 1
265 142 3 1
142 3 104 1
3 104 3 1
104 3 3 1
3 3 3 1
3 3 142 1
3 142 265 1
142 265 142 1
265 142 3 1
142 3 104 1
3 104 3 1
104 3 3 1
3 3 142 1
3 142 3 1
142 3 142 1
3 142 142 1
142 142 142 1
142 142 3 1
142 3 142 1
3 142 3 1
142 3 3 1
3 3 142 1
3 142 265 1
142 265 142 1
265 142 3 1
142 3 146 1
3 146 142 1
146 142 142 1
142 142 142 1
142 142 265 1
142 265 3 1
265 3 3 1
3 3 3 1
3 3 104 1
3 104 265 1
104 265 142 1
265 142 3 1
142 3 142 1
3 142 142 1
142 142 142 1
142 142 104 1
142 104 265 1
104 265 142 1
265 142 104 1
142 104 146 1
104 146 142 1
146 142 265 1
142 265 3 1
265 3 142 1
3 142 104 1
142 104 142 1
104 142 265 1
142 265 142 1
265 142 265 1
142 265 265 1
265 265 142 1
265 142 265 1
142 265 142 1
265 142 104 1
142 104 146 1
104 146 3 1
146 3 142 1
3 142 3 1
142 3 3 1
3 3 142 1
3 142 3 1
142 3 104 1
3 104 142 1
104 142 3 1
142 3 265 1
3 265 142 1
265 142 142 1
142 142 142 1
142 142 142 1
142 142 3 1
142 3 3 1
3 3 265 1
3 265 142 1
265 142 265 1
142 265 265 1
265 265 265 1
265 265 3 1
265 3 3 1
3 3 3 1
3 3 142 1
3 142 3 1
142 3 3 1
3 3 142 1
3 142 3 1
142 3 142 1
3 142 3 1
142 3 142 1
3 142 3 1
142 3 142 1
3 142 3 1
142 3 3 1
3 3 104 1
3 104 142 1
104 142 104 1
142 104 3 1
104 3 3 1
3 3 3 1
3 3 142 1
3 142 146 1
142 146 142 1
146 142 3 1
142 3 265 1
3 265 3 1
265 3 104 1
3 104 3 1
104 3 142 1
3 142 104 1
142 104 142 1
104 142 3 1
142 3 265 1
3 265 142 1
265 142 3 1
142 3 142 1
3 142 142 1
142 142 3 1
142 3 142 1
3 142 142 1
142 142 142 1
142 142 3 1
142 3 142 1
3 142 3 1
142 3 3 1
3 3 3 1
3 3 265 1
3 265 104 1
265 104 3 1
104 3 142 1
3 142 104 1
142 104 3 1
104 3 3 1
3 3 142 1
3 142 104 1
142 104 265 1
104 265 142 1
265 142 104 1
142 104 3 1
104 3 265 1
3 265 142 1
265 142 3 1
142 3 142 1
3 142 3 1
142 3 146 1
3 146 104 1
146 104 3 1
104 3 104 1
3 104 142 1
104 142 265 1
142 265 3 1
265 3 142 1
3 142 3 1
142 3 104 1
3 104 142 1
104 142 3 1
142 3 3 1
3 3 142 1
3 142 3 1
142 3 3 1
3 3 142 1
3 142 3 1
142 3 3 1
3 3 265 1
3 265 104 1
265 104 3 1
104 3 265 1
3 265 142 1
265 142 3 1
142 3 265 1
3 265 265 1
265 265 142 1
265 142 265 1
142 265 265 1
265 265 265 1
265 265 142 1
265 142 3 1
142 3 142 1
3 142 265 1
142 265 3 1
265 3 3 1
3 3 3 1
3 3 265 1
3 265 265 1
265 265 142 1
265 142 104 1
142 104 142 1
104 142 3 1
142 3 142 1
3 142 3 1
142 3 142 1
3 142 265 1
142 265 3 1
265 3 142 1
3 142 3 1
142 3 142 1
3 142 265 1
142 265 142 1
265 142 142 1
142 142 265 1
142 265 104 1
265 104 3 1
104 3 142 1
3 142 3 1
142 3 265 1
3 265 3 1
265 3 265 1
3 265 265 1
265 265 142 1
265 142 265 1
142 265 142 1
265 142 142 1
142 142 3 1
142 3 142 1
3 142 142 1
142 142 104 1
142 104 104 1
104 104 142 1
104 142 3 1
142 3 142 1
3 142 265 1
142 265 3 1
265 3 265 1
3 265 3 1
265 3 3 1
3 3 3 1
3 3 104 1
3 104 146 1
104 146 104 1
146 104 3 1
104 3 142 1
3 142 265 1
142 265 142 1
265 142 3 1
142 3 3 1
3 3 3 1
3 3 3 1
3 3 265 1
3 265 104 1
265 104 3 1
104 3 3 1
3 3 265 1
3 265 3 1
265 3 142 1
3 142 3 1
142 3 146 1
3 146 3 1
146 3 3 1
3 3 142 1
3 142 146 1
142 146 3 1
146 3 3 1
3 3 265 1
3 265 142 1
265 142 265 1
142 265 3 1
265 3 104 1
3 104 3 1
104 3 3 1
3 3 3 1
3 3 3 1
3 3 265 1
3 265 3 1
265 3 142 1
3 142 3 1
142 3 104 1
3 104 104 1
104 104 3 1
104 3 3 1
3 3 3 1
3 3 146 1
3 146 3 1
146 3 104 1
3 104 3 1
104 3 142 1
3 142 3 1
142 3 3 1
3 3 3 1
3 3 3 1
3 3 142 1
3 142 142 1
142 142 104 1
142 104 3 1
104 3 265 1
3 265 3 1
265 3 3 1
3 3 104 1
3 104 142 1
104 142 265 1
142 265 3 1
265 3 146 1
3 146 265 1
146 265 3 1
265 3 3 1
3 3 142 1
3 142 3 1
142 3 265 1
3 265 142 1
265 142 3 1
142 3 146 1
3 146 142 1
146 142 3 1
142 3 142 1
3 142 3 1
142 3 3 1
3 3 142 1
3 142 3 1
142 3 265 1
3 265 3 1
265 3 142 1
3 142 142 1
142 142 3 1
142 3 142 1
3 142 142 1
142 142 142 1
142 142 104 1
142 104 104 1
104 104 3 1
104 3 3 1
3 3 104 1
3 104 3 1
104 3 142 1
3 142 104 1
142 104 104 1
104 104 3 1
104 3 265 1
3 265 104 1
265 104 142 1
104 142 265 1
142 265 146 1
265 146 3 1
146 3 104 1
3 104 146 1
104 146 146 1
146 146 265 1
146 265 3 1
265 3 142 1
3 142 265 1
142 265 104 1
265 104 3 1
104 3 265 1
3 265 3 1
265 3 146 1
3 146 142 1
146 142 265 1
142 265 146 1
265 146 142 1
146 142 104 1
142 104 142 1
104 142 142 1
142 142 142 1
142 142 3 1
142 3 265 1
3 265 104 1
265 104 142 1
104 142 3 1
142 3 104 1
3 104 146 1
104 146 142 1
146 142 104 1
142 104 142 1
104 142 104 1
142 104 265 1
104 265 3 1
265 3 3 1
3 3 3 1
3 3 3 1
3 3 3 1
3 3 265 1
3 265 3 1
265 3 3 1
3 3 3 1
3 3 142 1
3 142 3 1
142 3 142 1
3 142 3 1
142 3 3 1
3 3 265 1
3 265 3 1
265 3 3 1
3 3 104 1
3 104 3 1
104 3 3 1
3 3 104 1
3 104 104 1
104 104 3 1
104 3 104 1
3 104 3 1
104 3 104 1
3 104 265 1
104 265 265 1
265 265 142 1
265 142 3 1
142 3 3 1
3 3 3 1
3 3 265 1
3 265 3 1
265 3 3 1
3 3 3 1
3 3 104 1
3 104 146 1
104 146 3 1
146 3 265 1
3 265 142 1
265 142 3 1
142 3 3 1
3 3 3 1
3 3 142 1
3 142 265 1
142 265 104 1
265 104 3 1
104 3 104 1
3 104 265 1
104 265 3 1
265 3 142 1
3 142 146 1
142 146 104 1
146 104 3 1
104 3 3 1
3 3 104 1
3 104 142 1
104 142 3 1
142 3 265 1
3 265 265 1
265 265 3 1
265 3 104 1
3 104 3 1
104 3 142 1
3 142 142 1
142 142 265 1
142 265 3 1
265 3 142 1
3 142 104 1
142 104 3 1
104 3 265 1
3 265 3 1
265 3 142 1
3 142 3 1
142 3 3 1
3 3 142 1
3 142 265 1
142 265 265 1
265 265 142 1
265 142 142 1
142 142 3 1
142 3 142 1
3 142 104 1
142 104 142 1
104 142 3 1
142 3 3 1
3 3 3 1
3 3 265 1
3 265 146 1
265 146 265 1
146 265 142 1
265 142 3 1
142 3 142 1
3 142 3 1
142 3 142 1
3 142 3 1
142 3 104 1
3 104 3 1
104 3 3 1
3 3 265 1
3 265 3 1
265 3 142 1
3 142 3 1
142 3 104 1
3 104 142 1
104 142 142 1
142 142 3 1
142 3 104 1
3 104 142 1
104 142 104 1
142 104 142 1
104 142 3 1
142 3 265 1
3 265 265 1
265 265 142 1
265 142 104 1
142 104 3 1
104 3 3 1
3 3 142 1
3 142 146 1
142 146 265 1
146 265 3 1
265 3 142 1
3 142 3 1
142 3 265 1
3 265 142 1
265 142 265 1
142 265 142 1
265 142 142 1
142 142 265 1
142 265 142 1
265 142 3 1
142 3 142 1
3 142 3 1
142 3 104 1
3 104 265 1
104 265 142 1
265 142 3 1
142 3 265 1
3 265 142 1
265 142 142 1
142 142 3 1
142 3 3 1
3 3 142 1
3 142 142 1
142 142 3 1
142 3 142 1
3 142 3 1
142 3 104 1
3 104 3 1
104 3 265 1
3 265 142 1
265 142 3 1
142 3 3 1
3 3 3 1
3 3 142 1
3 142 265 1
142 265 104 1
265 104 142 1
104 142 142 1
142 142 104 1
142 104 3 1
104 3 104 1
3 104 146 1
104 146 265 1
146 265 3 1
265 3 142 1
3 142 265 1
142 265 3 1
265 3 142 1
3 142 3 1
142 3 265 1
3 265 142 1
265 142 265 1
142 265 265 1
265 265 3 1
265 3 3 1
3 3 104 1
3 104 142 1
104 142 3 1
142 3 142 1
3 142 142 1
142 142 3 1
142 3 3 1
3 3 142 1
3 142 175 1
142 175 265 1
175 265 142 1
265 142 142 1
142 142 265 1
142 265 146 1
265 146 142 1
146 142 265 1
142 265 146 1
265 146 3 1
146 3 142 1
3 142 54 1
142 54 265 1
54 265 265 1
265 265 142 1
265 142 142 1
142 142 146 1
142 146 3 1
146 3 104 1
3 104 142 1
104 142 146 1
142 146 142 1
146 142 142 1
142 142 142 1
142 142 142 1
142 142 146 1
142 146 265 1
146 265 142 1
265 142 146 1
142 146 3 1
146 3 104 1
3 104 265 1
104 265 265 1
265 265 142 1
265 142 3 1
142 3 265 1
3 265 3 1
265 3 265 1
3 265 146 1
265 146 146 1
146 146 3 1
146 3 146 1
3 146 104 1
146 104 3 1
104 3 142 1
3 142 142 1
new
265 265 3 1
265 3 142 1
3 142 3 1
142 3 265 1
3 265 104 1
265 104 104 1
104 104 3 1
104 3 175 1
3 175 104 1
175 104 265 1
104 265 142 1
265 142 146 1
142 146 3 1
146 3 3 1
3 3 146 1
3 146 175 1
146 175 3 1
175 3 3 1
3 3 175 1
3 175 142 1
175 142 142 1
142 142 175 1
142 175 175 1
175 175 265 1
175 265 142 1
265 142 265 1
142 265 265 1
265 265 265 1
265 265 119 1
265 119 175 1
119 175 142 1
175 142 265 1
142 265 142 1
265 142 265 1
142 265 104 1
265 104 142 1
104 142 265 1
142 265 142 1
265 142 142 1
142 142 175 1
142 175 265 1
175 265 146 1
265 146 142 1
146 142 142 1
142 142 175 1
142 175 142 1
175 142 142 1
142 142 142 1
142 142 142 1
142 142 119 1
142 119 146 1
119 146 3 1
146 3 3 1
3 3 175 1
3 175 142 1
175 142 142 1
142 142 142 1
142 142 3 1
142 3 265 1
3 265 142 1
265 142 119 1
142 119 265 1
119 265 265 1
265 265 142 1
265 142 142 1
142 142 142 1
142 142 3 1
142 3 265 1
3 265 142 1
265 142 119 1
142 119 265 1
119 265 146 1
265 146 265 1
146 265 142 1
265 142 3 1
142 3 142 1
3 142 142 1
142 142 265 1
142 265 142 1
265 142 119 1
142 119 104 1
119 104 175 1
104 175 175 1
175 175 3 1
175 3 142 1
3 142 3 1
142 3 142 1
3 142 142 1
142 142 142 1
142 142 146 1
142 146 175 1
146 175 175 1
175 175 265 1
175 265 142 1
265 142 175 1
142 175 175 1
175 175 3 1
175 3 3 1
3 3 146 1
3 146 142 1
146 142 175 1
142 175 142 1
175 142 142 1
142 142 104 1
142 104 3 1
104 3 175 1
3 175 175 1
175 175 142 1
175 142 175 1
142 175 142 1
175 142 265 1
142 265 104 1
265 104 175 1
104 175 142 1
175 142 3 1
142 3 265 1
3 265 146 1
265 146 175 1
146 175 175 1
175 175 142 1
175 142 265 1
142 265 142 1
265 142 142 1
142 142 142 1
142 142 265 1
142 265 3 1
265 3 119 1
3 119 175 1
119 175 142 1
175 142 119 1
142 119 142 1
119 142 142 1
142 142 146 1
142 146 3 1
146 3 146 1
3 146 146 1
146 146 104 1
146 104 265 1
104 265 142 1
265 142 146 1
142 146 146 1
146 146 146 1
146 146 3 1
146 3 146 1
3 146 3 1
146 3 142 1
3 142 146 1
142 146 104 1
146 104 142 1
104 142 3 1
142 3 265 1
3 265 175 1
265 175 142 1
175 142 119 1
142 119 146 1
119 146 265 1
146 265 3 1
265 3 175 1
3 175 146 1
175 146 104 1
146 104 142 1
104 142 142 1
142 142 3 1
142 3 142 1
3 142 142 1
142 142 265 1
142 265 142 1
265 142 265 1
142 265 104 1
265 104 3 1
104 3 265 1
3 265 142 1
265 142 119 1
142 119 265 1
119 265 142 1
265 142 142 1
142 142 104 1
142 104 142 1
104 142 265 1
142 265 146 1
265 146 142 1
146 142 265 1
142 265 146 1
265 146 3 1
146 3 265 1
3 265 265 1
265 265 3 1
265 3 146 1
3 146 146 1
146 146 175 1
146 175 142 1
175 142 265 1
142 265 3 1
265 3 3 1
3 3 3 1
3 3 3 1
3 3 142 1
3 142 119 1
142 119 3 1
119 3 142 1
3 142 175 1
142 175 104 1
175 104 142 1
104 142 175 1
142 175 3 1
175 3 142 1
3 142 142 1
142 142 146 1
142 146 146 1
146 146 142 1
146 142 3 1
142 3 175 1
3 175 265 1
175 265 265 1
265 265 175 1
265 175 265 1
175 265 119 1
265 119 146 1
119 146 142 1
146 142 146 1
142 146 142 1
146 142 175 1
142 175 265 1
175 265 175 1
265 175 142 1
new
