7 142 7 1
142 7 142 1
7 142 7 1
142 7 7 1
7 7 7 1
7 7 142 1
7 142 142 1
142 142 142 1
142 142 142 1
142 142 142 1
142 142 142 1
142 142 142 1
142 142 142 1
142 142 142 1
142 142 7 1
142 7 7 1
7 7 142 1
7 142 7 1
142 7 142 1
7 142 7 1
142 7 142 1
7 142 142 1
142 142 142 1
142 142 7 1
142 7 142 1
7 142 142 1
142 142 142 1
142 142 142 1
142 142 142 1
142 142 142 1
142 142 142 1
142 142 142 1
142 142 142 1
142 142 142 1
142 142 142 1
142 142 7 1
142 7 142 1
7 142 7 1
142 7 7 1
7 7 142 1
7 142 7 1
142 7 7 1
7 7 142 1
7 142 7 1
142 7 142 1
7 142 142 1
142 142 142 1
142 142 142 1
142 142 142 1
142 142 7 1
142 7 142 1
7 142 142 1
142 142 142 1
142 142 142 1
142 142 142 1
142 142 142 1
142 142 142 1
142 142 7 1
142 7 7 1
7 7 142 1
7 142 7 1
142 7 142 1
7 142 142 1
142 142 142 1
142 142 142 1
142 142 7 1
142 7 142 1
7 142 7 1
142 7 7 1
7 7 142 1
7 142 142 1
142 142 7 1
142 7 142 1
7 142 7 1
142 7 142 1
7 142 7 1
142 7 142 1
7 142 142 1
142 142 142 1
142 142 142 1
142 142 142 1
142 142 7 1
142 7 142 1
7 142 142 1
142 142 142 1
142 142 7 1
142 7 7 1
7 7 7 1
7 7 142 1
7 142 7 1
142 7 142 1
7 142 142 1
142 142 7 1
142 7 7 1
7 7 142 1
7 142 142 1
142 142 142 1
142 142 142 1
142 142 142 1
142 142 142 1
142 142 142 1
142 142 142 1
142 142 142 1
142 142 142 1
142 142 142 1
142 142 7 1
142 7 142 1
7 142 7 1
142 7 7 1
7 7 142 1
7 142 142 1
142 142 7 1
142 7 7 1
7 7 142 1
7 142 142 1
142 142 142 1
142 142 142 1
142 142 142 1
142 142 142 1
142 142 142 1
142 142 142 1
142 142 142 1
142 142 142 1
142 142 142 1
new
3 168 3 1
168 3 3 1
3 3 265 1
3 265 265 1
265 265 168 1
265 168 265 1
168 265 168 1
265 168 3 1
168 3 168 1
3 168 168 1
168 168 3 1
168 3 168 1
3 168 168 1
168 168 168 1
168 168 265 1
168 265 168 1
265 168 265 1
168 265 168 1
265 168 265 1
168 265 3 1
265 3 3 1
3 3 265 1
3 265 43 1
265 43 168 1
43 168 43 1
168 43 168 1
43 168 3 1
168 3 3 1
3 3 43 1
3 43 265 1
43 265 168 1
265 168 265 1
168 265 43 1
265 43 43 1
43 43 168 1
43 168 168 1
168 168 3 1
168 3 3 1
3 3 265 1
3 265 265 1
265 265 265 1
265 265 168 1
265 168 168 1
168 168 43 1
168 43 265 1
43 265 265 1
265 265 43 1
265 43 265 1
43 265 265 1
265 265 168 1
265 168 265 1
168 265 168 1
265 168 43 1
168 43 3 1
43 3 43 1
3 43 168 1
43 168 265 1
168 265 265 1
265 265 168 1
265 168 265 1
168 265 168 1
265 168 265 1
168 265 168 1
265 168 265 1
168 265 43 1
265 43 265 1
43 265 168 1
265 168 168 1
168 168 3 1
168 3 265 1
3 265 168 1
265 168 168 1
168 168 168 1
168 168 43 1
168 43 265 1
43 265 168 1
265 168 265 1
168 265 3 1
265 3 265 1
3 265 168 1
265 168 265 1
168 265 168 1
265 168 265 1
168 265 168 1
265 168 265 1
168 265 265 1
265 265 168 1
265 168 3 1
168 3 168 1
3 168 3 1
168 3 265 1
3 265 265 1
265 265 168 1
265 168 168 1
168 168 265 1
168 265 43 1
265 43 168 1
43 168 168 1
168 168 168 1
168 168 265 1
168 265 168 1
265 168 265 1
168 265 3 1
265 3 3 1
3 3 265 1
3 265 265 1
265 265 168 1
265 168 265 1
168 265 168 1
265 168 43 1
168 43 265 1
43 265 265 1
265 265 3 1
265 3 168 1
3 168 3 1
168 3 168 1
3 168 3 1
168 3 168 1
3 168 168 1
168 168 168 1
168 168 265 1
168 265 265 1
265 265 43 1
265 43 3 1
43 3 265 1
3 265 43 1
265 43 168 1
43 168 168 1
168 168 168 1
168 168 3 1
168 3 265 1
3 265 265 1
265 265 43 1
265 43 43 1
43 43 265 1
43 265 168 1
265 168 168 1
168 168 43 1
168 43 168 1
43 168 340 1
168 340 168 1
340 168 3 1
168 3 168 1
3 168 265 1
168 265 3 1
265 3 43 1
3 43 265 1
43 265 265 1
265 265 168 1
265 168 265 1
168 265 168 1
265 168 265 1
168 265 265 1
265 265 43 1
265 43 3 1
43 3 265 1
3 265 43 1
265 43 3 1
43 3 3 1
3 3 265 1
3 265 168 1
265 168 265 1
168 265 168 1
265 168 3 1
168 3 168 1
3 168 168 1
168 168 168 1
168 168 168 1
168 168 168 1
168 168 168 1
168 168 3 1
168 3 265 1
3 265 265 1
265 265 3 1
265 3 3 1
3 3 265 1
3 265 168 1
265 168 168 1
168 168 265 1
168 265 3 1
265 3 168 1
3 168 168 1
168 168 3 1
168 3 265 1
3 265 43 1
265 43 168 1
43 168 265 1
168 265 265 1
265 265 168 1
265 168 168 1
168 168 265 1
168 265 195 1
265 195 265 1
195 265 3 1
265 3 3 1
3 3 3 1
3 3 43 1
3 43 168 1
43 168 265 1
168 265 168 1
265 168 3 1
168 3 168 1
3 168 3 1
168 3 265 1
3 265 168 1
265 168 168 1
168 168 43 1
168 43 3 1
43 3 168 1
3 168 168 1
168 168 265 1
168 265 265 1
265 265 265 1
265 265 168 1
265 168 168 1
168 168 168 1
168 168 265 1
168 265 168 1
265 168 265 1
168 265 168 1
265 168 3 1
168 3 3 1
3 3 43 1
3 43 3 1
43 3 3 1
3 3 43 1
3 43 3 1
43 3 43 1
3 43 168 1
43 168 43 1
168 43 265 1
43 265 265 1
265 265 265 1
265 265 195 1
265 195 265 1
195 265 3 1
265 3 265 1
3 265 43 1
265 43 43 1
43 43 168 1
43 168 265 1
168 265 3 1
265 3 265 1
3 265 168 1
265 168 3 1
168 3 3 1
3 3 168 1
3 168 168 1
168 168 168 1
168 168 265 1
168 265 195 1
265 195 43 1
195 43 43 1
43 43 168 1
43 168 168 1
168 168 168 1
168 168 265 1
168 265 265 1
265 265 168 1
265 168 168 1
168 168 168 1
168 168 265 1
168 265 265 1
265 265 168 1
265 168 265 1
168 265 3 1
265 3 168 1
3 168 3 1
168 3 168 1
3 168 3 1
168 3 168 1
3 168 265 1
168 265 265 1
265 265 3 1
265 3 3 1
3 3 168 1
3 168 168 1
168 168 265 1
168 265 168 1
265 168 168 1
168 168 43 1
168 43 265 1
43 265 168 1
265 168 3 1
168 3 168 1
3 168 168 1
168 168 43 1
168 43 43 1
43 43 3 1
43 3 168 1
3 168 168 1
168 168 265 1
168 265 265 1
265 265 168 1
265 168 265 1
168 265 3 1
265 3 3 1
3 3 43 1
3 43 168 1
43 168 265 1
168 265 168 1
265 168 168 1
168 168 265 1
168 265 168 1
265 168 168 1
168 168 3 1
168 3 43 1
3 43 265 1
43 265 168 1
265 168 168 1
168 168 265 1
168 265 3 1
265 3 265 1
3 265 168 1
265 168 3 1
168 3 3 1
3 3 265 1
3 265 3 1
265 3 168 1
3 168 265 1
168 265 3 1
265 3 3 1
3 3 265 1
3 265 3 1
265 3 168 1
3 168 43 1
168 43 3 1
43 3 265 1
3 265 265 1
265 265 265 1
265 265 168 1
265 168 265 1
168 265 3 1
265 3 3 1
3 3 168 1
3 168 265 1
168 265 3 1
265 3 168 1
3 168 265 1
168 265 43 1
265 43 43 1
43 43 168 1
43 168 3 1
168 3 168 1
3 168 168 1
168 168 3 1
168 3 265 1
3 265 168 1
265 168 265 1
168 265 3 1
265 3 168 1
3 168 265 1
168 265 168 1
265 168 168 1
168 168 43 1
168 43 265 1
43 265 265 1
265 265 3 1
265 3 43 1
3 43 168 1
43 168 3 1
168 3 168 1
3 168 265 1
168 265 43 1
265 43 168 1
43 168 3 1
168 3 3 1
3 3 265 1
3 265 3 1
265 3 265 1
3 265 168 1
265 168 3 1
168 3 168 1
3 168 3 1
168 3 265 1
3 265 3 1
265 3 168 1
3 168 265 1
168 265 265 1
265 265 168 1
265 168 265 1
168 265 3 1
265 3 3 1
3 3 265 1
3 265 168 1
265 168 3 1
168 3 3 1
3 3 168 1
3 168 265 1
168 265 3 1
265 3 3 1
3 3 265 1
3 265 168 1
265 168 265 1
168 265 195 1
265 195 340 1
195 340 3 1
340 3 265 1
3 265 3 1
265 3 168 1
3 168 168 1
168 168 168 1
168 168 168 1
168 168 3 1
168 3 168 1
3 168 265 1
168 265 168 1
265 168 265 1
168 265 265 1
265 265 168 1
265 168 168 1
168 168 168 1
168 168 43 1
168 43 168 1
43 168 43 1
168 43 265 1
43 265 265 1
265 265 265 1
265 265 168 1
265 168 3 1
168 3 265 1
3 265 265 1
265 265 3 1
265 3 3 1
3 3 3 1
3 3 265 1
3 265 265 1
265 265 3 1
265 3 3 1
3 3 168 1
3 168 168 1
168 168 43 1
168 43 168 1
43 168 3 1
168 3 265 1
3 265 3 1
265 3 3 1
3 3 265 1
3 265 3 1
265 3 168 1
3 168 3 1
168 3 265 1
3 265 43 1
265 43 168 1
43 168 265 1
168 265 265 1
265 265 168 1
265 168 168 1
168 168 3 1
168 3 168 1
3 168 3 1
168 3 43 1
3 43 340 1
43 340 168 1
340 168 265 1
168 265 168 1
265 168 265 1
168 265 265 1
265 265 168 1
265 168 265 1
168 265 265 1
265 265 168 1
265 168 3 1
168 3 168 1
3 168 168 1
168 168 168 1
168 168 168 1
168 168 168 1
168 168 168 1
168 168 265 1
168 265 265 1
265 265 168 1
265 168 168 1
168 168 43 1
168 43 3 1
43 3 265 1
3 265 3 1
265 3 265 1
3 265 195 1
265 195 43 1
195 43 3 1
43 3 168 1
3 168 265 1
168 265 168 1
265 168 168 1
168 168 265 1
168 265 43 1
265 43 168 1
43 168 168 1
168 168 3 1
168 3 265 1
3 265 168 1
265 168 168 1
168 168 168 1
168 168 168 1
168 168 168 1
168 168 43 1
168 43 168 1
43 168 168 1
168 168 3 1
168 3 168 1
3 168 265 1
168 265 168 1
265 168 168 1
168 168 168 1
168 168 265 1
168 265 168 1
265 168 168 1
168 168 265 1
168 265 265 1
265 265 3 1
265 3 265 1
3 265 168 1
265 168 3 1
168 3 168 1
3 168 265 1
168 265 43 1
265 43 168 1
43 168 265 1
168 265 168 1
265 168 265 1
168 265 168 1
265 168 168 1
168 168 265 1
168 265 265 1
265 265 3 1
265 3 3 1
3 3 168 1
3 168 265 1
168 265 340 1
265 340 168 1
340 168 3 1
168 3 3 1
3 3 265 1
3 265 3 1
265 3 265 1
3 265 265 1
265 265 265 1
265 265 43 1
265 43 3 1
43 3 265 1
3 265 3 1
265 3 265 1
3 265 168 1
265 168 168 1
168 168 265 1
168 265 3 1
265 3 3 1
3 3 168 1
3 168 265 1
168 265 265 1
265 265 265 1
265 265 168 1
265 168 3 1
168 3 168 1
3 168 168 1
168 168 168 1
168 168 168 1
168 168 3 1
168 3 168 1
3 168 265 1
168 265 265 1
265 265 265 1
265 265 265 1
265 265 168 1
265 168 43 1
168 43 168 1
43 168 168 1
168 168 3 1
168 3 168 1
3 168 168 1
168 168 168 1
168 168 168 1
168 168 43 1
168 43 168 1
43 168 265 1
168 265 168 1
265 168 265 1
168 265 168 1
265 168 168 1
168 168 265 1
168 265 168 1
265 168 168 1
168 168 168 1
168 168 168 1
168 168 265 1
168 265 3 1
265 3 43 1
3 43 3 1
43 3 168 1
3 168 3 1
168 3 3 1
3 3 43 1
3 43 265 1
43 265 3 1
265 3 265 1
3 265 3 1
265 3 168 1
3 168 43 1
168 43 3 1
43 3 3 1
3 3 265 1
3 265 168 1
265 168 43 1
168 43 265 1
43 265 168 1
265 168 3 1
168 3 3 1
3 3 265 1
3 265 265 1
265 265 265 1
265 265 168 1
265 168 3 1
168 3 3 1
3 3 265 1
3 265 168 1
265 168 168 1
168 168 3 1
168 3 3 1
3 3 3 1
3 3 3 1
3 3 3 1
3 3 265 1
3 265 168 1
265 168 3 1
168 3 3 1
3 3 265 1
3 265 43 1
265 43 168 1
43 168 265 1
168 265 168 1
265 168 265 1
168 265 265 1
265 265 168 1
265 168 265 1
168 265 265 1
265 265 43 1
265 43 3 1
43 3 265 1
3 265 168 1
265 168 340 1
168 340 265 1
340 265 168 1
265 168 168 1
168 168 3 1
168 3 3 1
3 3 168 1
3 168 3 1
168 3 3 1
3 3 168 1
3 168 168 1
168 168 3 1
168 3 3 1
3 3 43 1
3 43 265 1
43 265 168 1
265 168 265 1
168 265 3 1
265 3 43 1
3 43 3 1
43 3 265 1
3 265 3 1
265 3 265 1
3 265 3 1
265 3 168 1
3 168 3 1
168 3 265 1
3 265 3 1
265 3 3 1
3 3 168 1
3 168 168 1
168 168 168 1
168 168 3 1
168 3 3 1
3 3 265 1
3 265 168 1
265 168 3 1
168 3 168 1
3 168 265 1
168 265 168 1
265 168 43 1
168 43 43 1
43 43 265 1
43 265 168 1
265 168 168 1
168 168 265 1
168 265 3 1
265 3 265 1
3 265 43 1
265 43 168 1
43 168 265 1
168 265 3 1
265 3 168 1
3 168 265 1
168 265 3 1
265 3 168 1
3 168 265 1
168 265 168 1
265 168 265 1
168 265 265 1
265 265 3 1
265 3 265 1
3 265 168 1
265 168 265 1
168 265 43 1
265 43 43 1
43 43 265 1
43 265 3 1
265 3 265 1
3 265 265 1
265 265 3 1
265 3 168 1
3 168 168 1
168 168 265 1
168 265 3 1
265 3 265 1
3 265 265 1
265 265 265 1
265 265 265 1
265 265 265 1
265 265 265 1
265 265 3 1
265 3 168 1
3 168 3 1
168 3 168 1
3 168 265 1
168 265 168 1
265 168 265 1
168 265 3 1
265 3 168 1
3 168 265 1
168 265 168 1
265 168 265 1
168 265 168 1
265 168 265 1
168 265 265 1
265 265 168 1
265 168 265 1
168 265 43 1
265 43 3 1
43 3 265 1
3 265 168 1
265 168 265 1
168 265 3 1
265 3 43 1
3 43 168 1
43 168 265 1
168 265 265 1
265 265 168 1
265 168 3 1
168 3 168 1
3 168 265 1
168 265 168 1
265 168 168 1
168 168 168 1
168 168 43 1
168 43 265 1
43 265 43 1
265 43 168 1
43 168 168 1
168 168 168 1
168 168 168 1
168 168 265 1
168 265 265 1
265 265 43 1
265 43 265 1
43 265 3 1
265 3 3 1
3 3 265 1
3 265 3 1
265 3 168 1
3 168 168 1
168 168 168 1
168 168 168 1
168 168 146 1
168 146 3 1
146 3 168 1
3 168 168 1
168 168 168 1
168 168 168 1
168 168 168 1
168 168 265 1
168 265 3 1
265 3 43 1
3 43 168 1
43 168 43 1
168 43 3 1
43 3 168 1
3 168 168 1
168 168 3 1
168 3 168 1
3 168 43 1
168 43 3 1
43 3 265 1
3 265 3 1
265 3 3 1
3 3 265 1
3 265 168 1
265 168 265 1
168 265 265 1
265 265 168 1
265 168 265 1
168 265 265 1
265 265 265 1
265 265 265 1
265 265 265 1
265 265 265 1
265 265 265 1
265 265 265 1
265 265 265 1
265 265 168 1
265 168 265 1
168 265 168 1
265 168 265 1
168 265 3 1
265 3 168 1
3 168 265 1
168 265 168 1
265 168 3 1
168 3 3 1
3 3 43 1
3 43 265 1
43 265 265 1
265 265 265 1
265 265 265 1
265 265 168 1
265 168 265 1
168 265 3 1
265 3 340 1
3 340 168 1
340 168 43 1
168 43 168 1
43 168 168 1
168 168 168 1
168 168 43 1
168 43 168 1
43 168 265 1
168 265 265 1
265 265 168 1
265 168 168 1
168 168 3 1
168 3 168 1
3 168 168 1
168 168 168 1
168 168 168 1
168 168 265 1
168 265 168 1
265 168 265 1
new
5 6 5 1
6 5 3 1
5 3 201 1
3 201 102 1
201 102 125 1
102 125 5 1
125 5 224 1
5 224 78 1
224 78 78 1
78 78 192 1
78 192 125 1
192 125 125 1
125 125 120 1
125 120 192 1
120 192 240 1
192 240 196 1
240 196 78 1
196 78 78 1
78 78 125 1
78 125 78 1
125 78 78 1
78 78 78 1
78 78 78 1
78 78 78 1
78 78 78 1
78 78 3 1
78 3 78 1
3 78 78 1
78 78 125 1
78 125 78 1
125 78 78 1
78 78 78 1
78 78 78 1
78 78 78 1
78 78 3 1
78 3 78 1
3 78 78 1
78 78 78 1
78 78 78 1
78 78 125 1
78 125 125 1
125 125 125 1
125 125 240 1
125 240 78 1
240 78 78 1
78 78 78 1
78 78 3 1
78 3 125 1
3 125 78 1
125 78 3 1
78 3 78 1
3 78 78 1
78 78 78 1
78 78 78 1
78 78 3 1
78 3 78 1
3 78 78 1
78 78 78 1
78 78 78 1
78 78 3 1
78 3 78 1
3 78 78 1
78 78 78 1
78 78 78 1
78 78 3 1
78 3 78 1
3 78 78 1
78 78 140 1
78 140 78 1
140 78 78 1
78 78 78 1
78 78 78 1
78 78 192 1
78 192 192 1
192 192 78 1
192 78 78 1
78 78 3 1
78 3 78 1
3 78 78 1
78 78 78 1
78 78 78 1
78 78 78 1
78 78 78 1
78 78 78 1
78 78 78 1
78 78 78 1
78 78 78 1
78 78 78 1
78 78 78 1
78 78 78 1
78 78 78 1
78 78 78 1
78 78 78 1
78 78 3 1
78 3 78 1
3 78 78 1
78 78 78 1
78 78 78 1
78 78 78 1
78 78 3 1
78 3 78 1
3 78 78 1
78 78 78 1
78 78 78 1
78 78 78 1
78 78 78 1
78 78 3 1
78 3 78 1
3 78 78 1
78 78 78 1
78 78 3 1
78 3 78 1
3 78 3 1
78 3 78 1
3 78 78 1
78 78 78 1
78 78 78 1
78 78 78 1
78 78 78 1
78 78 78 1
78 78 78 1
78 78 78 1
78 78 78 1
78 78 78 1
78 78 78 1
78 78 78 1
78 78 78 1
78 78 78 1
78 78 78 1
78 78 78 1
78 78 78 1
78 78 78 1
78 78 140 1
78 140 78 1
140 78 78 1
78 78 78 1
78 78 78 1
78 78 78 1
78 78 78 1
78 78 78 1
78 78 78 1
78 78 78 1
78 78 195 1
78 195 78 1
195 78 78 1
78 78 5 1
78 5 78 1
5 78 78 1
78 78 197 1
78 197 78 1
197 78 140 1
78 140 78 1
140 78 78 1
78 78 78 1
78 78 140 1
78 140 78 1
140 78 78 1
78 78 3 1
78 3 3 1
3 3 3 1
3 3 3 1
3 3 78 1
3 78 78 1
78 78 78 1
78 78 78 1
78 78 3 1
78 3 78 1
3 78 78 1
78 78 78 1
78 78 195 1
78 195 195 1
195 195 78 1
195 78 140 1
78 140 78 1
140 78 78 1
78 78 192 1
78 192 120 1
192 120 120 1
120 120 78 1
120 78 78 1
78 78 3 1
78 3 78 1
3 78 3 1
78 3 78 1
3 78 78 1
78 78 78 1
78 78 78 1
78 78 78 1
78 78 78 1
78 78 78 1
78 78 78 1
78 78 140 1
78 140 78 1
140 78 78 1
78 78 78 1
78 78 78 1
78 78 78 1
78 78 78 1
78 78 78 1
78 78 78 1
78 78 78 1
78 78 78 1
78 78 3 1
78 3 195 1
3 195 195 1
195 195 195 1
195 195 195 1
195 195 195 1
195 195 78 1
195 78 195 1
78 195 78 1
195 78 78 1
78 78 78 1
78 78 78 1
78 78 78 1
78 78 78 1
78 78 78 1
78 78 78 1
78 78 3 1
78 3 78 1
3 78 78 1
78 78 78 1
78 78 3 1
78 3 78 1
3 78 78 1
78 78 78 1
78 78 78 1
78 78 78 1
78 78 140 1
78 140 78 1
140 78 78 1
78 78 78 1
78 78 78 1
78 78 140 1
78 140 78 1
140 78 78 1
78 78 3 1
78 3 3 1
3 3 240 1
3 240 78 1
240 78 140 1
78 140 3 1
140 3 78 1
3 78 78 1
78 78 78 1
78 78 240 1
78 240 78 1
240 78 78 1
78 78 125 1
78 125 78 1
125 78 78 1
78 78 78 1
78 78 39 1
78 39 4 1
39 4 78 1
4 78 3 1
78 3 78 1
3 78 78 1
78 78 78 1
78 78 78 1
78 78 78 1
78 78 78 1
78 78 78 1
78 78 3 1
78 3 140 1
3 140 78 1
140 78 78 1
78 78 195 1
78 195 196 1
195 196 78 1
196 78 3 1
78 3 78 1
3 78 78 1
78 78 78 1
78 78 140 1
78 140 78 1
140 78 78 1
78 78 78 1
78 78 78 1
78 78 78 1
78 78 78 1
78 78 78 1
78 78 78 1
78 78 140 1
78 140 78 1
140 78 140 1
78 140 78 1
140 78 78 1
78 78 78 1
78 78 78 1
78 78 78 1
78 78 78 1
78 78 78 1
78 78 78 1
78 78 78 1
78 78 6 1
78 6 78 1
6 78 78 1
78 78 78 1
78 78 78 1
78 78 78 1
78 78 78 1
78 78 192 1
78 192 242 1
192 242 140 1
242 140 78 1
140 78 78 1
78 78 240 1
new
265 3 265 1
3 265 3 1
265 3 168 1
3 168 168 1
168 168 168 1
168 168 168 1
168 168 265 1
168 265 168 1
265 168 168 1
168 168 265 1
168 265 168 1
265 168 3 1
168 3 265 1
3 265 265 1
265 265 168 1
265 168 168 1
168 168 3 1
168 3 168 1
3 168 168 1
168 168 168 1
168 168 3 1
168 3 3 1
3 3 265 1
3 265 3 1
265 3 265 1
3 265 168 1
265 168 265 1
168 265 168 1
265 168 265 1
168 265 3 1
265 3 168 1
3 168 168 1
168 168 265 1
168 265 265 1
265 265 3 1
265 3 3 1
3 3 168 1
3 168 265 1
168 265 265 1
265 265 168 1
265 168 168 1
168 168 168 1
168 168 265 1
168 265 168 1
265 168 265 1
168 265 168 1
265 168 168 1
168 168 168 1
168 168 168 1
168 168 168 1
168 168 168 1
168 168 3 1
168 3 168 1
3 168 265 1
168 265 168 1
265 168 265 1
168 265 168 1
265 168 3 1
168 3 168 1
3 168 3 1
168 3 3 1
3 3 265 1
3 265 168 1
265 168 168 1
168 168 3 1
168 3 265 1
3 265 168 1
265 168 265 1
168 265 3 1
265 3 168 1
3 168 168 1
168 168 168 1
168 168 168 1
168 168 168 1
168 168 168 1
168 168 168 1
168 168 265 1
168 265 3 1
265 3 168 1
3 168 265 1
168 265 168 1
265 168 265 1
168 265 168 1
265 168 168 1
168 168 168 1
168 168 265 1
168 265 168 1
265 168 3 1
168 3 168 1
3 168 168 1
168 168 168 1
168 168 3 1
168 3 265 1
3 265 265 1
265 265 168 1
265 168 168 1
168 168 168 1
168 168 168 1
168 168 168 1
168 168 265 1
168 265 168 1
265 168 265 1
168 265 168 1
265 168 168 1
168 168 168 1
168 168 168 1
168 168 265 1
168 265 168 1
265 168 168 1
168 168 3 1
168 3 168 1
3 168 265 1
168 265 3 1
265 3 265 1
3 265 168 1
265 168 168 1
168 168 168 1
168 168 168 1
168 168 265 1
168 265 168 1
265 168 168 1
168 168 168 1
168 168 168 1
168 168 265 1
168 265 3 1
265 3 265 1
3 265 168 1
265 168 168 1
168 168 3 1
168 3 168 1
3 168 168 1
168 168 168 1
168 168 168 1
168 168 168 1
168 168 265 1
168 265 265 1
265 265 3 1
265 3 3 1
3 3 168 1
3 168 168 1
168 168 265 1
168 265 168 1
265 168 265 1
168 265 168 1
265 168 265 1
168 265 168 1
265 168 3 1
168 3 168 1
3 168 3 1
168 3 3 1
3 3 265 1
3 265 168 1
265 168 168 1
168 168 265 1
168 265 3 1
265 3 265 1
3 265 168 1
265 168 168 1
168 168 168 1
168 168 265 1
168 265 3 1
265 3 265 1
3 265 3 1
265 3 3 1
3 3 265 1
3 265 168 1
265 168 265 1
168 265 168 1
265 168 265 1
168 265 265 1
265 265 168 1
265 168 168 1
168 168 265 1
168 265 168 1
265 168 3 1
168 3 3 1
3 3 168 1
3 168 3 1
168 3 265 1
3 265 168 1
265 168 168 1
168 168 265 1
168 265 265 1
265 265 3 1
265 3 265 1
3 265 168 1
265 168 3 1
168 3 3 1
3 3 168 1
3 168 265 1
168 265 168 1
265 168 168 1
168 168 3 1
168 3 168 1
3 168 168 1
168 168 168 1
168 168 168 1
168 168 168 1
168 168 265 1
168 265 3 1
265 3 168 1
3 168 265 1
168 265 168 1
265 168 3 1
168 3 168 1
3 168 3 1
168 3 168 1
3 168 3 1
168 3 3 1
3 3 3 1
3 3 265 1
3 265 168 1
265 168 265 1
168 265 168 1
265 168 3 1
168 3 168 1
3 168 3 1
168 3 168 1
3 168 168 1
168 168 168 1
168 168 168 1
168 168 3 1
168 3 168 1
3 168 168 1
168 168 168 1
168 168 265 1
168 265 265 1
265 265 3 1
265 3 265 1
3 265 3 1
265 3 168 1
3 168 168 1
168 168 3 1
168 3 265 1
3 265 168 1
265 168 168 1
168 168 168 1
168 168 265 1
168 265 3 1
265 3 168 1
3 168 265 1
168 265 168 1
265 168 3 1
168 3 168 1
3 168 168 1
168 168 3 1
168 3 168 1
3 168 168 1
168 168 265 1
168 265 168 1
265 168 3 1
168 3 168 1
3 168 3 1
168 3 3 1
3 3 3 1
3 3 168 1
3 168 168 1
168 168 265 1
168 265 3 1
265 3 3 1
3 3 168 1
3 168 3 1
168 3 3 1
3 3 168 1
3 168 3 1
168 3 168 1
3 168 265 1
168 265 3 1
265 3 265 1
3 265 168 1
265 168 168 1
168 168 168 1
168 168 168 1
168 168 265 1
168 265 265 1
265 265 265 1
265 265 168 1
265 168 168 1
168 168 168 1
168 168 265 1
168 265 265 1
265 265 265 1
265 265 168 1
265 168 265 1
168 265 168 1
265 168 168 1
168 168 3 1
168 3 168 1
3 168 3 1
168 3 265 1
3 265 3 1
265 3 168 1
3 168 168 1
168 168 168 1
168 168 3 1
168 3 265 1
3 265 3 1
265 3 265 1
3 265 168 1
265 168 3 1
168 3 265 1
3 265 3 1
265 3 265 1
3 265 168 1
265 168 168 1
168 168 265 1
168 265 168 1
265 168 168 1
168 168 168 1
168 168 265 1
168 265 265 1
265 265 168 1
265 168 265 1
168 265 168 1
265 168 168 1
168 168 168 1
168 168 265 1
168 265 3 1
265 3 265 1
3 265 168 1
265 168 168 1
168 168 168 1
168 168 265 1
168 265 3 1
265 3 265 1
3 265 265 1
265 265 265 1
265 265 168 1
265 168 168 1
168 168 168 1
168 168 168 1
168 168 265 1
168 265 3 1
265 3 265 1
3 265 168 1
265 168 3 1
168 3 168 1
3 168 168 1
168 168 265 1
168 265 168 1
265 168 3 1
168 3 168 1
3 168 265 1
168 265 3 1
265 3 265 1
3 265 168 1
265 168 265 1
168 265 168 1
265 168 168 1
168 168 3 1
168 3 3 1
3 3 168 1
3 168 168 1
168 168 265 1
168 265 3 1
265 3 168 1
3 168 168 1
168 168 3 1
168 3 168 1
3 168 168 1
168 168 168 1
168 168 265 1
168 265 168 1
265 168 265 1
168 265 3 1
265 3 265 1
3 265 265 1
265 265 265 1
265 265 168 1
265 168 168 1
168 168 3 1
168 3 168 1
3 168 265 1
168 265 168 1
265 168 265 1
168 265 168 1
265 168 168 1
168 168 265 1
168 265 168 1
265 168 168 1
168 168 265 1
168 265 168 1
265 168 265 1
168 265 168 1
265 168 168 1
168 168 168 1
168 168 168 1
168 168 168 1
168 168 168 1
168 168 265 1
168 265 3 1
265 3 168 1
3 168 168 1
168 168 168 1
168 168 265 1
168 265 168 1
265 168 265 1
168 265 168 1
265 168 168 1
168 168 168 1
168 168 168 1
168 168 168 1
168 168 168 1
168 168 168 1
168 168 265 1
168 265 3 1
265 3 265 1
3 265 168 1
265 168 168 1
168 168 168 1
168 168 3 1
168 3 265 1
3 265 265 1
265 265 168 1
265 168 265 1
168 265 3 1
265 3 265 1
3 265 168 1
265 168 265 1
168 265 265 1
265 265 168 1
265 168 168 1
168 168 168 1
168 168 168 1
168 168 3 1
168 3 3 1
3 3 265 1
3 265 168 1
265 168 265 1
168 265 265 1
265 265 265 1
265 265 3 1
265 3 3 1
3 3 3 1
3 3 3 1
3 3 265 1
3 265 265 1
265 265 265 1
265 265 265 1
265 265 168 1
265 168 265 1
168 265 3 1
265 3 168 1
3 168 168 1
168 168 265 1
168 265 168 1
265 168 265 1
168 265 265 1
new
172 63 174 1
63 174 5 1
174 5 3 1
5 3 3 1
3 3 3 1
3 3 3 1
3 3 3 1
3 3 3 1
3 3 3 1
3 3 195 1
3 195 5 1
195 5 197 1
5 197 192 1
197 192 3 1
192 3 5 1
3 5 3 1
5 3 197 1
3 197 192 1
197 192 192 1
192 192 6 1
192 6 125 1
6 125 195 1
125 195 5 1
195 5 197 1
5 197 192 1
197 192 3 1
192 3 5 1
3 5 3 1
5 3 197 1
3 197 192 1
197 192 192 1
192 192 192 1
192 192 6 1
192 6 5 1
6 5 197 1
5 197 192 1
197 192 6 1
192 6 33 1
6 33 5 1
33 5 3 1
5 3 197 1
3 197 192 1
197 192 192 1
192 192 192 1
192 192 6 1
192 6 33 1
6 33 197 1
33 197 125 1
197 125 125 1
125 125 125 1
125 125 268 1
125 268 5 1
268 5 197 1
5 197 91 1
197 91 3 1
91 3 197 1
3 197 6 1
197 6 5 1
6 5 6 1
5 6 192 1
6 192 6 1
192 6 125 1
6 125 125 1
125 125 125 1
125 125 91 1
125 91 5 1
91 5 192 1
5 192 5 1
192 5 6 1
5 6 91 1
6 91 195 1
91 195 5 1
195 5 3 1
5 3 5 1
3 5 6 1
5 6 5 1
6 5 5 1
5 5 6 1
5 6 33 1
6 33 5 1
33 5 125 1
5 125 125 1
125 125 125 1
125 125 91 1
125 91 3 1
91 3 195 1
3 195 3 1
195 3 192 1
3 192 3 1
192 3 6 1
3 6 195 1
6 195 91 1
195 91 195 1
91 195 3 1
195 3 6 1
3 6 5 1
6 5 3 1
5 3 197 1
3 197 125 1
197 125 3 1
125 3 91 1
3 91 195 1
91 195 3 1
195 3 3 1
3 3 3 1
3 3 197 1
3 197 5 1
197 5 91 1
5 91 91 1
91 91 195 1
91 195 3 1
195 3 3 1
3 3 91 1
3 91 91 1
91 91 91 1
91 91 91 1
91 91 91 1
91 91 221 1
91 221 162 1
221 162 4 1
162 4 4 1
new
