5 265 168 1
265 168 168 1
168 168 6 1
168 6 265 1
6 265 168 1
265 168 168 1
168 168 5 1
168 5 5 1
5 5 6 1
5 6 265 1
6 265 6 1
265 6 265 1
6 265 168 1
265 168 6 1
168 6 5 1
6 5 6 1
5 6 265 1
6 265 265 1
265 265 5 1
265 5 6 1
5 6 5 1
6 5 6 1
5 6 5 1
6 5 6 1
5 6 265 1
6 265 168 1
265 168 6 1
168 6 5 1
6 5 168 1
5 168 5 1
168 5 5 1
5 5 5 1
5 5 168 1
5 168 6 1
168 6 5 1
6 5 168 1
5 168 168 1
168 168 265 1
168 265 5 1
265 5 265 1
5 265 6 1
265 6 5 1
6 5 265 1
5 265 168 1
265 168 5 1
168 5 5 1
5 5 5 1
5 5 5 1
5 5 5 1
5 5 168 1
5 168 168 1
168 168 6 1
168 6 5 1
6 5 5 1
5 5 5 1
5 5 168 1
5 168 168 1
168 168 168 1
168 168 168 1
168 168 265 1
168 265 6 1
265 6 5 1
6 5 168 1
5 168 5 1
168 5 6 1
5 6 6 1
6 6 168 1
6 168 5 1
168 5 168 1
5 168 6 1
168 6 5 1
6 5 6 1
5 6 168 1
6 168 265 1
168 265 168 1
265 168 5 1
168 5 168 1
5 168 5 1
168 5 6 1
5 6 6 1
6 6 265 1
6 265 6 1
265 6 5 1
6 5 168 1
5 168 5 1
168 5 168 1
5 168 5 1
168 5 6 1
5 6 265 1
6 265 5 1
265 5 6 1
5 6 265 1
6 265 6 1
265 6 168 1
6 168 5 1
168 5 265 1
5 265 5 1
265 5 265 1
5 265 5 1
265 5 6 1
5 6 5 1
6 5 6 1
5 6 168 1
6 168 6 1
168 6 265 1
6 265 5 1
new
102 221 60 1
221 60 197 1
60 197 102 1
197 102 168 1
102 168 168 1
168 168 168 1
168 168 102 1
168 102 12 1
102 12 6 1
12 6 7 1
6 7 5 1
7 5 196 1
5 196 192 1
196 192 5 1
192 5 5 1
5 5 5 1
5 5 5 1
5 5 195 1
5 195 5 1
195 5 192 1
5 192 6 1
192 6 91 1
6 91 195 1
91 195 6 1
195 6 13 1
6 13 195 1
13 195 33 1
195 33 13 1
33 13 195 1
13 195 196 1
195 196 195 1
196 195 33 1
195 33 195 1
33 195 195 1
195 195 195 1
195 195 195 1
195 195 196 1
195 196 122 1
196 122 102 1
122 102 102 1
102 102 168 1
102 168 168 1
168 168 168 1
168 168 6 1
168 6 78 1
6 78 5 1
78 5 6 1
5 6 168 1
6 168 3 1
168 3 195 1
3 195 91 1
195 91 91 1
91 91 6 1
91 6 91 1
6 91 5 1
91 5 196 1
5 196 5 1
196 5 5 1
5 5 5 1
5 5 197 1
5 197 91 1
197 91 195 1
91 195 196 1
195 196 5 1
196 5 5 1
5 5 5 1
5 5 5 1
5 5 5 1
5 5 192 1
5 192 195 1
192 195 91 1
195 91 195 1
91 195 196 1
195 196 91 1
196 91 91 1
91 91 196 1
91 196 91 1
196 91 192 1
91 192 5 1
192 5 91 1
5 91 91 1
91 91 91 1
91 91 6 1
91 6 140 1
6 140 196 1
140 196 192 1
196 192 91 1
192 91 196 1
91 196 5 1
196 5 91 1
5 91 91 1
91 91 5 1
91 5 6 1
5 6 5 1
6 5 91 1
5 91 195 1
91 195 91 1
195 91 192 1
91 192 195 1
192 195 192 1
195 192 6 1
192 6 6 1
6 6 91 1
6 91 192 1
91 192 195 1
192 195 91 1
195 91 192 1
91 192 5 1
192 5 5 1
5 5 195 1
5 195 197 1
195 197 6 1
197 6 140 1
6 140 5 1
140 5 195 1
5 195 196 1
195 196 140 1
196 140 5 1
140 5 91 1
5 91 91 1
91 91 5 1
91 5 195 1
5 195 91 1
195 91 5 1
91 5 5 1
5 5 197 1
5 197 5 1
197 5 196 1
5 196 195 1
196 195 195 1
195 195 91 1
195 91 5 1
91 5 5 1
5 5 6 1
5 6 197 1
6 197 5 1
197 5 195 1
5 195 195 1
195 195 195 1
195 195 5 1
195 5 140 1
5 140 196 1
140 196 195 1
196 195 195 1
195 195 6 1
195 6 5 1
6 5 91 1
5 91 5 1
91 5 195 1
5 195 195 1
195 195 91 1
195 91 195 1
91 195 91 1
195 91 5 1
91 5 197 1
5 197 196 1
197 196 195 1
196 195 5 1
195 5 91 1
5 91 91 1
91 91 91 1
91 91 102 1
91 102 195 1
102 195 6 1
195 6 192 1
6 192 195 1
192 195 196 1
195 196 192 1
196 192 196 1
192 196 91 1
196 91 5 1
91 5 195 1
5 195 5 1
195 5 197 1
5 197 13 1
197 13 195 1
13 195 195 1
195 195 195 1
195 195 195 1
195 195 13 1
195 13 33 1
13 33 33 1
33 33 33 1
33 33 33 1
33 33 33 1
33 33 33 1
33 33 33 1
33 33 33 1
33 33 33 1
33 33 33 1
33 33 33 1
33 33 33 1
33 33 33 1
33 33 33 1
33 33 33 1
33 33 33 1
33 33 33 1
33 33 33 1
33 33 33 1
33 33 13 1
33 13 33 1
13 33 33 1
33 33 33 1
33 33 33 1
33 33 33 1
33 33 33 1
33 33 33 1
33 33 33 1
33 33 33 1
33 33 33 1
33 33 33 1
33 33 33 1
33 33 195 1
33 195 195 1
195 195 195 1
195 195 195 1
195 195 195 1
195 195 196 1
195 196 196 1
196 196 196 1
196 196 33 1
196 33 13 1
33 13 13 1
13 13 33 1
13 33 13 1
33 13 13 1
13 13 33 1
13 33 13 1
33 13 13 1
13 13 13 1
13 13 33 1
13 33 196 1
33 196 195 1
196 195 195 1
195 195 195 1
195 195 195 1
195 195 33 1
195 33 33 1
33 33 195 1
33 195 33 1
195 33 33 1
33 33 13 1
33 13 13 1
13 13 13 1
13 13 195 1
13 195 195 1
195 195 33 1
195 33 33 1
33 33 195 1
33 195 195 1
195 195 195 1
195 195 195 1
195 195 195 1
195 195 195 1
195 195 195 1
195 195 196 1
195 196 196 1
196 196 33 1
196 33 196 1
33 196 196 1
196 196 196 1
196 196 33 1
196 33 33 1
33 33 13 1
33 13 195 1
13 195 196 1
195 196 196 1
196 196 33 1
196 33 33 1
33 33 195 1
33 195 33 1
195 33 13 1
33 13 195 1
13 195 196 1
195 196 33 1
196 33 33 1
33 33 195 1
33 195 196 1
195 196 196 1
196 196 196 1
196 196 33 1
196 33 195 1
33 195 195 1
195 195 196 1
195 196 196 1
196 196 13 1
196 13 195 1
13 195 195 1
195 195 33 1
195 33 13 1
33 13 13 1
13 13 195 1
13 195 196 1
195 196 196 1
196 196 33 1
196 33 13 1
33 13 195 1
13 195 195 1
195 195 196 1
195 196 196 1
196 196 33 1
196 33 33 1
33 33 13 1
33 13 195 1
13 195 195 1
195 195 196 1
195 196 33 1
196 33 33 1
33 33 195 1
33 195 195 1
195 195 196 1
195 196 196 1
196 196 33 1
196 33 33 1
33 33 195 1
33 195 195 1
195 195 196 1
195 196 33 1
196 33 13 1
33 13 195 1
13 195 195 1
195 195 196 1
195 196 122 1
196 122 78 1
122 78 45 1
78 45 91 1
45 91 5 1
91 5 146 1
5 146 78 1
146 78 183 1
78 183 197 1
183 197 6 1
197 6 168 1
6 168 102 1
168 102 102 1
102 102 168 1
102 168 6 1
168 6 45 1
6 45 45 1
45 45 13 1
45 13 192 1
13 192 13 1
192 13 13 1
13 13 91 1
13 91 45 1
91 45 5 1
45 5 146 1
5 146 104 1
146 104 168 1
104 168 168 1
168 168 168 1
168 168 102 1
168 102 102 1
102 102 168 1
102 168 102 1
168 102 168 1
102 168 168 1
168 168 102 1
168 102 168 1
102 168 102 1
168 102 168 1
102 168 102 1
168 102 168 1
102 168 102 1
168 102 168 1
102 168 102 1
168 102 102 1
102 102 168 1
102 168 102 1
168 102 102 1
102 102 168 1
102 168 102 1
168 102 168 1
102 168 104 1
168 104 91 1
104 91 3 1
new
7 142 7 1
142 7 142 1
7 142 7 1
142 7 7 1
7 7 7 1
7 7 142 1
7 142 142 1
142 142 142 1
142 142 142 1
142 142 142 1
142 142 142 1
142 142 142 1
142 142 142 1
142 142 142 1
142 142 7 1
142 7 7 1
7 7 142 1
7 142 7 1
142 7 142 1
7 142 7 1
142 7 142 1
7 142 142 1
142 142 142 1
142 142 7 1
142 7 142 1
7 142 142 1
142 142 142 1
142 142 142 1
142 142 142 1
142 142 142 1
142 142 142 1
142 142 142 1
142 142 142 1
142 142 142 1
142 142 142 1
142 142 7 1
142 7 142 1
7 142 7 1
142 7 7 1
7 7 142 1
7 142 7 1
142 7 7 1
7 7 142 1
7 142 7 1
142 7 142 1
7 142 142 1
142 142 142 1
142 142 142 1
142 142 142 1
142 142 7 1
142 7 142 1
7 142 142 1
142 142 142 1
142 142 142 1
142 142 142 1
142 142 142 1
142 142 142 1
142 142 7 1
142 7 7 1
7 7 142 1
7 142 7 1
142 7 142 1
7 142 142 1
142 142 142 1
142 142 142 1
142 142 7 1
142 7 142 1
7 142 7 1
142 7 7 1
7 7 142 1
7 142 142 1
142 142 7 1
142 7 142 1
7 142 7 1
142 7 142 1
7 142 7 1
142 7 142 1
7 142 142 1
142 142 142 1
142 142 142 1
142 142 142 1
142 142 7 1
142 7 142 1
7 142 142 1
142 142 142 1
142 142 7 1
142 7 7 1
7 7 7 1
7 7 142 1
7 142 7 1
142 7 142 1
7 142 142 1
142 142 7 1
142 7 7 1
7 7 142 1
7 142 142 1
142 142 142 1
142 142 142 1
142 142 142 1
142 142 142 1
142 142 142 1
142 142 142 1
142 142 142 1
142 142 142 1
142 142 142 1
142 142 7 1
142 7 142 1
7 142 7 1
142 7 7 1
7 7 142 1
7 142 142 1
142 142 7 1
142 7 7 1
7 7 142 1
7 142 142 1
142 142 142 1
142 142 142 1
142 142 142 1
142 142 142 1
142 142 142 1
142 142 142 1
142 142 142 1
142 142 142 1
142 142 142 1
new
3 91 192 1
91 192 3 1
192 3 3 1
3 3 162 1
3 162 5 1
162 5 3 1
5 3 5 1
3 5 5 1
5 5 5 1
5 5 3 1
5 3 5 1
3 5 3 1
5 3 5 1
3 5 5 1
5 5 91 1
5 91 197 1
91 197 91 1
197 91 192 1
91 192 192 1
192 192 5 1
192 5 5 1
5 5 5 1
5 5 3 1
5 3 5 1
3 5 5 1
5 5 5 1
5 5 5 1
5 5 6 1
5 6 6 1
6 6 192 1
6 192 5 1
192 5 5 1
5 5 5 1
5 5 3 1
5 3 5 1
3 5 197 1
5 197 5 1
197 5 6 1
5 6 5 1
6 5 3 1
5 3 91 1
3 91 6 1
91 6 5 1
6 5 5 1
5 5 3 1
5 3 5 1
3 5 5 1
5 5 3 1
5 3 5 1
3 5 5 1
5 5 91 1
5 91 3 1
91 3 5 1
3 5 5 1
5 5 3 1
5 3 3 1
3 3 162 1
3 162 91 1
162 91 91 1
91 91 91 1
91 91 192 1
91 192 3 1
192 3 5 1
3 5 5 1
5 5 5 1
5 5 5 1
5 5 6 1
5 6 3 1
6 3 3 1
3 3 197 1
3 197 3 1
197 3 91 1
3 91 5 1
91 5 6 1
5 6 6 1
6 6 3 1
6 3 3 1
3 3 5 1
3 5 5 1
5 5 3 1
5 3 5 1
3 5 5 1
5 5 3 1
5 3 5 1
3 5 197 1
5 197 6 1
197 6 91 1
6 91 91 1
91 91 6 1
91 6 3 1
6 3 3 1
3 3 6 1
3 6 5 1
6 5 5 1
5 5 192 1
5 192 5 1
192 5 5 1
5 5 3 1
5 3 6 1
3 6 3 1
6 3 5 1
3 5 5 1
5 5 197 1
5 197 3 1
197 3 91 1
3 91 91 1
91 91 5 1
91 5 5 1
5 5 91 1
5 91 3 1
91 3 6 1
3 6 5 1
6 5 5 1
5 5 3 1
5 3 91 1
3 91 3 1
91 3 5 1
3 5 192 1
5 192 91 1
192 91 5 1
91 5 91 1
5 91 192 1
91 192 5 1
192 5 3 1
5 3 6 1
3 6 91 1
6 91 5 1
91 5 3 1
5 3 3 1
3 3 3 1
3 3 5 1
3 5 162 1
5 162 3 1
162 3 5 1
3 5 5 1
5 5 197 1
5 197 197 1
197 197 3 1
197 3 5 1
3 5 5 1
5 5 3 1
5 3 162 1
3 162 141 1
162 141 3 1
141 3 3 1
3 3 3 1
3 3 3 1
3 3 3 1
3 3 192 1
3 192 3 1
192 3 3 1
3 3 197 1
3 197 91 1
197 91 3 1
91 3 5 1
3 5 5 1
5 5 3 1
5 3 5 1
3 5 6 1
5 6 5 1
6 5 91 1
5 91 3 1
91 3 5 1
3 5 91 1
5 91 6 1
91 6 3 1
6 3 5 1
3 5 78 1
5 78 91 1
78 91 5 1
91 5 197 1
5 197 192 1
197 192 3 1
192 3 6 1
3 6 91 1
6 91 5 1
91 5 197 1
5 197 192 1
197 192 197 1
192 197 91 1
197 91 5 1
91 5 6 1
5 6 5 1
6 5 91 1
5 91 78 1
91 78 91 1
78 91 197 1
91 197 3 1
197 3 5 1
3 5 3 1
5 3 3 1
3 3 3 1
3 3 5 1
3 5 192 1
5 192 197 1
192 197 3 1
197 3 6 1
3 6 5 1
6 5 5 1
5 5 162 1
5 162 5 1
162 5 5 1
5 5 91 1
5 91 6 1
91 6 5 1
6 5 5 1
5 5 3 1
5 3 5 1
3 5 3 1
5 3 3 1
3 3 3 1
3 3 91 1
3 91 5 1
91 5 3 1
5 3 5 1
3 5 5 1
5 5 5 1
5 5 5 1
5 5 3 1
5 3 6 1
3 6 6 1
6 6 6 1
6 6 91 1
6 91 91 1
91 91 91 1
91 91 162 1
91 162 5 1
162 5 6 1
5 6 5 1
6 5 5 1
5 5 5 1
5 5 5 1
5 5 162 1
5 162 91 1
162 91 91 1
91 91 5 1
91 5 5 1
5 5 3 1
5 3 5 1
3 5 197 1
5 197 197 1
197 197 192 1
197 192 192 1
192 192 5 1
192 5 192 1
5 192 3 1
192 3 3 1
3 3 6 1
3 6 3 1
6 3 5 1
3 5 3 1
5 3 91 1
3 91 6 1
91 6 5 1
6 5 5 1
5 5 6 1
5 6 3 1
6 3 5 1
3 5 5 1
5 5 6 1
5 6 5 1
6 5 3 1
5 3 5 1
3 5 6 1
5 6 3 1
6 3 3 1
3 3 3 1
3 3 5 1
3 5 6 1
5 6 3 1
6 3 3 1
3 3 91 1
3 91 5 1
91 5 5 1
5 5 6 1
5 6 5 1
6 5 197 1
5 197 3 1
197 3 5 1
3 5 3 1
5 3 91 1
3 91 6 1
91 6 5 1
6 5 192 1
5 192 6 1
192 6 91 1
6 91 5 1
91 5 6 1
5 6 91 1
6 91 5 1
91 5 91 1
5 91 192 1
91 192 5 1
192 5 6 1
5 6 3 1
6 3 197 1
3 197 5 1
197 5 91 1
5 91 5 1
91 5 6 1
5 6 3 1
6 3 5 1
3 5 91 1
5 91 3 1
91 3 197 1
3 197 5 1
197 5 3 1
5 3 5 1
3 5 3 1
5 3 5 1
3 5 5 1
5 5 6 1
5 6 5 1
6 5 6 1
5 6 3 1
6 3 6 1
3 6 197 1
6 197 5 1
197 5 3 1
5 3 197 1
new
142 142 142 1
142 142 142 1
142 142 142 1
142 142 142 1
142 142 142 1
142 142 13 1
142 13 142 1
13 142 142 1
142 142 142 1
142 142 142 1
142 142 142 1
142 142 142 1
142 142 13 1
142 13 142 1
13 142 142 1
142 142 142 1
142 142 142 1
142 142 142 1
142 142 142 1
142 142 142 1
142 142 13 1
142 13 142 1
13 142 142 1
142 142 13 1
142 13 142 1
13 142 142 1
142 142 13 1
142 13 142 1
13 142 142 1
142 142 142 1
142 142 142 1
142 142 142 1
142 142 13 1
142 13 142 1
13 142 142 1
142 142 142 1
142 142 142 1
142 142 142 1
142 142 142 1
142 142 142 1
142 142 142 1
142 142 142 1
142 142 142 1
142 142 13 1
142 13 142 1
13 142 142 1
142 142 142 1
142 142 13 1
142 13 142 1
13 142 142 1
142 142 142 1
142 142 142 1
142 142 142 1
142 142 142 1
142 142 142 1
142 142 13 1
142 13 13 1
13 13 13 1
13 13 13 1
13 13 13 1
13 13 13 1
13 13 13 1
13 13 13 1
13 13 142 1
13 142 142 1
142 142 142 1
142 142 142 1
142 142 13 1
142 13 142 1
13 142 142 1
142 142 142 1
142 142 13 1
142 13 142 1
13 142 142 1
142 142 142 1
142 142 142 1
142 142 142 1
142 142 142 1
142 142 142 1
142 142 142 1
142 142 142 1
142 142 142 1
142 142 142 1
142 142 142 1
142 142 13 1
142 13 142 1
13 142 142 1
142 142 142 1
142 142 142 1
142 142 13 1
new
197 60 102 1
60 102 102 1
102 102 168 1
102 168 102 1
168 102 102 1
102 102 168 1
102 168 168 1
168 168 168 1
168 168 45 1
168 45 91 1
45 91 45 1
91 45 195 1
45 195 195 1
195 195 195 1
195 195 195 1
195 195 195 1
195 195 195 1
195 195 195 1
195 195 195 1
195 195 195 1
195 195 195 1
195 195 195 1
195 195 195 1
195 195 220 1
195 220 220 1
220 220 195 1
220 195 220 1
195 220 195 1
220 195 195 1
195 195 195 1
195 195 5 1
195 5 195 1
5 195 220 1
195 220 220 1
220 220 6 1
220 6 195 1
6 195 195 1
195 195 195 1
195 195 195 1
195 195 220 1
195 220 220 1
220 220 6 1
220 6 195 1
6 195 195 1
195 195 195 1
195 195 195 1
195 195 195 1
195 195 195 1
195 195 195 1
195 195 195 1
195 195 195 1
195 195 195 1
195 195 195 1
195 195 195 1
195 195 220 1
195 220 195 1
220 195 5 1
195 5 195 1
5 195 220 1
195 220 220 1
220 220 6 1
220 6 195 1
6 195 195 1
195 195 195 1
195 195 195 1
195 195 195 1
195 195 195 1
195 195 195 1
195 195 220 1
195 220 6 1
220 6 195 1
6 195 220 1
195 220 195 1
220 195 5 1
195 5 3 1
5 3 6 1
3 6 91 1
6 91 5 1
91 5 197 1
5 197 192 1
197 192 3 1
192 3 3 1
3 3 3 1
3 3 3 1
3 3 5 1
3 5 91 1
5 91 45 1
91 45 5 1
45 5 168 1
new
240 13 4 1
13 4 13 1
4 13 4 1
13 4 78 1
4 78 13 1
78 13 13 1
13 13 78 1
13 78 13 1
78 13 13 1
13 13 4 1
13 4 13 1
4 13 4 1
13 4 78 1
4 78 13 1
78 13 13 1
13 13 78 1
13 78 13 1
78 13 13 1
13 13 4 1
13 4 13 1
4 13 4 1
13 4 78 1
4 78 13 1
78 13 13 1
13 13 78 1
13 78 13 1
78 13 13 1
13 13 4 1
13 4 13 1
4 13 4 1
13 4 13 1
4 13 4 1
13 4 13 1
4 13 4 1
13 4 78 1
4 78 13 1
78 13 13 1
13 13 78 1
13 78 13 1
78 13 13 1
13 13 4 1
13 4 13 1
4 13 4 1
13 4 78 1
4 78 13 1
78 13 13 1
13 13 78 1
13 78 13 1
78 13 13 1
13 13 4 1
13 4 13 1
4 13 4 1
13 4 78 1
4 78 13 1
78 13 13 1
13 13 78 1
13 78 13 1
78 13 13 1
13 13 4 1
13 4 13 1
4 13 4 1
13 4 13 1
4 13 4 1
13 4 13 1
4 13 4 1
13 4 265 1
4 265 265 1
265 265 240 1
265 240 13 1
240 13 240 1
13 240 4 1
240 4 240 1
4 240 13 1
240 13 4 1
13 4 13 1
4 13 13 1
13 13 240 1
13 240 240 1
240 240 4 1
240 4 4 1
4 4 265 1
4 265 240 1
265 240 78 1
240 78 13 1
78 13 4 1
13 4 4 1
4 4 4 1
4 4 4 1
4 4 4 1
4 4 13 1
4 13 240 1
13 240 240 1
240 240 13 1
240 13 13 1
13 13 240 1
13 240 4 1
240 4 4 1
4 4 4 1
4 4 13 1
4 13 4 1
13 4 4 1
4 4 13 1
4 13 13 1
13 13 13 1
13 13 240 1
13 240 4 1
240 4 4 1
4 4 4 1
4 4 13 1
4 13 13 1
13 13 13 1
13 13 13 1
13 13 4 1
13 4 4 1
4 4 4 1
4 4 5 1
4 5 13 1
5 13 13 1
13 13 78 1
13 78 13 1
78 13 13 1
13 13 4 1
13 4 4 1
4 4 78 1
4 78 240 1
78 240 240 1
240 240 13 1
240 13 13 1
13 13 4 1
13 4 4 1
4 4 4 1
4 4 78 1
4 78 4 1
78 4 13 1
4 13 13 1
13 13 13 1
13 13 78 1
13 78 4 1
78 4 13 1
4 13 13 1
13 13 13 1
13 13 240 1
13 240 78 1
240 78 13 1
78 13 13 1
13 13 13 1
13 13 13 1
13 13 78 1
13 78 13 1
78 13 4 1
13 4 4 1
4 4 4 1
4 4 240 1
4 240 240 1
240 240 78 1
240 78 13 1
78 13 4 1
13 4 240 1
4 240 13 1
240 13 4 1
13 4 4 1
4 4 78 1
4 78 13 1
78 13 4 1
13 4 240 1
4 240 13 1
240 13 4 1
13 4 4 1
4 4 4 1
4 4 240 1
4 240 13 1
240 13 78 1
13 78 4 1
78 4 13 1
4 13 240 1
13 240 78 1
240 78 13 1
78 13 4 1
13 4 240 1
4 240 78 1
240 78 13 1
78 13 240 1
13 240 240 1
240 240 13 1
240 13 4 1
13 4 78 1
4 78 4 1
78 4 4 1
new
78 3 168 1
3 168 168 1
168 168 168 1
168 168 3 1
168 3 3 1
3 3 168 1
3 168 265 1
168 265 265 1
265 265 3 1
265 3 168 1
3 168 265 1
168 265 3 1
265 3 168 1
3 168 265 1
168 265 168 1
265 168 265 1
168 265 265 1
265 265 3 1
265 3 3 1
3 3 265 1
3 265 265 1
265 265 265 1
265 265 3 1
265 3 168 1
3 168 265 1
168 265 3 1
265 3 265 1
3 265 3 1
265 3 3 1
3 3 265 1
3 265 3 1
265 3 3 1
3 3 3 1
3 3 265 1
3 265 168 1
265 168 265 1
168 265 3 1
265 3 265 1
3 265 265 1
265 265 265 1
265 265 265 1
265 265 265 1
265 265 265 1
265 265 168 1
265 168 3 1
168 3 265 1
3 265 168 1
265 168 168 1
168 168 3 1
168 3 265 1
3 265 3 1
265 3 3 1
3 3 3 1
3 3 168 1
3 168 3 1
168 3 168 1
3 168 168 1
168 168 168 1
168 168 168 1
168 168 3 1
168 3 265 1
3 265 168 1
265 168 3 1
168 3 3 1
3 3 3 1
3 3 168 1
3 168 168 1
168 168 168 1
168 168 168 1
168 168 265 1
168 265 265 1
265 265 168 1
265 168 265 1
168 265 265 1
265 265 265 1
265 265 168 1
265 168 168 1
168 168 168 1
168 168 168 1
168 168 265 1
168 265 265 1
265 265 168 1
265 168 265 1
168 265 3 1
265 3 168 1
3 168 168 1
168 168 265 1
168 265 265 1
265 265 3 1
265 3 168 1
3 168 168 1
168 168 168 1
168 168 265 1
168 265 3 1
265 3 168 1
3 168 3 1
168 3 168 1
3 168 3 1
168 3 168 1
3 168 265 1
168 265 3 1
265 3 265 1
3 265 168 1
265 168 168 1
168 168 168 1
168 168 168 1
168 168 265 1
168 265 168 1
265 168 168 1
168 168 265 1
168 265 168 1
265 168 168 1
168 168 168 1
168 168 168 1
168 168 168 1
168 168 168 1
168 168 265 1
168 265 3 1
265 3 265 1
3 265 168 1
265 168 3 1
168 3 265 1
3 265 265 1
265 265 168 1
265 168 168 1
168 168 265 1
168 265 168 1
265 168 3 1
168 3 168 1
3 168 265 1
168 265 265 1
265 265 168 1
265 168 265 1
168 265 265 1
265 265 3 1
265 3 265 1
3 265 168 1
265 168 3 1
168 3 265 1
3 265 265 1
265 265 265 1
265 265 3 1
265 3 168 1
3 168 265 1
168 265 3 1
265 3 265 1
3 265 265 1
265 265 3 1
265 3 168 1
3 168 3 1
168 3 3 1
3 3 3 1
3 3 265 1
3 265 3 1
265 3 265 1
3 265 168 1
265 168 168 1
168 168 168 1
168 168 168 1
168 168 168 1
168 168 3 1
168 3 168 1
3 168 3 1
168 3 3 1
3 3 265 1
3 265 265 1
265 265 265 1
265 265 168 1
265 168 265 1
168 265 265 1
265 265 265 1
265 265 265 1
265 265 3 1
265 3 168 1
3 168 168 1
168 168 3 1
168 3 265 1
3 265 168 1
265 168 168 1
168 168 168 1
168 168 168 1
168 168 168 1
168 168 168 1
168 168 168 1
168 168 265 1
168 265 168 1
265 168 265 1
168 265 168 1
265 168 168 1
168 168 265 1
168 265 265 1
265 265 265 1
265 265 265 1
265 265 265 1
265 265 168 1
265 168 168 1
168 168 265 1
168 265 168 1
265 168 168 1
168 168 168 1
168 168 265 1
168 265 265 1
265 265 3 1
265 3 265 1
3 265 3 1
265 3 168 1
3 168 265 1
168 265 168 1
265 168 168 1
168 168 168 1
168 168 168 1
168 168 168 1
168 168 168 1
168 168 168 1
168 168 168 1
168 168 265 1
168 265 168 1
265 168 168 1
168 168 168 1
168 168 265 1
168 265 3 1
265 3 3 1
3 3 3 1
3 3 168 1
3 168 265 1
168 265 3 1
265 3 168 1
3 168 168 1
168 168 168 1
168 168 265 1
168 265 265 1
265 265 265 1
265 265 168 1
265 168 265 1
168 265 168 1
265 168 265 1
168 265 168 1
265 168 265 1
168 265 168 1
265 168 3 1
168 3 265 1
3 265 168 1
265 168 168 1
168 168 168 1
168 168 3 1
168 3 168 1
3 168 168 1
168 168 168 1
168 168 168 1
168 168 265 1
168 265 265 1
265 265 168 1
265 168 168 1
168 168 265 1
168 265 168 1
265 168 265 1
168 265 265 1
265 265 265 1
265 265 168 1
265 168 265 1
168 265 168 1
265 168 265 1
168 265 3 1
265 3 168 1
3 168 168 1
168 168 3 1
168 3 168 1
3 168 265 1
168 265 265 1
265 265 265 1
265 265 168 1
265 168 168 1
168 168 168 1
168 168 3 1
168 3 265 1
3 265 265 1
265 265 168 1
265 168 168 1
168 168 168 1
168 168 168 1
168 168 265 1
168 265 168 1
265 168 3 1
168 3 265 1
3 265 168 1
265 168 3 1
168 3 3 1
3 3 168 1
3 168 3 1
168 3 265 1
3 265 265 1
265 265 168 1
265 168 265 1
168 265 3 1
265 3 265 1
3 265 168 1
265 168 265 1
168 265 168 1
265 168 3 1
168 3 3 1
3 3 3 1
3 3 168 1
3 168 265 1
168 265 3 1
265 3 265 1
3 265 168 1
265 168 265 1
168 265 265 1
265 265 265 1
265 265 265 1
265 265 3 1
265 3 3 1
3 3 3 1
3 3 168 1
3 168 265 1
168 265 265 1
265 265 3 1
265 3 3 1
3 3 3 1
3 3 3 1
3 3 3 1
3 3 168 1
3 168 3 1
168 3 265 1
3 265 168 1
265 168 265 1
168 265 265 1
265 265 265 1
265 265 3 1
265 3 3 1
3 3 168 1
3 168 265 1
168 265 265 1
265 265 168 1
265 168 265 1
168 265 265 1
265 265 3 1
265 3 168 1
3 168 168 1
168 168 168 1
168 168 3 1
168 3 265 1
3 265 265 1
265 265 168 1
265 168 3 1
168 3 265 1
3 265 3 1
265 3 3 1
3 3 265 1
3 265 265 1
265 265 168 1
265 168 168 1
168 168 168 1
168 168 3 1
168 3 265 1
3 265 168 1
265 168 265 1
168 265 265 1
265 265 3 1
265 3 168 1
3 168 3 1
168 3 3 1
3 3 3 1
3 3 3 1
3 3 168 1
3 168 168 1
168 168 3 1
168 3 168 1
3 168 3 1
168 3 265 1
3 265 168 1
265 168 3 1
168 3 3 1
3 3 3 1
3 3 3 1
3 3 265 1
3 265 168 1
265 168 168 1
168 168 3 1
168 3 168 1
3 168 3 1
168 3 265 1
3 265 265 1
265 265 168 1
265 168 265 1
168 265 3 1
265 3 265 1
3 265 168 1
265 168 168 1
168 168 3 1
168 3 168 1
3 168 168 1
168 168 265 1
168 265 168 1
265 168 265 1
168 265 168 1
265 168 168 1
168 168 168 1
168 168 265 1
168 265 168 1
265 168 168 1
168 168 168 1
168 168 265 1
168 265 265 1
265 265 3 1
265 3 3 1
3 3 3 1
3 3 168 1
3 168 168 1
168 168 3 1
168 3 3 1
3 3 168 1
3 168 168 1
168 168 168 1
168 168 168 1
168 168 168 1
168 168 168 1
168 168 168 1
168 168 168 1
168 168 168 1
168 168 168 1
168 168 168 1
168 168 3 1
168 3 265 1
3 265 265 1
265 265 265 1
265 265 168 1
265 168 168 1
168 168 265 1
168 265 168 1
265 168 265 1
168 265 168 1
265 168 168 1
168 168 168 1
168 168 168 1
168 168 265 1
168 265 3 1
265 3 168 1
3 168 168 1
168 168 168 1
168 168 168 1
168 168 168 1
168 168 168 1
168 168 168 1
168 168 168 1
168 168 168 1
168 168 168 1
168 168 265 1
168 265 168 1
265 168 168 1
168 168 3 1
168 3 168 1
3 168 265 1
168 265 168 1
265 168 168 1
168 168 168 1
168 168 168 1
168 168 168 1
168 168 168 1
168 168 168 1
168 168 265 1
168 265 168 1
265 168 168 1
168 168 3 1
168 3 3 1
3 3 168 1
3 168 168 1
168 168 265 1
168 265 168 1
265 168 3 1
168 3 265 1
3 265 168 1
265 168 3 1
168 3 168 1
3 168 3 1
168 3 265 1
3 265 168 1
265 168 265 1
168 265 265 1
265 265 3 1
265 3 265 1
3 265 265 1
265 265 168 1
265 168 168 1
168 168 265 1
168 265 3 1
265 3 168 1
3 168 168 1
168 168 168 1
168 168 3 1
168 3 265 1
3 265 3 1
265 3 168 1
3 168 168 1
168 168 265 1
168 265 3 1
265 3 265 1
3 265 3 1
265 3 265 1
3 265 3 1
265 3 168 1
3 168 168 1
168 168 265 1
168 265 168 1
265 168 168 1
168 168 168 1
168 168 3 1
168 3 265 1
3 265 168 1
265 168 168 1
168 168 168 1
168 168 265 1
168 265 265 1
265 265 3 1
265 3 168 1
3 168 168 1
168 168 265 1
168 265 168 1
265 168 265 1
168 265 265 1
265 265 168 1
265 168 168 1
168 168 168 1
168 168 168 1
168 168 168 1
168 168 168 1
168 168 168 1
168 168 168 1
168 168 168 1
168 168 3 1
168 3 168 1
3 168 168 1
168 168 168 1
168 168 168 1
168 168 168 1
168 168 168 1
168 168 265 1
168 265 168 1
265 168 168 1
168 168 265 1
168 265 3 1
265 3 168 1
3 168 168 1
168 168 265 1
168 265 168 1
265 168 3 1
168 3 265 1
3 265 265 1
265 265 168 1
265 168 168 1
168 168 265 1
168 265 265 1
265 265 265 1
265 265 168 1
265 168 168 1
168 168 168 1
168 168 265 1
168 265 168 1
265 168 168 1
168 168 3 1
168 3 265 1
3 265 3 1
265 3 265 1
3 265 265 1
265 265 3 1
265 3 3 1
3 3 265 1
3 265 168 1
265 168 265 1
168 265 168 1
265 168 3 1
168 3 168 1
3 168 168 1
168 168 265 1
168 265 265 1
265 265 168 1
265 168 168 1
168 168 168 1
168 168 168 1
168 168 168 1
168 168 168 1
168 168 168 1
168 168 168 1
168 168 3 1
168 3 168 1
3 168 265 1
168 265 168 1
265 168 3 1
168 3 168 1
3 168 3 1
168 3 168 1
3 168 168 1
168 168 3 1
168 3 3 1
3 3 265 1
3 265 265 1
265 265 3 1
265 3 168 1
3 168 168 1
168 168 168 1
168 168 168 1
168 168 3 1
168 3 168 1
3 168 168 1
168 168 168 1
168 168 168 1
168 168 168 1
168 168 168 1
168 168 168 1
168 168 3 1
168 3 168 1
3 168 265 1
168 265 265 1
265 265 265 1
265 265 168 1
265 168 168 1
168 168 3 1
168 3 265 1
3 265 265 1
265 265 265 1
265 265 168 1
265 168 168 1
168 168 168 1
168 168 3 1
168 3 265 1
3 265 265 1
265 265 265 1
265 265 265 1
265 265 168 1
265 168 168 1
168 168 168 1
168 168 265 1
168 265 168 1
265 168 168 1
168 168 265 1
168 265 168 1
265 168 168 1
168 168 3 1
168 3 3 1
3 3 3 1
3 3 3 1
3 3 168 1
3 168 168 1
168 168 168 1
168 168 265 1
168 265 168 1
265 168 168 1
168 168 168 1
168 168 168 1
168 168 168 1
168 168 168 1
168 168 3 1
168 3 265 1
3 265 265 1
265 265 265 1
265 265 168 1
265 168 265 1
168 265 168 1
265 168 265 1
168 265 168 1
265 168 168 1
168 168 265 1
168 265 168 1
265 168 168 1
168 168 168 1
168 168 3 1
168 3 168 1
3 168 3 1
168 3 168 1
3 168 265 1
168 265 3 1
265 3 168 1
3 168 168 1
168 168 265 1
168 265 168 1
265 168 168 1
168 168 265 1
168 265 265 1
265 265 3 1
265 3 168 1
3 168 168 1
168 168 265 1
168 265 168 1
265 168 168 1
168 168 3 1
168 3 168 1
3 168 168 1
168 168 168 1
168 168 265 1
168 265 265 1
265 265 168 1
265 168 168 1
168 168 265 1
168 265 168 1
265 168 3 1
168 3 168 1
3 168 3 1
168 3 168 1
3 168 265 1
168 265 168 1
265 168 168 1
168 168 265 1
168 265 3 1
265 3 3 1
3 3 3 1
3 3 168 1
3 168 168 1
168 168 265 1
168 265 168 1
265 168 265 1
168 265 168 1
265 168 168 1
168 168 168 1
168 168 265 1
168 265 265 1
265 265 168 1
265 168 168 1
168 168 3 1
168 3 168 1
3 168 265 1
168 265 168 1
265 168 168 1
168 168 265 1
168 265 3 1
265 3 168 1
3 168 168 1
168 168 168 1
168 168 265 1
168 265 168 1
265 168 265 1
168 265 168 1
265 168 265 1
168 265 168 1
265 168 168 1
168 168 265 1
168 265 265 1
265 265 168 1
265 168 168 1
168 168 265 1
168 265 3 1
265 3 168 1
3 168 168 1
168 168 168 1
168 168 168 1
168 168 168 1
168 168 168 1
168 168 168 1
168 168 168 1
168 168 168 1
168 168 168 1
168 168 168 1
168 168 265 1
168 265 168 1
265 168 265 1
168 265 3 1
265 3 265 1
3 265 168 1
265 168 3 1
168 3 168 1
3 168 168 1
168 168 168 1
168 168 168 1
168 168 168 1
168 168 168 1
168 168 168 1
168 168 265 1
168 265 168 1
265 168 265 1
168 265 3 1
265 3 168 1
3 168 168 1
168 168 168 1
168 168 168 1
168 168 168 1
168 168 168 1
168 168 265 1
168 265 3 1
265 3 168 1
3 168 265 1
168 265 3 1
265 3 168 1
3 168 168 1
168 168 168 1
168 168 168 1
168 168 168 1
168 168 265 1
168 265 168 1
265 168 3 1
168 3 168 1
3 168 265 1
168 265 168 1
265 168 168 1
168 168 168 1
168 168 265 1
168 265 168 1
265 168 168 1
168 168 168 1
168 168 168 1
168 168 168 1
168 168 265 1
168 265 168 1
265 168 168 1
168 168 168 1
168 168 168 1
168 168 168 1
168 168 168 1
168 168 168 1
168 168 168 1
168 168 265 1
168 265 265 1
265 265 168 1
265 168 168 1
168 168 265 1
168 265 3 1
265 3 168 1
3 168 168 1
168 168 265 1
168 265 3 1
265 3 168 1
3 168 168 1
168 168 265 1
168 265 168 1
265 168 265 1
168 265 3 1
265 3 168 1
3 168 168 1
168 168 168 1
168 168 168 1
168 168 168 1
168 168 168 1
168 168 168 1
168 168 265 1
168 265 265 1
265 265 168 1
265 168 168 1
168 168 168 1
168 168 168 1
168 168 265 1
168 265 168 1
265 168 168 1
168 168 168 1
168 168 3 1
168 3 3 1
3 3 265 1
3 265 265 1
265 265 168 1
265 168 3 1
168 3 168 1
3 168 265 1
168 265 168 1
265 168 168 1
168 168 3 1
168 3 168 1
3 168 265 1
168 265 168 1
265 168 265 1
168 265 265 1
265 265 265 1
265 265 3 1
265 3 168 1
3 168 168 1
168 168 168 1
168 168 168 1
168 168 168 1
168 168 168 1
168 168 168 1
168 168 3 1
168 3 168 1
3 168 265 1
168 265 265 1
265 265 265 1
265 265 265 1
265 265 168 1
265 168 168 1
168 168 265 1
168 265 168 1
265 168 168 1
168 168 168 1
168 168 3 1
168 3 168 1
3 168 3 1
168 3 265 1
3 265 265 1
265 265 265 1
265 265 265 1
265 265 168 1
265 168 168 1
168 168 168 1
168 168 168 1
168 168 265 1
168 265 168 1
265 168 3 1
168 3 168 1
3 168 265 1
168 265 168 1
265 168 168 1
168 168 265 1
168 265 168 1
265 168 168 1
168 168 265 1
168 265 265 1
265 265 3 1
265 3 168 1
3 168 3 1
168 3 168 1
3 168 265 1
168 265 3 1
265 3 265 1
3 265 265 1
265 265 265 1
265 265 3 1
265 3 168 1
3 168 3 1
168 3 265 1
3 265 168 1
265 168 168 1
168 168 168 1
168 168 168 1
168 168 168 1
168 168 168 1
168 168 168 1
168 168 168 1
168 168 168 1
168 168 168 1
168 168 168 1
168 168 168 1
168 168 168 1
168 168 168 1
168 168 168 1
168 168 265 1
168 265 168 1
265 168 265 1
168 265 3 1
265 3 3 1
3 3 3 1
3 3 265 1
3 265 168 1
265 168 3 1
168 3 168 1
3 168 3 1
168 3 265 1
3 265 265 1
265 265 168 1
265 168 265 1
168 265 3 1
265 3 265 1
3 265 3 1
265 3 168 1
3 168 168 1
168 168 265 1
168 265 3 1
265 3 168 1
3 168 3 1
168 3 168 1
3 168 3 1
168 3 168 1
3 168 3 1
168 3 265 1
3 265 3 1
265 3 168 1
3 168 265 1
168 265 265 1
265 265 3 1
265 3 265 1
3 265 168 1
265 168 168 1
168 168 265 1
168 265 168 1
265 168 168 1
168 168 168 1
168 168 168 1
168 168 168 1
168 168 168 1
168 168 168 1
168 168 168 1
168 168 168 1
168 168 168 1
168 168 168 1
168 168 168 1
168 168 168 1
168 168 168 1
168 168 168 1
168 168 168 1
168 168 3 1
168 3 168 1
3 168 168 1
168 168 168 1
168 168 168 1
168 168 168 1
168 168 168 1
168 168 265 1
168 265 168 1
265 168 168 1
168 168 3 1
168 3 265 1
3 265 168 1
265 168 168 1
168 168 168 1
168 168 168 1
168 168 3 1
168 3 3 1
3 3 168 1
3 168 168 1
168 168 168 1
168 168 168 1
168 168 168 1
168 168 168 1
168 168 168 1
168 168 168 1
168 168 168 1
168 168 168 1
168 168 3 1
168 3 168 1
3 168 168 1
168 168 168 1
168 168 265 1
168 265 168 1
265 168 3 1
168 3 168 1
3 168 168 1
168 168 3 1
168 3 168 1
3 168 3 1
168 3 168 1
3 168 168 1
168 168 3 1
168 3 168 1
3 168 3 1
168 3 168 1
3 168 3 1
168 3 3 1
3 3 3 1
3 3 168 1
3 168 168 1
168 168 168 1
168 168 168 1
168 168 265 1
168 265 168 1
265 168 3 1
168 3 168 1
3 168 168 1
168 168 3 1
168 3 168 1
3 168 168 1
168 168 265 1
168 265 168 1
265 168 168 1
168 168 168 1
168 168 3 1
168 3 265 1
3 265 168 1
265 168 265 1
168 265 168 1
265 168 168 1
168 168 168 1
168 168 265 1
168 265 265 1
265 265 168 1
265 168 3 1
168 3 168 1
3 168 168 1
168 168 3 1
168 3 265 1
3 265 168 1
265 168 168 1
168 168 265 1
168 265 168 1
265 168 168 1
168 168 168 1
168 168 3 1
168 3 265 1
3 265 3 1
265 3 265 1
3 265 265 1
265 265 168 1
265 168 265 1
168 265 168 1
265 168 168 1
168 168 168 1
168 168 3 1
168 3 265 1
3 265 168 1
265 168 168 1
168 168 168 1
168 168 168 1
168 168 168 1
168 168 168 1
168 168 168 1
168 168 168 1
168 168 265 1
168 265 168 1
265 168 168 1
168 168 168 1
168 168 265 1
168 265 3 1
265 3 168 1
3 168 168 1
168 168 168 1
168 168 168 1
168 168 168 1
168 168 168 1
168 168 168 1
168 168 168 1
168 168 168 1
168 168 168 1
168 168 168 1
168 168 168 1
168 168 168 1
168 168 168 1
168 168 168 1
168 168 168 1
168 168 168 1
168 168 168 1
168 168 168 1
168 168 168 1
168 168 168 1
168 168 168 1
168 168 168 1
168 168 168 1
168 168 168 1
168 168 168 1
168 168 168 1
168 168 168 1
168 168 168 1
168 168 168 1
168 168 168 1
168 168 168 1
168 168 265 1
168 265 3 1
265 3 3 1
3 3 265 1
3 265 3 1
265 3 3 1
3 3 265 1
3 265 3 1
265 3 265 1
3 265 265 1
265 265 265 1
265 265 3 1
265 3 3 1
3 3 265 1
3 265 168 1
265 168 3 1
168 3 168 1
3 168 168 1
168 168 265 1
168 265 168 1
265 168 265 1
168 265 168 1
265 168 168 1
168 168 168 1
168 168 168 1
168 168 168 1
168 168 168 1
168 168 168 1
168 168 3 1
168 3 3 1
3 3 265 1
3 265 168 1
265 168 168 1
168 168 168 1
168 168 168 1
168 168 168 1
168 168 168 1
168 168 265 1
168 265 168 1
265 168 168 1
168 168 168 1
168 168 265 1
168 265 3 1
265 3 168 1
3 168 265 1
168 265 3 1
265 3 265 1
3 265 265 1
265 265 3 1
265 3 168 1
3 168 168 1
168 168 168 1
168 168 265 1
168 265 3 1
265 3 265 1
3 265 265 1
265 265 265 1
265 265 168 1
265 168 168 1
168 168 168 1
168 168 168 1
168 168 168 1
168 168 168 1
168 168 168 1
168 168 168 1
168 168 265 1
168 265 168 1
265 168 168 1
168 168 168 1
168 168 168 1
168 168 3 1
168 3 168 1
3 168 168 1
168 168 168 1
168 168 168 1
168 168 265 1
168 265 168 1
265 168 168 1
168 168 265 1
168 265 168 1
265 168 3 1
168 3 3 1
3 3 168 1
3 168 265 1
168 265 168 1
265 168 168 1
168 168 265 1
168 265 168 1
265 168 168 1
168 168 168 1
168 168 168 1
168 168 168 1
168 168 168 1
168 168 168 1
168 168 168 1
168 168 168 1
168 168 168 1
168 168 168 1
168 168 168 1
168 168 168 1
168 168 168 1
168 168 3 1
168 3 168 1
3 168 168 1
168 168 168 1
168 168 168 1
168 168 168 1
168 168 168 1
168 168 3 1
168 3 265 1
3 265 265 1
265 265 3 1
265 3 265 1
3 265 168 1
265 168 168 1
168 168 265 1
168 265 168 1
265 168 265 1
168 265 168 1
265 168 265 1
168 265 3 1
265 3 168 1
3 168 265 1
168 265 168 1
265 168 3 1
168 3 168 1
3 168 168 1
168 168 168 1
168 168 265 1
168 265 265 1
265 265 168 1
265 168 265 1
168 265 265 1
265 265 3 1
265 3 168 1
3 168 168 1
168 168 265 1
168 265 168 1
265 168 3 1
168 3 265 1
3 265 265 1
265 265 168 1
265 168 3 1
168 3 265 1
3 265 265 1
265 265 265 1
265 265 168 1
265 168 3 1
168 3 168 1
3 168 168 1
168 168 168 1
168 168 168 1
168 168 265 1
168 265 265 1
265 265 3 1
265 3 168 1
3 168 265 1
168 265 265 1
265 265 168 1
265 168 265 1
168 265 265 1
265 265 3 1
265 3 168 1
3 168 168 1
168 168 3 1
168 3 168 1
3 168 168 1
168 168 168 1
168 168 265 1
168 265 3 1
265 3 3 1
3 3 265 1
3 265 168 1
265 168 265 1
168 265 168 1
265 168 3 1
168 3 265 1
3 265 168 1
265 168 265 1
168 265 265 1
265 265 168 1
265 168 3 1
168 3 168 1
3 168 265 1
168 265 168 1
265 168 168 1
168 168 168 1
168 168 265 1
168 265 168 1
265 168 168 1
168 168 265 1
168 265 265 1
265 265 168 1
265 168 3 1
168 3 3 1
3 3 265 1
3 265 3 1
265 3 265 1
3 265 168 1
265 168 265 1
168 265 168 1
265 168 168 1
168 168 3 1
168 3 265 1
3 265 168 1
265 168 3 1
168 3 3 1
3 3 3 1
3 3 168 1
3 168 168 1
168 168 168 1
168 168 168 1
168 168 168 1
168 168 3 1
168 3 168 1
3 168 168 1
168 168 168 1
168 168 168 1
168 168 3 1
168 3 3 1
3 3 168 1
3 168 265 1
168 265 168 1
265 168 168 1
168 168 3 1
168 3 168 1
3 168 168 1
168 168 265 1
168 265 168 1
265 168 265 1
168 265 168 1
265 168 265 1
168 265 3 1
265 3 168 1
3 168 168 1
168 168 168 1
168 168 3 1
168 3 265 1
3 265 168 1
265 168 168 1
168 168 168 1
168 168 3 1
168 3 168 1
3 168 168 1
168 168 3 1
168 3 168 1
3 168 168 1
168 168 168 1
168 168 168 1
168 168 168 1
168 168 265 1
168 265 265 1
265 265 168 1
265 168 168 1
168 168 265 1
168 265 168 1
265 168 265 1
168 265 168 1
265 168 168 1
168 168 168 1
168 168 168 1
168 168 168 1
168 168 265 1
168 265 168 1
265 168 265 1
168 265 168 1
265 168 168 1
168 168 168 1
168 168 3 1
168 3 168 1
3 168 3 1
168 3 168 1
3 168 168 1
168 168 168 1
168 168 265 1
168 265 3 1
265 3 168 1
3 168 265 1
168 265 265 1
265 265 265 1
265 265 3 1
265 3 168 1
3 168 168 1
168 168 168 1
168 168 168 1
168 168 265 1
168 265 3 1
265 3 168 1
3 168 168 1
168 168 168 1
168 168 265 1
168 265 265 1
265 265 168 1
265 168 168 1
168 168 265 1
168 265 3 1
265 3 265 1
3 265 168 1
265 168 168 1
168 168 265 1
168 265 168 1
265 168 168 1
168 168 265 1
168 265 3 1
265 3 3 1
3 3 265 1
3 265 168 1
265 168 3 1
168 3 168 1
3 168 3 1
168 3 168 1
3 168 168 1
168 168 265 1
168 265 168 1
265 168 3 1
168 3 168 1
3 168 265 1
168 265 3 1
265 3 265 1
3 265 3 1
265 3 168 1
3 168 3 1
168 3 168 1
3 168 168 1
168 168 265 1
168 265 265 1
265 265 168 1
265 168 3 1
168 3 3 1
3 3 3 1
3 3 168 1
3 168 265 1
168 265 265 1
265 265 3 1
265 3 265 1
3 265 3 1
265 3 168 1
3 168 265 1
168 265 168 1
265 168 168 1
168 168 265 1
168 265 168 1
265 168 168 1
168 168 168 1
168 168 3 1
168 3 265 1
3 265 265 1
265 265 3 1
265 3 265 1
3 265 3 1
265 3 168 1
3 168 265 1
168 265 265 1
265 265 265 1
265 265 168 1
265 168 265 1
168 265 3 1
265 3 168 1
3 168 3 1
168 3 168 1
3 168 265 1
168 265 168 1
265 168 3 1
168 3 168 1
3 168 168 1
168 168 168 1
168 168 3 1
168 3 168 1
3 168 168 1
168 168 168 1
168 168 168 1
168 168 168 1
168 168 265 1
168 265 168 1
265 168 168 1
168 168 168 1
168 168 265 1
168 265 265 1
265 265 168 1
265 168 168 1
168 168 168 1
168 168 3 1
168 3 168 1
3 168 265 1
168 265 3 1
265 3 265 1
3 265 168 1
265 168 168 1
168 168 168 1
168 168 265 1
168 265 168 1
265 168 265 1
168 265 265 1
265 265 168 1
265 168 168 1
168 168 168 1
168 168 265 1
168 265 168 1
265 168 168 1
168 168 265 1
168 265 168 1
265 168 168 1
168 168 265 1
168 265 3 1
265 3 265 1
3 265 168 1
265 168 168 1
168 168 265 1
168 265 265 1
265 265 265 1
265 265 168 1
265 168 168 1
168 168 3 1
168 3 168 1
3 168 168 1
168 168 168 1
168 168 265 1
168 265 168 1
265 168 3 1
168 3 265 1
3 265 168 1
265 168 168 1
168 168 265 1
168 265 168 1
265 168 3 1
new
175 174 174 1
174 174 174 1
174 174 57 1
174 57 175 1
57 175 54 1
175 54 175 1
54 175 6 1
175 6 3 1
6 3 6 1
3 6 174 1
6 174 174 1
174 174 174 1
174 174 174 1
174 174 174 1
174 174 174 1
174 174 174 1
174 174 174 1
174 174 174 1
174 174 174 1
174 174 174 1
174 174 174 1
174 174 174 1
174 174 174 1
174 174 174 1
174 174 174 1
174 174 174 1
174 174 174 1
174 174 174 1
174 174 11 1
174 11 45 1
11 45 33 1
45 33 192 1
33 192 33 1
192 33 5 1
33 5 197 1
5 197 192 1
197 192 6 1
192 6 33 1
6 33 5 1
33 5 3 1
5 3 197 1
3 197 192 1
197 192 192 1
192 192 6 1
192 6 33 1
6 33 5 1
33 5 3 1
5 3 197 1
3 197 192 1
197 192 192 1
192 192 6 1
192 6 33 1
6 33 5 1
33 5 3 1
5 3 197 1
3 197 192 1
197 192 192 1
192 192 192 1
192 192 6 1
192 6 33 1
6 33 5 1
33 5 3 1
5 3 197 1
3 197 192 1
197 192 192 1
192 192 192 1
192 192 6 1
192 6 33 1
6 33 5 1
33 5 3 1
5 3 197 1
3 197 192 1
197 192 192 1
192 192 6 1
192 6 33 1
6 33 5 1
33 5 3 1
5 3 197 1
3 197 192 1
197 192 192 1
192 192 192 1
192 192 6 1
192 6 33 1
6 33 5 1
33 5 3 1
5 3 197 1
3 197 192 1
197 192 192 1
192 192 6 1
192 6 192 1
6 192 192 1
192 192 243 1
192 243 125 1
243 125 125 1
125 125 125 1
125 125 125 1
125 125 125 1
125 125 125 1
125 125 125 1
125 125 125 1
125 125 125 1
125 125 91 1
125 91 258 1
91 258 311 1
258 311 240 1
311 240 240 1
240 240 174 1
240 174 174 1
174 174 175 1
174 175 191 1
175 191 122 1
191 122 268 1
122 268 45 1
268 45 45 1
45 45 5 1
45 5 197 1
5 197 192 1
197 192 3 1
192 3 3 1
3 3 6 1
3 6 91 1
6 91 5 1
91 5 197 1
5 197 192 1
197 192 192 1
192 192 6 1
192 6 54 1
6 54 54 1
54 54 54 1
54 54 54 1
54 54 174 1
54 174 174 1
174 174 174 1
174 174 174 1
174 174 174 1
174 174 174 1
174 174 174 1
174 174 174 1
174 174 174 1
174 174 174 1
174 174 174 1
174 174 174 1
174 174 174 1
174 174 174 1
174 174 174 1
174 174 174 1
174 174 174 1
174 174 174 1
174 174 174 1
174 174 174 1
new
142 7 7 1
7 7 142 1
7 142 142 1
142 142 142 1
142 142 142 1
142 142 7 1
142 7 142 1
7 142 142 1
142 142 142 1
142 142 142 1
142 142 7 1
142 7 142 1
7 142 142 1
142 142 142 1
142 142 7 1
142 7 142 1
7 142 142 1
142 142 142 1
142 142 142 1
142 142 142 1
142 142 7 1
142 7 142 1
7 142 142 1
142 142 142 1
142 142 7 1
142 7 7 1
7 7 142 1
7 142 7 1
142 7 142 1
7 142 142 1
142 142 7 1
142 7 142 1
7 142 7 1
142 7 142 1
7 142 7 1
142 7 7 1
7 7 7 1
7 7 142 1
7 142 7 1
142 7 142 1
7 142 142 1
142 142 142 1
142 142 142 1
142 142 142 1
142 142 142 1
142 142 7 1
142 7 7 1
7 7 142 1
7 142 142 1
142 142 7 1
142 7 7 1
7 7 142 1
7 142 7 1
142 7 7 1
7 7 142 1
7 142 142 1
142 142 142 1
142 142 142 1
142 142 142 1
142 142 142 1
142 142 142 1
142 142 142 1
142 142 7 1
142 7 142 1
7 142 142 1
142 142 142 1
142 142 142 1
142 142 7 1
142 7 142 1
7 142 142 1
142 142 142 1
142 142 7 1
142 7 7 1
7 7 7 1
7 7 142 1
7 142 142 1
142 142 7 1
142 7 142 1
7 142 142 1
142 142 7 1
142 7 142 1
7 142 142 1
142 142 142 1
142 142 142 1
142 142 7 1
142 7 7 1
7 7 142 1
7 142 7 1
142 7 142 1
new
