168 265 265 1
265 265 168 1
265 168 265 1
168 265 265 1
265 265 265 1
265 265 168 1
265 168 168 1
168 168 265 1
168 265 43 1
265 43 3 1
43 3 3 1
3 3 3 1
3 3 265 1
3 265 168 1
265 168 195 1
168 195 265 1
195 265 265 1
265 265 3 1
265 3 265 1
3 265 168 1
265 168 168 1
168 168 265 1
168 265 168 1
265 168 265 1
168 265 265 1
265 265 3 1
265 3 168 1
3 168 43 1
168 43 265 1
43 265 265 1
265 265 168 1
265 168 168 1
168 168 168 1
168 168 168 1
168 168 265 1
168 265 3 1
265 3 168 1
3 168 3 1
168 3 3 1
3 3 3 1
3 3 3 1
3 3 3 1
3 3 43 1
3 43 265 1
43 265 265 1
265 265 168 1
265 168 43 1
168 43 265 1
43 265 265 1
265 265 3 1
265 3 168 1
3 168 265 1
168 265 265 1
265 265 265 1
265 265 3 1
265 3 3 1
3 3 3 1
3 3 3 1
3 3 265 1
3 265 168 1
265 168 168 1
168 168 340 1
168 340 265 1
340 265 3 1
265 3 265 1
3 265 43 1
265 43 265 1
43 265 3 1
265 3 265 1
3 265 3 1
265 3 3 1
3 3 265 1
3 265 265 1
265 265 265 1
265 265 168 1
265 168 3 1
168 3 43 1
3 43 265 1
43 265 3 1
265 3 168 1
3 168 43 1
168 43 265 1
43 265 3 1
265 3 265 1
3 265 265 1
265 265 168 1
265 168 3 1
168 3 3 1
3 3 265 1
3 265 265 1
265 265 168 1
265 168 43 1
168 43 43 1
43 43 43 1
43 43 3 1
43 3 265 1
3 265 43 1
265 43 3 1
43 3 265 1
3 265 265 1
265 265 168 1
265 168 168 1
168 168 168 1
168 168 168 1
168 168 265 1
168 265 265 1
265 265 265 1
265 265 265 1
265 265 43 1
265 43 3 1
43 3 3 1
3 3 3 1
3 3 168 1
3 168 265 1
168 265 3 1
265 3 168 1
3 168 3 1
168 3 3 1
3 3 3 1
3 3 43 1
3 43 168 1
43 168 168 1
168 168 3 1
168 3 3 1
3 3 265 1
3 265 265 1
265 265 43 1
265 43 168 1
43 168 3 1
168 3 265 1
3 265 265 1
265 265 168 1
265 168 3 1
168 3 3 1
3 3 168 1
3 168 168 1
168 168 3 1
168 3 265 1
3 265 265 1
265 265 265 1
265 265 265 1
265 265 195 1
265 195 3 1
195 3 3 1
3 3 265 1
3 265 3 1
265 3 3 1
3 3 265 1
3 265 3 1
265 3 168 1
3 168 265 1
168 265 168 1
265 168 265 1
168 265 168 1
265 168 265 1
168 265 265 1
265 265 168 1
265 168 3 1
168 3 265 1
3 265 43 1
265 43 3 1
43 3 3 1
3 3 168 1
3 168 3 1
168 3 265 1
3 265 168 1
265 168 265 1
168 265 168 1
265 168 43 1
168 43 265 1
43 265 168 1
265 168 168 1
168 168 168 1
168 168 168 1
168 168 168 1
168 168 43 1
168 43 168 1
43 168 43 1
168 43 168 1
43 168 43 1
168 43 168 1
43 168 168 1
168 168 43 1
168 43 168 1
43 168 265 1
168 265 168 1
265 168 3 1
168 3 265 1
3 265 168 1
265 168 168 1
168 168 168 1
168 168 168 1
168 168 265 1
168 265 43 1
265 43 3 1
43 3 265 1
3 265 43 1
265 43 265 1
43 265 168 1
265 168 265 1
168 265 168 1
265 168 43 1
168 43 3 1
43 3 168 1
3 168 3 1
168 3 3 1
3 3 3 1
3 3 265 1
3 265 168 1
265 168 168 1
168 168 168 1
168 168 3 1
168 3 168 1
3 168 168 1
168 168 265 1
168 265 265 1
265 265 265 1
265 265 265 1
265 265 3 1
265 3 168 1
3 168 265 1
168 265 168 1
265 168 265 1
168 265 265 1
265 265 168 1
265 168 168 1
168 168 168 1
168 168 168 1
168 168 168 1
168 168 3 1
168 3 168 1
3 168 168 1
168 168 265 1
168 265 168 1
265 168 168 1
168 168 265 1
168 265 265 1
265 265 43 1
265 43 3 1
43 3 265 1
3 265 3 1
265 3 265 1
3 265 43 1
265 43 43 1
43 43 3 1
43 3 168 1
3 168 265 1
168 265 3 1
265 3 168 1
3 168 265 1
168 265 168 1
265 168 265 1
168 265 265 1
265 265 265 1
265 265 3 1
265 3 265 1
3 265 265 1
265 265 265 1
265 265 43 1
265 43 3 1
43 3 265 1
3 265 3 1
265 3 3 1
3 3 168 1
3 168 168 1
168 168 168 1
168 168 168 1
168 168 168 1
168 168 265 1
168 265 3 1
265 3 3 1
3 3 265 1
3 265 265 1
265 265 265 1
265 265 3 1
265 3 168 1
3 168 43 1
168 43 3 1
43 3 43 1
3 43 3 1
43 3 265 1
3 265 265 1
265 265 168 1
265 168 168 1
168 168 3 1
168 3 168 1
3 168 3 1
168 3 3 1
3 3 265 1
3 265 3 1
265 3 168 1
3 168 3 1
168 3 265 1
3 265 3 1
265 3 265 1
3 265 43 1
265 43 3 1
43 3 168 1
3 168 168 1
168 168 168 1
168 168 265 1
168 265 43 1
265 43 3 1
43 3 265 1
3 265 3 1
265 3 3 1
3 3 168 1
3 168 265 1
168 265 168 1
265 168 3 1
168 3 3 1
3 3 168 1
3 168 265 1
168 265 168 1
265 168 168 1
168 168 265 1
168 265 265 1
265 265 3 1
265 3 168 1
3 168 3 1
168 3 43 1
3 43 168 1
43 168 3 1
168 3 43 1
3 43 265 1
43 265 265 1
265 265 265 1
265 265 168 1
265 168 3 1
168 3 3 1
3 3 265 1
3 265 3 1
265 3 168 1
3 168 3 1
168 3 3 1
3 3 3 1
3 3 3 1
3 3 168 1
3 168 3 1
168 3 168 1
3 168 265 1
168 265 3 1
265 3 168 1
3 168 168 1
168 168 3 1
168 3 265 1
3 265 168 1
265 168 168 1
168 168 265 1
168 265 168 1
265 168 3 1
168 3 168 1
3 168 168 1
168 168 168 1
168 168 168 1
168 168 168 1
168 168 168 1
168 168 3 1
168 3 168 1
3 168 3 1
168 3 265 1
3 265 3 1
265 3 168 1
3 168 168 1
168 168 168 1
168 168 168 1
168 168 265 1
168 265 265 1
265 265 168 1
265 168 265 1
168 265 265 1
265 265 265 1
265 265 265 1
265 265 168 1
265 168 168 1
168 168 340 1
168 340 43 1
340 43 3 1
43 3 168 1
3 168 168 1
168 168 168 1
168 168 3 1
168 3 168 1
3 168 168 1
168 168 168 1
168 168 3 1
168 3 43 1
3 43 265 1
43 265 3 1
265 3 3 1
3 3 168 1
3 168 3 1
168 3 168 1
3 168 168 1
168 168 265 1
168 265 265 1
265 265 265 1
265 265 265 1
265 265 168 1
265 168 3 1
168 3 3 1
3 3 265 1
3 265 168 1
265 168 265 1
168 265 168 1
265 168 168 1
168 168 168 1
168 168 168 1
168 168 168 1
168 168 168 1
168 168 3 1
168 3 168 1
3 168 168 1
168 168 168 1
168 168 43 1
168 43 168 1
43 168 265 1
168 265 168 1
265 168 265 1
168 265 168 1
265 168 168 1
168 168 265 1
168 265 265 1
265 265 168 1
265 168 265 1
168 265 168 1
265 168 265 1
168 265 168 1
265 168 168 1
168 168 168 1
168 168 3 1
168 3 3 1
3 3 265 1
3 265 265 1
265 265 168 1
265 168 3 1
168 3 168 1
3 168 265 1
168 265 43 1
265 43 168 1
43 168 168 1
168 168 168 1
168 168 3 1
168 3 168 1
3 168 168 1
168 168 168 1
168 168 168 1
168 168 43 1
168 43 3 1
43 3 43 1
3 43 43 1
43 43 265 1
43 265 168 1
265 168 3 1
168 3 43 1
3 43 43 1
43 43 43 1
43 43 43 1
43 43 168 1
43 168 43 1
168 43 265 1
43 265 168 1
265 168 168 1
168 168 168 1
168 168 168 1
168 168 265 1
168 265 168 1
265 168 265 1
168 265 168 1
265 168 265 1
168 265 265 1
265 265 3 1
265 3 168 1
3 168 340 1
168 340 168 1
340 168 3 1
168 3 168 1
3 168 168 1
168 168 168 1
168 168 168 1
168 168 168 1
168 168 43 1
168 43 168 1
43 168 168 1
168 168 3 1
168 3 265 1
3 265 43 1
265 43 3 1
43 3 43 1
3 43 3 1
43 3 168 1
3 168 168 1
168 168 265 1
168 265 168 1
265 168 265 1
168 265 43 1
265 43 3 1
43 3 265 1
3 265 43 1
265 43 168 1
43 168 43 1
168 43 43 1
43 43 168 1
43 168 43 1
168 43 43 1
43 43 3 1
43 3 168 1
3 168 265 1
168 265 3 1
265 3 168 1
3 168 168 1
168 168 168 1
168 168 168 1
168 168 168 1
168 168 168 1
168 168 168 1
168 168 168 1
168 168 168 1
168 168 168 1
168 168 265 1
168 265 3 1
265 3 3 1
3 3 168 1
3 168 168 1
168 168 168 1
168 168 265 1
168 265 168 1
265 168 265 1
168 265 3 1
265 3 43 1
3 43 265 1
43 265 265 1
265 265 168 1
265 168 3 1
168 3 3 1
3 3 3 1
3 3 168 1
3 168 168 1
168 168 168 1
168 168 265 1
168 265 43 1
265 43 3 1
43 3 168 1
3 168 168 1
168 168 168 1
168 168 168 1
168 168 168 1
168 168 43 1
168 43 168 1
43 168 168 1
168 168 168 1
168 168 265 1
168 265 3 1
265 3 43 1
3 43 265 1
43 265 3 1
265 3 265 1
3 265 168 1
265 168 168 1
168 168 3 1
168 3 3 1
3 3 3 1
3 3 168 1
3 168 168 1
168 168 265 1
168 265 3 1
265 3 3 1
3 3 265 1
3 265 168 1
265 168 3 1
168 3 168 1
3 168 265 1
168 265 168 1
265 168 168 1
168 168 3 1
168 3 168 1
3 168 265 1
168 265 168 1
265 168 168 1
168 168 3 1
168 3 265 1
3 265 265 1
265 265 265 1
265 265 265 1
265 265 3 1
265 3 168 1
3 168 168 1
168 168 3 1
168 3 265 1
3 265 168 1
265 168 168 1
168 168 168 1
168 168 168 1
168 168 168 1
168 168 168 1
168 168 43 1
168 43 43 1
43 43 168 1
43 168 3 1
168 3 168 1
3 168 3 1
168 3 265 1
3 265 3 1
265 3 168 1
3 168 265 1
168 265 43 1
265 43 3 1
43 3 265 1
3 265 43 1
265 43 43 1
43 43 265 1
43 265 168 1
265 168 3 1
168 3 168 1
3 168 340 1
168 340 168 1
340 168 168 1
168 168 265 1
168 265 168 1
265 168 265 1
168 265 168 1
265 168 168 1
168 168 265 1
168 265 168 1
265 168 265 1
168 265 3 1
265 3 168 1
3 168 3 1
168 3 168 1
3 168 168 1
168 168 195 1
168 195 3 1
195 3 3 1
3 3 168 1
3 168 168 1
168 168 3 1
168 3 168 1
3 168 168 1
168 168 168 1
168 168 168 1
168 168 168 1
168 168 168 1
168 168 168 1
168 168 168 1
168 168 168 1
168 168 168 1
168 168 168 1
168 168 168 1
168 168 168 1
168 168 3 1
168 3 3 1
3 3 3 1
3 3 265 1
3 265 168 1
265 168 3 1
168 3 3 1
3 3 265 1
3 265 168 1
265 168 3 1
168 3 168 1
3 168 168 1
168 168 168 1
168 168 265 1
168 265 168 1
265 168 168 1
168 168 168 1
168 168 265 1
168 265 168 1
265 168 3 1
168 3 265 1
3 265 340 1
265 340 168 1
340 168 3 1
168 3 265 1
3 265 168 1
265 168 265 1
168 265 168 1
265 168 168 1
168 168 265 1
168 265 168 1
265 168 168 1
168 168 168 1
168 168 265 1
168 265 168 1
265 168 265 1
168 265 265 1
265 265 168 1
265 168 168 1
168 168 265 1
168 265 265 1
265 265 168 1
265 168 265 1
168 265 3 1
265 3 265 1
3 265 168 1
265 168 265 1
168 265 265 1
265 265 43 1
265 43 265 1
43 265 265 1
265 265 265 1
265 265 3 1
265 3 168 1
3 168 3 1
168 3 168 1
3 168 265 1
168 265 265 1
265 265 43 1
265 43 168 1
43 168 168 1
168 168 168 1
168 168 265 1
168 265 265 1
265 265 265 1
265 265 168 1
265 168 3 1
168 3 3 1
3 3 3 1
3 3 3 1
3 3 265 1
3 265 168 1
265 168 265 1
168 265 3 1
265 3 3 1
3 3 265 1
3 265 168 1
265 168 3 1
168 3 265 1
3 265 3 1
265 3 168 1
3 168 3 1
168 3 168 1
3 168 168 1
168 168 43 1
168 43 265 1
43 265 168 1
265 168 168 1
168 168 265 1
168 265 43 1
265 43 3 1
43 3 265 1
3 265 168 1
265 168 168 1
168 168 168 1
168 168 3 1
168 3 265 1
3 265 3 1
265 3 168 1
3 168 168 1
168 168 168 1
168 168 168 1
168 168 168 1
168 168 3 1
168 3 3 1
3 3 265 1
3 265 43 1
265 43 3 1
43 3 168 1
3 168 3 1
168 3 168 1
3 168 265 1
168 265 168 1
265 168 3 1
168 3 168 1
3 168 3 1
168 3 168 1
3 168 265 1
168 265 168 1
265 168 265 1
168 265 168 1
265 168 168 1
168 168 265 1
168 265 168 1
265 168 168 1
168 168 168 1
168 168 265 1
168 265 168 1
265 168 265 1
168 265 168 1
265 168 168 1
168 168 168 1
168 168 168 1
168 168 3 1
168 3 168 1
3 168 265 1
168 265 43 1
265 43 3 1
43 3 265 1
3 265 3 1
265 3 265 1
3 265 265 1
265 265 265 1
265 265 168 1
265 168 3 1
168 3 3 1
3 3 3 1
3 3 168 1
3 168 43 1
168 43 168 1
43 168 168 1
168 168 168 1
168 168 340 1
168 340 168 1
340 168 265 1
168 265 265 1
265 265 265 1
265 265 3 1
265 3 3 1
3 3 3 1
3 3 265 1
3 265 3 1
265 3 265 1
3 265 265 1
265 265 3 1
265 3 265 1
3 265 265 1
265 265 168 1
265 168 43 1
168 43 168 1
43 168 168 1
168 168 168 1
168 168 168 1
168 168 43 1
168 43 265 1
43 265 168 1
265 168 265 1
168 265 3 1
265 3 265 1
3 265 3 1
265 3 265 1
3 265 3 1
265 3 168 1
3 168 168 1
168 168 3 1
168 3 43 1
3 43 3 1
43 3 168 1
3 168 265 1
168 265 3 1
265 3 168 1
3 168 168 1
168 168 168 1
168 168 3 1
168 3 3 1
3 3 168 1
3 168 168 1
168 168 265 1
168 265 265 1
265 265 43 1
265 43 265 1
43 265 168 1
265 168 265 1
168 265 43 1
265 43 43 1
43 43 3 1
43 3 3 1
3 3 168 1
3 168 3 1
168 3 168 1
3 168 168 1
168 168 3 1
168 3 168 1
3 168 43 1
168 43 168 1
43 168 3 1
168 3 265 1
3 265 195 1
265 195 43 1
195 43 168 1
43 168 3 1
168 3 265 1
3 265 265 1
265 265 265 1
265 265 265 1
265 265 265 1
265 265 168 1
265 168 265 1
168 265 43 1
265 43 168 1
43 168 265 1
168 265 265 1
265 265 3 1
265 3 265 1
3 265 3 1
265 3 43 1
3 43 265 1
43 265 168 1
265 168 168 1
168 168 3 1
168 3 3 1
3 3 168 1
3 168 3 1
168 3 168 1
3 168 43 1
168 43 43 1
43 43 3 1
43 3 265 1
3 265 168 1
265 168 3 1
168 3 168 1
3 168 265 1
168 265 168 1
265 168 168 1
168 168 265 1
168 265 265 1
265 265 265 1
265 265 43 1
265 43 265 1
43 265 265 1
265 265 168 1
265 168 168 1
168 168 3 1
168 3 265 1
3 265 3 1
265 3 265 1
3 265 168 1
265 168 168 1
168 168 168 1
168 168 265 1
168 265 43 1
265 43 3 1
43 3 168 1
3 168 3 1
168 3 168 1
3 168 3 1
168 3 3 1
3 3 265 1
3 265 43 1
265 43 168 1
43 168 43 1
168 43 265 1
43 265 3 1
265 3 265 1
3 265 43 1
265 43 168 1
43 168 265 1
168 265 168 1
265 168 265 1
168 265 265 1
265 265 168 1
265 168 3 1
168 3 168 1
3 168 168 1
168 168 168 1
168 168 3 1
168 3 168 1
3 168 168 1
168 168 168 1
168 168 43 1
168 43 3 1
43 3 168 1
3 168 3 1
168 3 3 1
3 3 43 1
3 43 265 1
43 265 265 1
265 265 3 1
265 3 3 1
3 3 168 1
3 168 43 1
168 43 265 1
43 265 168 1
265 168 168 1
168 168 168 1
168 168 168 1
168 168 168 1
168 168 168 1
168 168 3 1
168 3 168 1
3 168 168 1
168 168 43 1
168 43 3 1
43 3 168 1
3 168 265 1
168 265 3 1
265 3 3 1
3 3 3 1
3 3 168 1
3 168 265 1
168 265 265 1
265 265 168 1
265 168 265 1
168 265 265 1
265 265 168 1
265 168 168 1
168 168 43 1
168 43 265 1
43 265 3 1
265 3 3 1
3 3 43 1
3 43 3 1
43 3 168 1
3 168 168 1
168 168 265 1
168 265 3 1
265 3 265 1
3 265 265 1
265 265 168 1
265 168 265 1
168 265 265 1
265 265 3 1
265 3 168 1
3 168 168 1
168 168 168 1
168 168 168 1
168 168 43 1
168 43 43 1
43 43 3 1
43 3 168 1
3 168 168 1
168 168 265 1
168 265 168 1
265 168 168 1
168 168 168 1
168 168 168 1
168 168 3 1
168 3 43 1
3 43 265 1
43 265 265 1
265 265 265 1
265 265 3 1
265 3 265 1
3 265 168 1
265 168 3 1
168 3 168 1
3 168 3 1
168 3 195 1
3 195 340 1
195 340 168 1
340 168 168 1
168 168 3 1
168 3 3 1
3 3 265 1
3 265 265 1
265 265 168 1
265 168 265 1
168 265 3 1
265 3 43 1
3 43 265 1
43 265 3 1
265 3 168 1
3 168 168 1
168 168 265 1
168 265 168 1
265 168 168 1
168 168 3 1
168 3 3 1
3 3 340 1
3 340 168 1
340 168 265 1
168 265 168 1
265 168 3 1
168 3 3 1
3 3 3 1
3 3 168 1
3 168 265 1
168 265 168 1
265 168 168 1
168 168 168 1
168 168 168 1
168 168 168 1
168 168 168 1
168 168 168 1
168 168 168 1
168 168 168 1
168 168 168 1
168 168 3 1
168 3 168 1
3 168 265 1
168 265 168 1
265 168 265 1
168 265 43 1
265 43 3 1
43 3 265 1
3 265 43 1
265 43 168 1
43 168 3 1
168 3 265 1
3 265 168 1
265 168 265 1
168 265 168 1
265 168 265 1
168 265 168 1
265 168 3 1
168 3 265 1
3 265 265 1
265 265 43 1
265 43 168 1
43 168 265 1
168 265 43 1
265 43 3 1
43 3 265 1
3 265 43 1
265 43 168 1
43 168 168 1
168 168 168 1
168 168 168 1
168 168 168 1
168 168 265 1
168 265 43 1
265 43 3 1
43 3 265 1
3 265 43 1
265 43 168 1
43 168 3 1
168 3 168 1
3 168 168 1
168 168 168 1
168 168 43 1
168 43 265 1
43 265 168 1
265 168 168 1
168 168 43 1
168 43 168 1
43 168 168 1
168 168 168 1
168 168 168 1
168 168 168 1
168 168 265 1
168 265 265 1
265 265 3 1
265 3 168 1
3 168 168 1
168 168 168 1
168 168 265 1
168 265 168 1
265 168 3 1
168 3 168 1
3 168 3 1
168 3 3 1
3 3 3 1
3 3 265 1
3 265 168 1
265 168 3 1
168 3 168 1
3 168 168 1
168 168 265 1
168 265 265 1
265 265 265 1
265 265 265 1
265 265 43 1
265 43 340 1
43 340 168 1
340 168 43 1
168 43 265 1
43 265 265 1
265 265 3 1
265 3 168 1
3 168 168 1
168 168 3 1
168 3 168 1
3 168 3 1
168 3 168 1
3 168 265 1
168 265 265 1
265 265 43 1
265 43 168 1
43 168 168 1
168 168 265 1
168 265 265 1
265 265 3 1
265 3 265 1
3 265 3 1
265 3 168 1
3 168 265 1
168 265 265 1
265 265 3 1
265 3 3 1
3 3 168 1
3 168 265 1
168 265 43 1
265 43 3 1
43 3 265 1
3 265 43 1
265 43 265 1
43 265 265 1
265 265 3 1
265 3 168 1
3 168 265 1
168 265 168 1
265 168 168 1
168 168 265 1
168 265 265 1
265 265 43 1
265 43 265 1
43 265 168 1
265 168 265 1
168 265 168 1
265 168 3 1
168 3 168 1
3 168 43 1
168 43 168 1
43 168 265 1
168 265 3 1
265 3 168 1
3 168 265 1
168 265 168 1
265 168 3 1
168 3 168 1
3 168 3 1
168 3 168 1
3 168 265 1
168 265 265 1
265 265 168 1
265 168 43 1
168 43 3 1
43 3 168 1
3 168 265 1
168 265 3 1
265 3 168 1
3 168 265 1
168 265 168 1
265 168 265 1
168 265 43 1
265 43 3 1
43 3 168 1
3 168 3 1
168 3 3 1
3 3 265 1
3 265 168 1
265 168 265 1
168 265 3 1
265 3 168 1
3 168 168 1
168 168 43 1
168 43 265 1
43 265 43 1
265 43 265 1
43 265 265 1
265 265 43 1
265 43 265 1
43 265 168 1
265 168 168 1
168 168 3 1
168 3 168 1
3 168 168 1
168 168 168 1
168 168 168 1
168 168 265 1
168 265 168 1
265 168 3 1
168 3 168 1
3 168 168 1
168 168 168 1
168 168 3 1
168 3 168 1
3 168 3 1
168 3 168 1
3 168 3 1
168 3 168 1
3 168 265 1
168 265 265 1
265 265 168 1
265 168 168 1
168 168 168 1
168 168 3 1
168 3 195 1
3 195 265 1
195 265 168 1
265 168 265 1
168 265 3 1
265 3 168 1
3 168 43 1
168 43 265 1
43 265 168 1
265 168 3 1
168 3 168 1
3 168 3 1
168 3 168 1
3 168 265 1
168 265 168 1
265 168 265 1
168 265 43 1
265 43 168 1
43 168 168 1
168 168 195 1
168 195 340 1
195 340 168 1
340 168 168 1
168 168 3 1
168 3 168 1
3 168 3 1
168 3 168 1
3 168 3 1
168 3 3 1
3 3 265 1
3 265 168 1
265 168 43 1
168 43 168 1
43 168 168 1
168 168 168 1
168 168 168 1
168 168 265 1
168 265 43 1
265 43 168 1
43 168 168 1
168 168 265 1
168 265 168 1
265 168 168 1
168 168 3 1
168 3 168 1
3 168 168 1
168 168 168 1
168 168 265 1
168 265 168 1
265 168 265 1
168 265 168 1
265 168 168 1
168 168 43 1
168 43 265 1
43 265 3 1
265 3 168 1
3 168 168 1
168 168 168 1
168 168 265 1
168 265 43 1
265 43 3 1
43 3 168 1
3 168 3 1
168 3 168 1
3 168 168 1
168 168 168 1
168 168 168 1
168 168 265 1
168 265 265 1
265 265 168 1
265 168 265 1
168 265 265 1
265 265 168 1
265 168 168 1
168 168 3 1
168 3 168 1
3 168 168 1
168 168 168 1
168 168 3 1
168 3 265 1
3 265 168 1
265 168 168 1
168 168 43 1
168 43 168 1
43 168 3 1
168 3 168 1
3 168 43 1
168 43 168 1
43 168 168 1
168 168 168 1
168 168 168 1
168 168 168 1
168 168 168 1
168 168 168 1
168 168 3 1
168 3 168 1
3 168 168 1
168 168 168 1
168 168 3 1
168 3 3 1
3 3 265 1
3 265 3 1
265 3 265 1
3 265 3 1
265 3 168 1
3 168 3 1
168 3 3 1
3 3 168 1
3 168 43 1
168 43 3 1
43 3 168 1
3 168 168 1
168 168 168 1
168 168 265 1
168 265 168 1
265 168 43 1
168 43 168 1
43 168 168 1
168 168 265 1
168 265 3 1
265 3 168 1
3 168 168 1
168 168 195 1
168 195 340 1
195 340 168 1
340 168 3 1
168 3 168 1
3 168 168 1
168 168 265 1
168 265 265 1
265 265 168 1
265 168 3 1
168 3 168 1
3 168 43 1
168 43 3 1
43 3 3 1
3 3 265 1
3 265 3 1
265 3 43 1
3 43 3 1
43 3 195 1
3 195 168 1
195 168 265 1
168 265 43 1
265 43 3 1
43 3 168 1
3 168 43 1
168 43 3 1
43 3 265 1
3 265 3 1
265 3 168 1
3 168 168 1
168 168 265 1
168 265 3 1
265 3 265 1
3 265 265 1
265 265 3 1
265 3 168 1
3 168 265 1
168 265 168 1
265 168 168 1
168 168 3 1
168 3 168 1
3 168 168 1
168 168 168 1
168 168 168 1
168 168 3 1
168 3 168 1
3 168 3 1
168 3 43 1
3 43 265 1
43 265 3 1
265 3 3 1
3 3 168 1
3 168 3 1
168 3 168 1
3 168 265 1
168 265 340 1
265 340 265 1
340 265 168 1
265 168 3 1
168 3 265 1
3 265 265 1
265 265 3 1
265 3 168 1
3 168 168 1
168 168 168 1
168 168 168 1
168 168 43 1
168 43 3 1
43 3 3 1
3 3 265 1
3 265 3 1
265 3 265 1
3 265 168 1
265 168 3 1
168 3 265 1
3 265 3 1
265 3 265 1
3 265 3 1
265 3 168 1
3 168 168 1
168 168 265 1
168 265 265 1
265 265 265 1
265 265 265 1
265 265 3 1
265 3 43 1
3 43 265 1
43 265 168 1
265 168 43 1
168 43 168 1
43 168 3 1
168 3 265 1
3 265 3 1
265 3 168 1
3 168 146 1
168 146 168 1
146 168 168 1
168 168 168 1
168 168 168 1
168 168 168 1
168 168 168 1
168 168 168 1
168 168 168 1
168 168 3 1
168 3 43 1
3 43 43 1
43 43 265 1
43 265 265 1
265 265 168 1
265 168 3 1
168 3 43 1
3 43 168 1
43 168 168 1
168 168 265 1
168 265 43 1
265 43 168 1
43 168 168 1
168 168 168 1
168 168 265 1
168 265 168 1
265 168 3 1
168 3 265 1
3 265 168 1
265 168 168 1
168 168 168 1
168 168 3 1
168 3 168 1
3 168 168 1
168 168 43 1
168 43 3 1
43 3 3 1
3 3 43 1
3 43 168 1
43 168 168 1
168 168 265 1
168 265 265 1
265 265 43 1
265 43 3 1
43 3 168 1
3 168 3 1
168 3 265 1
3 265 168 1
265 168 265 1
168 265 168 1
265 168 168 1
168 168 3 1
168 3 168 1
3 168 168 1
168 168 265 1
168 265 3 1
265 3 265 1
3 265 43 1
265 43 3 1
43 3 168 1
3 168 265 1
168 265 43 1
265 43 3 1
43 3 43 1
3 43 265 1
43 265 3 1
265 3 168 1
3 168 168 1
168 168 168 1
168 168 3 1
168 3 265 1
3 265 168 1
265 168 265 1
168 265 168 1
265 168 265 1
168 265 168 1
265 168 3 1
168 3 168 1
3 168 168 1
168 168 340 1
168 340 168 1
340 168 3 1
168 3 265 1
3 265 168 1
265 168 168 1
168 168 3 1
168 3 168 1
3 168 265 1
168 265 168 1
265 168 265 1
168 265 43 1
265 43 168 1
43 168 3 1
168 3 3 1
3 3 3 1
3 3 265 1
3 265 168 1
265 168 265 1
168 265 168 1
265 168 168 1
168 168 168 1
168 168 265 1
168 265 168 1
265 168 43 1
168 43 265 1
43 265 265 1
265 265 265 1
265 265 168 1
265 168 265 1
168 265 265 1
265 265 3 1
265 3 265 1
3 265 168 1
265 168 265 1
168 265 43 1
265 43 43 1
43 43 3 1
43 3 265 1
3 265 168 1
265 168 43 1
168 43 3 1
43 3 265 1
3 265 43 1
265 43 168 1
43 168 265 1
168 265 168 1
265 168 168 1
168 168 3 1
168 3 168 1
3 168 265 1
168 265 168 1
265 168 265 1
168 265 265 1
265 265 265 1
265 265 3 1
265 3 168 1
3 168 265 1
168 265 43 1
265 43 3 1
43 3 3 1
3 3 168 1
3 168 3 1
168 3 3 1
3 3 265 1
3 265 168 1
265 168 265 1
168 265 195 1
265 195 340 1
195 340 340 1
340 340 3 1
340 3 265 1
3 265 168 1
265 168 265 1
168 265 3 1
265 3 168 1
3 168 3 1
168 3 265 1
3 265 3 1
265 3 168 1
3 168 265 1
168 265 265 1
265 265 43 1
265 43 168 1
43 168 168 1
168 168 265 1
168 265 168 1
265 168 168 1
168 168 3 1
168 3 43 1
3 43 168 1
43 168 265 1
168 265 265 1
265 265 168 1
265 168 3 1
168 3 265 1
3 265 265 1
265 265 3 1
265 3 168 1
3 168 43 1
168 43 168 1
43 168 168 1
168 168 168 1
168 168 43 1
168 43 265 1
43 265 168 1
265 168 265 1
168 265 265 1
265 265 43 1
265 43 3 1
43 3 168 1
3 168 265 1
168 265 168 1
265 168 3 1
168 3 265 1
3 265 168 1
265 168 265 1
168 265 168 1
265 168 168 1
168 168 3 1
168 3 168 1
3 168 3 1
168 3 3 1
3 3 265 1
3 265 3 1
265 3 3 1
3 3 3 1
3 3 3 1
3 3 265 1
3 265 265 1
265 265 168 1
265 168 168 1
168 168 43 1
168 43 265 1
43 265 3 1
265 3 3 1
3 3 168 1
3 168 265 1
168 265 168 1
265 168 168 1
168 168 265 1
168 265 265 1
265 265 3 1
265 3 168 1
3 168 265 1
168 265 265 1
265 265 168 1
265 168 265 1
168 265 265 1
265 265 265 1
265 265 265 1
265 265 43 1
265 43 168 1
43 168 43 1
168 43 265 1
43 265 265 1
265 265 3 1
265 3 265 1
3 265 265 1
265 265 3 1
265 3 168 1
3 168 3 1
168 3 168 1
3 168 265 1
168 265 3 1
265 3 265 1
3 265 3 1
265 3 168 1
3 168 168 1
168 168 265 1
168 265 168 1
265 168 168 1
168 168 3 1
168 3 43 1
3 43 265 1
43 265 168 1
265 168 265 1
168 265 168 1
265 168 43 1
168 43 3 1
43 3 3 1
3 3 265 1
3 265 168 1
265 168 43 1
168 43 168 1
43 168 168 1
168 168 265 1
168 265 168 1
265 168 43 1
168 43 168 1
43 168 3 1
168 3 265 1
3 265 3 1
265 3 43 1
3 43 168 1
43 168 168 1
168 168 3 1
168 3 168 1
3 168 265 1
168 265 265 1
265 265 168 1
265 168 3 1
168 3 168 1
3 168 3 1
168 3 265 1
3 265 265 1
265 265 265 1
265 265 3 1
265 3 168 1
3 168 168 1
168 168 265 1
168 265 3 1
265 3 265 1
3 265 168 1
265 168 3 1
168 3 265 1
3 265 168 1
265 168 3 1
168 3 3 1
3 3 168 1
3 168 168 1
168 168 265 1
168 265 168 1
265 168 3 1
168 3 168 1
3 168 168 1
168 168 43 1
168 43 3 1
43 3 168 1
3 168 3 1
168 3 265 1
3 265 168 1
265 168 43 1
168 43 168 1
43 168 265 1
168 265 168 1
265 168 265 1
168 265 265 1
265 265 43 1
265 43 168 1
43 168 265 1
168 265 265 1
265 265 3 1
265 3 168 1
3 168 3 1
168 3 168 1
3 168 340 1
168 340 3 1
340 3 43 1
3 43 265 1
43 265 265 1
265 265 168 1
265 168 265 1
168 265 168 1
265 168 3 1
168 3 265 1
3 265 3 1
265 3 3 1
3 3 265 1
3 265 168 1
265 168 168 1
168 168 265 1
168 265 168 1
265 168 265 1
168 265 168 1
265 168 43 1
168 43 168 1
43 168 265 1
168 265 168 1
265 168 168 1
168 168 168 1
168 168 265 1
168 265 168 1
265 168 265 1
168 265 168 1
265 168 168 1
168 168 3 1
168 3 168 1
3 168 265 1
168 265 3 1
265 3 265 1
3 265 265 1
265 265 168 1
265 168 168 1
168 168 168 1
168 168 168 1
168 168 168 1
168 168 168 1
168 168 265 1
168 265 168 1
265 168 168 1
168 168 3 1
168 3 168 1
3 168 265 1
168 265 3 1
265 3 265 1
3 265 43 1
265 43 3 1
43 3 168 1
3 168 265 1
168 265 3 1
265 3 43 1
3 43 43 1
43 43 43 1
43 43 265 1
43 265 168 1
265 168 265 1
168 265 168 1
265 168 168 1
168 168 168 1
168 168 168 1
168 168 43 1
168 43 265 1
43 265 265 1
265 265 168 1
265 168 3 1
168 3 3 1
3 3 265 1
3 265 265 1
265 265 265 1
265 265 168 1
265 168 168 1
168 168 3 1
168 3 43 1
3 43 168 1
43 168 3 1
168 3 168 1
3 168 3 1
168 3 168 1
3 168 168 1
168 168 265 1
168 265 3 1
265 3 265 1
3 265 168 1
265 168 168 1
168 168 265 1
168 265 168 1
265 168 265 1
168 265 168 1
265 168 265 1
168 265 340 1
265 340 168 1
340 168 168 1
168 168 168 1
168 168 43 1
168 43 168 1
43 168 3 1
168 3 265 1
3 265 168 1
265 168 3 1
168 3 168 1
3 168 3 1
168 3 168 1
3 168 168 1
168 168 43 1
168 43 3 1
43 3 43 1
3 43 168 1
43 168 168 1
168 168 265 1
168 265 168 1
265 168 265 1
168 265 265 1
265 265 43 1
265 43 265 1
43 265 168 1
265 168 168 1
168 168 3 1
168 3 265 1
3 265 265 1
265 265 3 1
265 3 43 1
3 43 168 1
43 168 3 1
168 3 265 1
3 265 168 1
265 168 168 1
168 168 168 1
168 168 168 1
168 168 168 1
168 168 265 1
168 265 168 1
265 168 168 1
168 168 168 1
168 168 3 1
168 3 3 1
3 3 43 1
3 43 168 1
43 168 168 1
168 168 265 1
168 265 265 1
265 265 3 1
265 3 265 1
3 265 265 1
265 265 3 1
265 3 3 1
3 3 265 1
3 265 3 1
265 3 3 1
3 3 265 1
3 265 3 1
265 3 168 1
3 168 168 1
168 168 265 1
168 265 3 1
265 3 265 1
3 265 168 1
265 168 265 1
168 265 3 1
265 3 265 1
3 265 265 1
265 265 265 1
265 265 168 1
265 168 168 1
168 168 265 1
168 265 265 1
265 265 168 1
265 168 265 1
168 265 43 1
265 43 265 1
43 265 265 1
265 265 265 1
265 265 3 1
265 3 340 1
3 340 265 1
340 265 3 1
265 3 168 1
3 168 168 1
168 168 43 1
168 43 3 1
43 3 265 1
3 265 168 1
265 168 168 1
168 168 265 1
168 265 3 1
265 3 265 1
3 265 3 1
265 3 168 1
3 168 265 1
168 265 265 1
265 265 265 1
265 265 3 1
265 3 3 1
3 3 168 1
3 168 168 1
168 168 168 1
168 168 43 1
168 43 168 1
43 168 265 1
168 265 168 1
265 168 168 1
168 168 340 1
168 340 3 1
340 3 43 1
3 43 3 1
43 3 265 1
3 265 3 1
265 3 43 1
3 43 43 1
43 43 43 1
43 43 168 1
43 168 168 1
168 168 265 1
168 265 168 1
265 168 168 1
168 168 3 1
168 3 265 1
3 265 3 1
265 3 265 1
3 265 265 1
265 265 43 1
265 43 168 1
43 168 168 1
168 168 265 1
168 265 168 1
265 168 168 1
168 168 265 1
168 265 3 1
265 3 3 1
3 3 168 1
3 168 3 1
168 3 265 1
3 265 265 1
265 265 3 1
265 3 265 1
3 265 168 1
265 168 43 1
168 43 168 1
43 168 265 1
168 265 265 1
265 265 3 1
265 3 168 1
3 168 340 1
168 340 168 1
340 168 3 1
168 3 3 1
3 3 265 1
3 265 3 1
265 3 168 1
3 168 265 1
168 265 265 1
265 265 265 1
265 265 265 1
265 265 265 1
265 265 43 1
265 43 3 1
43 3 168 1
3 168 265 1
168 265 3 1
265 3 168 1
3 168 3 1
168 3 168 1
3 168 3 1
168 3 168 1
3 168 168 1
168 168 168 1
168 168 265 1
168 265 265 1
265 265 168 1
265 168 265 1
168 265 168 1
265 168 3 1
168 3 168 1
3 168 265 1
168 265 168 1
265 168 265 1
168 265 168 1
265 168 3 1
168 3 168 1
3 168 265 1
168 265 168 1
265 168 265 1
168 265 265 1
265 265 265 1
265 265 265 1
265 265 265 1
265 265 168 1
265 168 168 1
168 168 265 1
168 265 168 1
265 168 168 1
168 168 168 1
168 168 168 1
168 168 265 1
168 265 168 1
265 168 43 1
168 43 168 1
43 168 168 1
168 168 168 1
168 168 265 1
168 265 265 1
265 265 265 1
265 265 168 1
265 168 43 1
168 43 265 1
43 265 43 1
265 43 168 1
43 168 3 1
168 3 168 1
3 168 265 1
168 265 265 1
265 265 43 1
265 43 168 1
43 168 168 1
168 168 168 1
168 168 3 1
168 3 3 1
3 3 265 1
3 265 265 1
265 265 265 1
265 265 265 1
265 265 3 1
265 3 168 1
3 168 265 1
168 265 3 1
265 3 265 1
3 265 168 1
265 168 265 1
168 265 168 1
265 168 265 1
168 265 3 1
265 3 265 1
3 265 3 1
265 3 265 1
3 265 3 1
265 3 3 1
3 3 3 1
3 3 3 1
3 3 265 1
3 265 265 1
265 265 3 1
265 3 3 1
3 3 265 1
3 265 43 1
265 43 265 1
43 265 3 1
265 3 168 1
3 168 265 1
168 265 168 1
265 168 265 1
168 265 168 1
265 168 168 1
168 168 265 1
168 265 168 1
265 168 168 1
168 168 168 1
168 168 265 1
168 265 168 1
new
192 33 5 1
33 5 3 1
5 3 197 1
3 197 192 1
197 192 192 1
192 192 6 1
192 6 125 1
6 125 91 1
125 91 5 1
91 5 197 1
5 197 192 1
197 192 6 1
192 6 33 1
6 33 5 1
33 5 3 1
5 3 197 1
3 197 192 1
197 192 192 1
192 192 6 1
192 6 33 1
6 33 140 1
33 140 102 1
140 102 3 1
102 3 4 1
3 4 4 1
4 4 5 1
4 5 5 1
5 5 33 1
5 33 5 1
33 5 3 1
5 3 102 1
3 102 102 1
102 102 168 1
102 168 54 1
168 54 102 1
54 102 6 1
102 6 102 1
6 102 102 1
102 102 102 1
102 102 13 1
102 13 102 1
13 102 102 1
102 102 5 1
102 5 195 1
5 195 125 1
195 125 125 1
125 125 125 1
125 125 91 1
125 91 5 1
91 5 3 1
5 3 197 1
3 197 192 1
197 192 192 1
192 192 6 1
192 6 125 1
6 125 6 1
125 6 5 1
6 5 91 1
5 91 6 1
91 6 102 1
6 102 140 1
102 140 3 1
140 3 3 1
3 3 3 1
3 3 3 1
3 3 3 1
3 3 3 1
3 3 3 1
3 3 3 1
3 3 142 1
3 142 4 1
142 4 4 1
4 4 13 1
4 13 102 1
13 102 6 1
102 6 3 1
6 3 3 1
3 3 13 1
3 13 199 1
13 199 5 1
199 5 140 1
5 140 197 1
140 197 33 1
197 33 102 1
33 102 91 1
102 91 142 1
91 142 4 1
142 4 140 1
4 140 102 1
140 102 3 1
102 3 3 1
3 3 13 1
3 13 199 1
13 199 5 1
199 5 140 1
5 140 197 1
140 197 192 1
197 192 140 1
192 140 91 1
140 91 6 1
91 6 5 1
6 5 140 1
5 140 197 1
140 197 13 1
197 13 102 1
13 102 6 1
102 6 3 1
6 3 13 1
3 13 102 1
new
265 265 168 1
265 168 6 1
168 6 7 1
6 7 3 1
7 3 102 1
3 102 102 1
102 102 102 1
102 102 168 1
102 168 102 1
168 102 168 1
102 168 265 1
168 265 265 1
265 265 5 1
265 5 265 1
5 265 265 1
265 265 5 1
265 5 102 1
5 102 102 1
102 102 102 1
102 102 102 1
102 102 102 1
102 102 265 1
102 265 265 1
265 265 5 1
265 5 102 1
5 102 197 1
102 197 102 1
197 102 102 1
102 102 102 1
102 102 265 1
102 265 102 1
265 102 102 1
102 102 265 1
102 265 102 1
265 102 265 1
102 265 265 1
265 265 102 1
265 102 102 1
102 102 168 1
102 168 265 1
168 265 102 1
265 102 265 1
102 265 102 1
265 102 102 1
102 102 102 1
102 102 102 1
102 102 102 1
102 102 102 1
102 102 102 1
102 102 265 1
102 265 102 1
265 102 265 1
102 265 168 1
265 168 265 1
168 265 5 1
265 5 265 1
5 265 168 1
265 168 102 1
168 102 265 1
102 265 102 1
265 102 91 1
102 91 168 1
91 168 265 1
168 265 102 1
265 102 102 1
102 102 3 1
102 3 168 1
3 168 265 1
168 265 102 1
265 102 5 1
102 5 168 1
5 168 168 1
168 168 5 1
168 5 265 1
5 265 5 1
265 5 102 1
5 102 3 1
102 3 102 1
3 102 3 1
102 3 102 1
3 102 265 1
102 265 265 1
265 265 102 1
new
220 192 196 1
192 196 192 1
196 192 3 1
192 3 3 1
3 3 4 1
3 4 78 1
4 78 122 1
78 122 192 1
122 192 78 1
192 78 78 1
78 78 120 1
78 120 196 1
120 196 78 1
196 78 78 1
78 78 78 1
78 78 78 1
78 78 78 1
78 78 78 1
78 78 78 1
78 78 78 1
78 78 78 1
78 78 78 1
78 78 78 1
78 78 78 1
78 78 78 1
78 78 78 1
78 78 78 1
78 78 3 1
78 3 140 1
3 140 78 1
140 78 192 1
78 192 240 1
192 240 78 1
240 78 140 1
78 140 78 1
140 78 3 1
78 3 78 1
3 78 78 1
78 78 3 1
78 3 78 1
3 78 78 1
78 78 78 1
78 78 78 1
78 78 78 1
78 78 78 1
78 78 78 1
78 78 78 1
78 78 78 1
78 78 78 1
78 78 78 1
78 78 78 1
78 78 78 1
78 78 78 1
78 78 78 1
78 78 78 1
78 78 78 1
78 78 78 1
78 78 140 1
78 140 78 1
140 78 3 1
78 3 78 1
3 78 78 1
78 78 78 1
78 78 78 1
78 78 140 1
78 140 78 1
140 78 78 1
78 78 78 1
78 78 78 1
78 78 78 1
78 78 78 1
78 78 78 1
78 78 78 1
78 78 78 1
78 78 78 1
78 78 140 1
78 140 78 1
140 78 3 1
78 3 78 1
3 78 78 1
78 78 78 1
78 78 3 1
78 3 78 1
3 78 78 1
78 78 3 1
78 3 140 1
3 140 3 1
140 3 78 1
3 78 78 1
78 78 78 1
78 78 78 1
78 78 78 1
78 78 78 1
78 78 78 1
78 78 78 1
78 78 78 1
78 78 78 1
78 78 78 1
78 78 78 1
78 78 78 1
78 78 78 1
78 78 78 1
78 78 78 1
78 78 78 1
78 78 3 1
78 3 140 1
3 140 78 1
140 78 78 1
78 78 78 1
78 78 78 1
78 78 78 1
78 78 78 1
78 78 78 1
78 78 78 1
78 78 78 1
78 78 196 1
78 196 195 1
196 195 5 1
195 5 78 1
5 78 3 1
78 3 78 1
3 78 78 1
78 78 78 1
78 78 78 1
78 78 78 1
78 78 78 1
78 78 78 1
78 78 78 1
78 78 3 1
78 3 78 1
3 78 78 1
78 78 195 1
78 195 78 1
195 78 78 1
78 78 78 1
78 78 3 1
78 3 78 1
3 78 196 1
78 196 78 1
196 78 78 1
78 78 78 1
78 78 78 1
78 78 78 1
78 78 5 1
78 5 78 1
5 78 140 1
78 140 78 1
140 78 78 1
78 78 78 1
78 78 78 1
78 78 78 1
78 78 78 1
78 78 195 1
78 195 78 1
195 78 78 1
78 78 195 1
78 195 78 1
195 78 78 1
78 78 3 1
78 3 78 1
3 78 78 1
78 78 78 1
78 78 78 1
78 78 78 1
78 78 78 1
78 78 78 1
78 78 140 1
78 140 78 1
140 78 78 1
78 78 78 1
78 78 78 1
78 78 3 1
78 3 78 1
3 78 140 1
78 140 78 1
140 78 3 1
78 3 3 1
3 3 78 1
3 78 78 1
78 78 195 1
78 195 78 1
195 78 78 1
78 78 140 1
78 140 78 1
140 78 78 1
78 78 78 1
78 78 78 1
78 78 78 1
78 78 78 1
78 78 78 1
78 78 140 1
78 140 78 1
140 78 78 1
78 78 78 1
78 78 78 1
78 78 78 1
78 78 3 1
78 3 140 1
3 140 78 1
140 78 78 1
78 78 3 1
78 3 78 1
3 78 3 1
78 3 78 1
3 78 78 1
78 78 78 1
78 78 78 1
78 78 78 1
78 78 78 1
78 78 195 1
78 195 195 1
195 195 195 1
195 195 195 1
195 195 195 1
195 195 78 1
195 78 78 1
78 78 3 1
78 3 78 1
3 78 125 1
78 125 125 1
125 125 78 1
125 78 78 1
78 78 78 1
78 78 78 1
78 78 78 1
78 78 78 1
78 78 78 1
78 78 3 1
78 3 3 1
3 3 78 1
3 78 78 1
78 78 78 1
78 78 195 1
78 195 5 1
195 5 78 1
5 78 78 1
78 78 78 1
78 78 78 1
78 78 78 1
78 78 140 1
78 140 78 1
140 78 78 1
78 78 196 1
78 196 78 1
196 78 78 1
78 78 78 1
78 78 78 1
78 78 78 1
78 78 78 1
78 78 78 1
78 78 78 1
78 78 78 1
78 78 78 1
78 78 78 1
78 78 78 1
78 78 3 1
78 3 78 1
3 78 78 1
78 78 78 1
78 78 78 1
78 78 78 1
78 78 3 1
78 3 78 1
3 78 78 1
78 78 140 1
78 140 6 1
140 6 195 1
6 195 78 1
195 78 78 1
78 78 78 1
78 78 78 1
78 78 3 1
78 3 78 1
3 78 3 1
78 3 78 1
3 78 3 1
78 3 78 1
3 78 240 1
78 240 78 1
240 78 40 1
78 40 10 1
40 10 175 1
10 175 78 1
175 78 78 1
78 78 78 1
78 78 78 1
78 78 78 1
78 78 175 1
new
3 3 168 1
3 168 146 1
168 146 265 1
146 265 265 1
265 265 168 1
265 168 146 1
168 146 265 1
146 265 3 1
265 3 265 1
3 265 195 1
265 195 168 1
195 168 3 1
168 3 265 1
3 265 265 1
265 265 168 1
265 168 265 1
168 265 168 1
265 168 3 1
168 3 168 1
3 168 168 1
168 168 265 1
168 265 265 1
265 265 146 1
265 146 168 1
146 168 265 1
168 265 3 1
265 3 3 1
3 3 265 1
3 265 168 1
265 168 168 1
168 168 265 1
168 265 168 1
265 168 265 1
168 265 3 1
265 3 168 1
3 168 3 1
168 3 265 1
3 265 168 1
265 168 168 1
168 168 168 1
168 168 168 1
168 168 265 1
168 265 3 1
265 3 168 1
3 168 265 1
168 265 78 1
265 78 168 1
78 168 168 1
168 168 265 1
168 265 265 1
265 265 3 1
265 3 3 1
3 3 3 1
3 3 168 1
3 168 3 1
168 3 3 1
3 3 146 1
3 146 265 1
146 265 168 1
265 168 168 1
168 168 78 1
168 78 265 1
78 265 168 1
265 168 265 1
168 265 168 1
265 168 168 1
168 168 3 1
168 3 168 1
3 168 78 1
168 78 168 1
78 168 292 1
168 292 168 1
292 168 3 1
168 3 265 1
3 265 168 1
265 168 265 1
168 265 168 1
265 168 78 1
168 78 78 1
78 78 78 1
78 78 78 1
78 78 78 1
78 78 78 1
78 78 78 1
78 78 168 1
78 168 168 1
168 168 168 1
168 168 3 1
new
