240 4 78 1
4 78 13 1
78 13 240 1
13 240 240 1
240 240 13 1
240 13 13 1
13 13 13 1
13 13 4 1
13 4 13 1
4 13 4 1
13 4 4 1
4 4 78 1
4 78 13 1
78 13 13 1
13 13 4 1
13 4 13 1
4 13 13 1
13 13 265 1
13 265 13 1
265 13 78 1
13 78 13 1
78 13 13 1
13 13 13 1
13 13 240 1
13 240 78 1
240 78 4 1
78 4 78 1
4 78 13 1
78 13 4 1
13 4 13 1
4 13 240 1
13 240 78 1
240 78 13 1
78 13 4 1
13 4 4 1
4 4 4 1
4 4 13 1
4 13 240 1
13 240 240 1
240 240 78 1
240 78 4 1
78 4 4 1
4 4 4 1
4 4 240 1
4 240 4 1
240 4 78 1
4 78 4 1
78 4 78 1
4 78 13 1
78 13 4 1
13 4 13 1
4 13 13 1
13 13 13 1
13 13 78 1
13 78 4 1
78 4 4 1
4 4 4 1
4 4 240 1
4 240 78 1
240 78 4 1
78 4 13 1
4 13 240 1
13 240 13 1
240 13 4 1
13 4 4 1
4 4 13 1
4 13 78 1
13 78 240 1
78 240 13 1
240 13 4 1
13 4 4 1
4 4 13 1
4 13 240 1
13 240 240 1
240 240 240 1
240 240 13 1
240 13 4 1
13 4 4 1
4 4 4 1
4 4 240 1
4 240 13 1
240 13 4 1
13 4 240 1
4 240 13 1
240 13 13 1
13 13 4 1
13 4 240 1
4 240 4 1
240 4 13 1
4 13 4 1
13 4 4 1
4 4 4 1
4 4 13 1
4 13 13 1
13 13 240 1
13 240 4 1
240 4 240 1
4 240 78 1
240 78 78 1
78 78 4 1
78 4 13 1
4 13 4 1
13 4 13 1
4 13 4 1
13 4 78 1
4 78 240 1
78 240 13 1
240 13 13 1
13 13 4 1
13 4 13 1
4 13 78 1
13 78 4 1
78 4 4 1
4 4 4 1
4 4 4 1
4 4 240 1
4 240 4 1
240 4 4 1
4 4 13 1
4 13 4 1
13 4 4 1
4 4 4 1
4 4 4 1
4 4 13 1
4 13 13 1
13 13 240 1
13 240 78 1
240 78 4 1
78 4 13 1
4 13 240 1
13 240 240 1
240 240 4 1
240 4 13 1
4 13 13 1
13 13 4 1
13 4 4 1
new
142 7 142 1
7 142 7 1
142 7 7 1
7 7 142 1
7 142 7 1
142 7 142 1
7 142 142 1
142 142 142 1
142 142 142 1
142 142 142 1
142 142 142 1
142 142 142 1
142 142 142 1
142 142 142 1
142 142 7 1
142 7 7 1
7 7 7 1
7 7 142 1
7 142 7 1
142 7 142 1
7 142 142 1
142 142 142 1
142 142 7 1
142 7 142 1
7 142 7 1
142 7 142 1
7 142 142 1
142 142 142 1
142 142 142 1
142 142 142 1
142 142 142 1
142 142 142 1
142 142 7 1
142 7 142 1
7 142 142 1
142 142 142 1
142 142 142 1
142 142 142 1
142 142 142 1
142 142 142 1
142 142 142 1
142 142 142 1
142 142 142 1
142 142 142 1
142 142 142 1
142 142 7 1
142 7 142 1
7 142 142 1
142 142 142 1
142 142 142 1
142 142 142 1
142 142 142 1
142 142 142 1
142 142 142 1
142 142 142 1
142 142 7 1
142 7 142 1
7 142 142 1
142 142 142 1
142 142 142 1
142 142 142 1
142 142 142 1
142 142 142 1
142 142 142 1
142 142 142 1
142 142 142 1
142 142 142 1
142 142 7 1
142 7 142 1
7 142 7 1
142 7 142 1
7 142 142 1
142 142 142 1
142 142 7 1
142 7 142 1
7 142 7 1
142 7 142 1
7 142 7 1
142 7 142 1
7 142 142 1
142 142 142 1
142 142 142 1
142 142 142 1
142 142 142 1
142 142 7 1
142 7 142 1
7 142 7 1
142 7 142 1
7 142 142 1
142 142 142 1
142 142 142 1
142 142 142 1
142 142 142 1
142 142 142 1
142 142 142 1
142 142 142 1
142 142 142 1
142 142 7 1
142 7 7 1
7 7 142 1
7 142 142 1
142 142 142 1
142 142 142 1
142 142 142 1
142 142 7 1
142 7 7 1
7 7 142 1
7 142 142 1
142 142 7 1
142 7 7 1
7 7 142 1
7 142 7 1
142 7 142 1
7 142 7 1
142 7 7 1
7 7 142 1
7 142 142 1
142 142 142 1
142 142 7 1
142 7 142 1
7 142 7 1
new
168 3 265 1
3 265 3 1
265 3 168 1
3 168 265 1
168 265 265 1
265 265 168 1
265 168 265 1
168 265 168 1
265 168 168 1
168 168 168 1
168 168 265 1
168 265 265 1
265 265 265 1
265 265 168 1
265 168 168 1
168 168 168 1
168 168 168 1
168 168 3 1
168 3 168 1
3 168 265 1
168 265 168 1
265 168 3 1
168 3 168 1
3 168 43 1
168 43 265 1
43 265 3 1
265 3 168 1
3 168 168 1
168 168 265 1
168 265 3 1
265 3 168 1
3 168 168 1
168 168 168 1
168 168 168 1
168 168 168 1
168 168 168 1
168 168 265 1
168 265 43 1
265 43 168 1
43 168 3 1
168 3 265 1
3 265 265 1
265 265 265 1
265 265 265 1
265 265 168 1
265 168 168 1
168 168 168 1
168 168 168 1
168 168 168 1
168 168 3 1
168 3 3 1
3 3 3 1
3 3 168 1
3 168 168 1
168 168 43 1
168 43 265 1
43 265 168 1
265 168 3 1
168 3 43 1
3 43 340 1
43 340 168 1
340 168 265 1
168 265 3 1
265 3 168 1
3 168 265 1
168 265 168 1
265 168 3 1
168 3 168 1
3 168 265 1
168 265 43 1
265 43 168 1
43 168 3 1
168 3 168 1
3 168 3 1
168 3 3 1
3 3 168 1
3 168 168 1
168 168 168 1
168 168 168 1
168 168 43 1
168 43 168 1
43 168 265 1
168 265 265 1
265 265 265 1
265 265 168 1
265 168 43 1
168 43 3 1
43 3 265 1
3 265 265 1
265 265 3 1
265 3 168 1
3 168 3 1
168 3 168 1
3 168 3 1
168 3 168 1
3 168 3 1
168 3 168 1
3 168 168 1
168 168 3 1
168 3 168 1
3 168 168 1
168 168 168 1
168 168 265 1
168 265 168 1
265 168 265 1
168 265 168 1
265 168 168 1
168 168 3 1
168 3 168 1
3 168 265 1
168 265 168 1
265 168 168 1
168 168 43 1
168 43 3 1
43 3 168 1
3 168 168 1
168 168 168 1
168 168 168 1
168 168 168 1
168 168 168 1
168 168 265 1
168 265 168 1
265 168 168 1
168 168 265 1
168 265 168 1
265 168 168 1
168 168 168 1
168 168 168 1
168 168 168 1
168 168 168 1
168 168 265 1
168 265 265 1
265 265 43 1
265 43 168 1
43 168 168 1
168 168 43 1
168 43 168 1
43 168 265 1
168 265 3 1
265 3 3 1
3 3 168 1
3 168 168 1
168 168 3 1
168 3 168 1
3 168 43 1
168 43 3 1
43 3 168 1
3 168 265 1
168 265 3 1
265 3 168 1
3 168 265 1
168 265 265 1
265 265 168 1
265 168 168 1
168 168 168 1
168 168 265 1
168 265 265 1
265 265 43 1
265 43 168 1
43 168 265 1
168 265 168 1
265 168 265 1
168 265 168 1
265 168 168 1
168 168 265 1
168 265 340 1
265 340 168 1
340 168 168 1
168 168 168 1
168 168 168 1
168 168 168 1
168 168 43 1
168 43 3 1
43 3 168 1
3 168 168 1
168 168 265 1
168 265 168 1
265 168 265 1
168 265 168 1
265 168 168 1
168 168 3 1
168 3 168 1
3 168 3 1
168 3 168 1
3 168 168 1
168 168 168 1
168 168 168 1
168 168 265 1
168 265 168 1
265 168 340 1
168 340 168 1
340 168 265 1
168 265 168 1
265 168 168 1
168 168 168 1
168 168 168 1
168 168 265 1
168 265 3 1
265 3 168 1
3 168 168 1
168 168 168 1
168 168 265 1
168 265 43 1
265 43 168 1
43 168 265 1
168 265 168 1
265 168 168 1
168 168 168 1
168 168 265 1
168 265 168 1
265 168 43 1
168 43 168 1
43 168 43 1
168 43 168 1
43 168 168 1
168 168 265 1
168 265 168 1
265 168 265 1
168 265 3 1
265 3 168 1
3 168 3 1
168 3 3 1
3 3 168 1
3 168 168 1
168 168 168 1
168 168 3 1
168 3 3 1
3 3 168 1
3 168 265 1
168 265 3 1
265 3 168 1
3 168 168 1
168 168 168 1
168 168 3 1
168 3 168 1
3 168 43 1
168 43 168 1
43 168 265 1
168 265 168 1
265 168 168 1
168 168 168 1
168 168 43 1
168 43 265 1
43 265 168 1
265 168 168 1
168 168 168 1
168 168 168 1
168 168 168 1
168 168 168 1
168 168 265 1
168 265 195 1
265 195 340 1
195 340 340 1
340 340 168 1
340 168 265 1
168 265 168 1
265 168 3 1
168 3 168 1
3 168 265 1
168 265 168 1
265 168 3 1
168 3 168 1
3 168 3 1
168 3 168 1
3 168 43 1
168 43 168 1
43 168 265 1
168 265 168 1
265 168 168 1
168 168 43 1
168 43 168 1
43 168 168 1
168 168 3 1
168 3 168 1
3 168 3 1
168 3 168 1
3 168 265 1
168 265 265 1
265 265 195 1
265 195 340 1
195 340 168 1
340 168 168 1
168 168 3 1
168 3 168 1
3 168 3 1
168 3 3 1
3 3 265 1
3 265 265 1
265 265 265 1
265 265 265 1
265 265 3 1
265 3 265 1
3 265 168 1
265 168 265 1
168 265 168 1
265 168 3 1
168 3 3 1
3 3 168 1
3 168 265 1
168 265 265 1
265 265 265 1
265 265 265 1
265 265 265 1
265 265 3 1
265 3 168 1
3 168 265 1
168 265 168 1
265 168 168 1
168 168 3 1
168 3 3 1
3 3 168 1
3 168 168 1
168 168 168 1
168 168 265 1
168 265 265 1
265 265 168 1
265 168 3 1
168 3 168 1
3 168 168 1
168 168 168 1
168 168 168 1
168 168 168 1
168 168 168 1
168 168 43 1
168 43 168 1
43 168 168 1
168 168 3 1
168 3 168 1
3 168 168 1
168 168 168 1
168 168 265 1
168 265 168 1
265 168 265 1
168 265 265 1
265 265 3 1
265 3 168 1
3 168 168 1
168 168 168 1
168 168 3 1
168 3 3 1
3 3 265 1
3 265 265 1
265 265 168 1
265 168 340 1
168 340 265 1
340 265 265 1
265 265 168 1
265 168 168 1
168 168 168 1
168 168 168 1
168 168 265 1
168 265 265 1
265 265 265 1
265 265 168 1
265 168 3 1
168 3 265 1
3 265 265 1
265 265 168 1
265 168 3 1
168 3 265 1
3 265 265 1
265 265 3 1
265 3 265 1
3 265 3 1
265 3 3 1
3 3 168 1
3 168 265 1
168 265 168 1
265 168 168 1
168 168 168 1
168 168 168 1
168 168 3 1
168 3 168 1
3 168 168 1
168 168 3 1
168 3 168 1
3 168 265 1
168 265 168 1
265 168 265 1
168 265 168 1
265 168 168 1
168 168 168 1
168 168 265 1
168 265 168 1
265 168 265 1
168 265 3 1
265 3 265 1
3 265 168 1
265 168 265 1
168 265 265 1
265 265 168 1
265 168 3 1
168 3 168 1
3 168 3 1
168 3 3 1
3 3 168 1
3 168 3 1
168 3 265 1
3 265 168 1
265 168 265 1
168 265 168 1
265 168 265 1
168 265 3 1
265 3 168 1
3 168 265 1
168 265 168 1
265 168 3 1
168 3 168 1
3 168 265 1
168 265 265 1
265 265 3 1
265 3 265 1
3 265 265 1
265 265 3 1
265 3 168 1
3 168 265 1
168 265 3 1
265 3 3 1
3 3 168 1
3 168 168 1
168 168 265 1
168 265 3 1
265 3 168 1
3 168 265 1
168 265 265 1
265 265 168 1
265 168 168 1
168 168 3 1
168 3 168 1
3 168 168 1
168 168 265 1
168 265 168 1
265 168 265 1
168 265 168 1
265 168 168 1
168 168 168 1
168 168 168 1
168 168 168 1
168 168 168 1
168 168 265 1
168 265 3 1
265 3 168 1
3 168 168 1
168 168 3 1
168 3 168 1
3 168 168 1
168 168 43 1
168 43 265 1
43 265 168 1
265 168 265 1
168 265 168 1
265 168 168 1
168 168 168 1
168 168 3 1
168 3 168 1
3 168 3 1
168 3 265 1
3 265 195 1
265 195 340 1
195 340 168 1
340 168 3 1
168 3 168 1
3 168 3 1
168 3 168 1
3 168 168 1
168 168 265 1
168 265 43 1
265 43 168 1
43 168 168 1
168 168 265 1
168 265 168 1
265 168 265 1
168 265 265 1
265 265 168 1
265 168 168 1
168 168 168 1
168 168 340 1
168 340 168 1
340 168 168 1
168 168 168 1
168 168 3 1
168 3 168 1
3 168 3 1
168 3 43 1
3 43 3 1
43 3 265 1
3 265 265 1
265 265 43 1
265 43 168 1
43 168 3 1
168 3 265 1
3 265 3 1
265 3 3 1
3 3 168 1
3 168 168 1
168 168 3 1
168 3 168 1
3 168 265 1
168 265 168 1
265 168 168 1
168 168 168 1
168 168 168 1
168 168 265 1
168 265 265 1
265 265 265 1
265 265 43 1
265 43 168 1
43 168 168 1
168 168 168 1
168 168 43 1
168 43 168 1
43 168 168 1
168 168 168 1
168 168 168 1
168 168 265 1
168 265 168 1
265 168 265 1
168 265 3 1
265 3 168 1
3 168 3 1
168 3 168 1
3 168 168 1
168 168 265 1
168 265 168 1
265 168 168 1
168 168 3 1
168 3 195 1
3 195 168 1
195 168 43 1
168 43 265 1
43 265 3 1
265 3 3 1
3 3 168 1
3 168 3 1
168 3 265 1
3 265 265 1
265 265 168 1
265 168 168 1
168 168 168 1
168 168 265 1
168 265 265 1
265 265 43 1
265 43 168 1
43 168 168 1
168 168 43 1
168 43 265 1
43 265 3 1
265 3 168 1
3 168 168 1
168 168 3 1
168 3 265 1
3 265 195 1
265 195 265 1
195 265 168 1
265 168 265 1
168 265 168 1
265 168 168 1
168 168 265 1
168 265 168 1
265 168 168 1
168 168 168 1
168 168 265 1
168 265 168 1
265 168 265 1
168 265 3 1
265 3 265 1
3 265 265 1
265 265 265 1
265 265 168 1
265 168 265 1
168 265 168 1
265 168 265 1
168 265 168 1
265 168 3 1
168 3 168 1
3 168 3 1
168 3 3 1
3 3 3 1
3 3 265 1
3 265 265 1
265 265 3 1
265 3 3 1
3 3 168 1
3 168 3 1
168 3 3 1
3 3 168 1
3 168 168 1
168 168 195 1
168 195 340 1
195 340 265 1
340 265 168 1
265 168 168 1
168 168 168 1
168 168 265 1
168 265 168 1
265 168 265 1
168 265 3 1
265 3 3 1
3 3 168 1
3 168 3 1
168 3 265 1
3 265 168 1
265 168 3 1
168 3 265 1
3 265 3 1
265 3 168 1
3 168 3 1
168 3 168 1
3 168 168 1
168 168 265 1
168 265 3 1
265 3 3 1
3 3 265 1
3 265 3 1
265 3 265 1
3 265 3 1
265 3 3 1
3 3 265 1
3 265 3 1
265 3 168 1
3 168 265 1
168 265 3 1
265 3 265 1
3 265 3 1
265 3 265 1
3 265 168 1
265 168 3 1
168 3 3 1
3 3 168 1
3 168 168 1
168 168 168 1
168 168 168 1
168 168 168 1
168 168 3 1
168 3 168 1
3 168 3 1
168 3 168 1
3 168 168 1
168 168 168 1
168 168 43 1
168 43 43 1
43 43 43 1
43 43 168 1
43 168 168 1
168 168 265 1
168 265 168 1
265 168 265 1
168 265 168 1
265 168 168 1
168 168 265 1
168 265 168 1
265 168 265 1
168 265 168 1
265 168 3 1
168 3 265 1
3 265 265 1
265 265 3 1
265 3 168 1
3 168 265 1
168 265 3 1
265 3 265 1
3 265 168 1
265 168 168 1
168 168 265 1
168 265 265 1
265 265 43 1
265 43 3 1
43 3 43 1
3 43 43 1
43 43 43 1
43 43 168 1
43 168 168 1
168 168 265 1
168 265 168 1
265 168 265 1
168 265 168 1
265 168 340 1
168 340 265 1
340 265 3 1
265 3 168 1
3 168 168 1
168 168 3 1
168 3 168 1
3 168 168 1
168 168 3 1
168 3 168 1
3 168 168 1
168 168 265 1
168 265 265 1
265 265 3 1
265 3 168 1
3 168 3 1
168 3 265 1
3 265 168 1
265 168 168 1
168 168 168 1
168 168 168 1
168 168 168 1
168 168 265 1
168 265 168 1
265 168 168 1
168 168 265 1
168 265 168 1
265 168 168 1
168 168 168 1
168 168 265 1
168 265 3 1
265 3 168 1
3 168 265 1
168 265 3 1
265 3 168 1
3 168 3 1
168 3 265 1
3 265 168 1
265 168 3 1
168 3 168 1
3 168 43 1
168 43 168 1
43 168 3 1
168 3 3 1
3 3 168 1
3 168 168 1
168 168 3 1
168 3 3 1
3 3 43 1
3 43 168 1
43 168 168 1
168 168 3 1
168 3 43 1
3 43 265 1
43 265 265 1
265 265 265 1
265 265 168 1
265 168 265 1
168 265 3 1
265 3 265 1
3 265 3 1
265 3 3 1
3 3 3 1
3 3 168 1
3 168 43 1
168 43 43 1
43 43 168 1
43 168 265 1
168 265 43 1
265 43 168 1
43 168 3 1
168 3 3 1
3 3 265 1
3 265 3 1
265 3 265 1
3 265 168 1
265 168 3 1
168 3 168 1
3 168 3 1
168 3 43 1
3 43 3 1
43 3 265 1
3 265 3 1
265 3 3 1
3 3 3 1
3 3 265 1
3 265 168 1
265 168 168 1
168 168 3 1
168 3 168 1
3 168 265 1
168 265 265 1
265 265 168 1
265 168 265 1
168 265 168 1
265 168 168 1
168 168 265 1
168 265 43 1
265 43 3 1
43 3 168 1
3 168 3 1
168 3 168 1
3 168 265 1
168 265 3 1
265 3 3 1
3 3 168 1
3 168 43 1
168 43 3 1
43 3 168 1
3 168 265 1
168 265 3 1
265 3 168 1
3 168 168 1
168 168 168 1
168 168 43 1
168 43 168 1
43 168 265 1
168 265 265 1
265 265 265 1
265 265 265 1
265 265 265 1
265 265 265 1
265 265 168 1
265 168 168 1
168 168 265 1
168 265 168 1
265 168 43 1
168 43 168 1
43 168 3 1
168 3 168 1
3 168 168 1
168 168 3 1
168 3 3 1
3 3 265 1
3 265 3 1
265 3 3 1
3 3 3 1
3 3 168 1
3 168 168 1
168 168 168 1
168 168 168 1
168 168 168 1
168 168 168 1
168 168 3 1
168 3 168 1
3 168 168 1
168 168 168 1
168 168 168 1
168 168 168 1
168 168 168 1
168 168 168 1
168 168 265 1
168 265 3 1
265 3 168 1
3 168 265 1
168 265 168 1
265 168 168 1
168 168 265 1
168 265 265 1
265 265 265 1
265 265 168 1
265 168 168 1
168 168 168 1
168 168 168 1
168 168 168 1
168 168 168 1
168 168 3 1
168 3 168 1
3 168 168 1
168 168 168 1
168 168 168 1
168 168 168 1
168 168 168 1
168 168 168 1
168 168 168 1
168 168 168 1
168 168 168 1
168 168 168 1
168 168 265 1
168 265 265 1
265 265 3 1
265 3 168 1
3 168 3 1
168 3 168 1
3 168 168 1
168 168 3 1
168 3 340 1
3 340 3 1
340 3 265 1
3 265 168 1
265 168 168 1
168 168 265 1
168 265 3 1
265 3 3 1
3 3 168 1
3 168 168 1
168 168 43 1
168 43 265 1
43 265 265 1
265 265 3 1
265 3 3 1
3 3 3 1
3 3 168 1
3 168 168 1
168 168 168 1
168 168 168 1
168 168 168 1
168 168 3 1
168 3 168 1
3 168 168 1
168 168 168 1
168 168 168 1
168 168 168 1
168 168 168 1
168 168 168 1
168 168 3 1
168 3 168 1
3 168 168 1
168 168 168 1
168 168 340 1
168 340 3 1
340 3 265 1
3 265 168 1
265 168 3 1
168 3 3 1
3 3 168 1
3 168 168 1
168 168 3 1
168 3 168 1
3 168 168 1
168 168 265 1
168 265 3 1
265 3 168 1
3 168 340 1
168 340 168 1
340 168 265 1
168 265 168 1
265 168 265 1
168 265 3 1
265 3 265 1
3 265 43 1
265 43 43 1
43 43 43 1
43 43 168 1
43 168 265 1
168 265 168 1
265 168 168 1
168 168 265 1
168 265 168 1
265 168 265 1
168 265 168 1
265 168 168 1
168 168 265 1
168 265 43 1
265 43 168 1
43 168 168 1
168 168 168 1
168 168 43 1
168 43 265 1
43 265 168 1
265 168 168 1
168 168 168 1
168 168 168 1
168 168 265 1
168 265 168 1
265 168 265 1
168 265 265 1
265 265 265 1
265 265 168 1
265 168 265 1
168 265 3 1
265 3 168 1
3 168 265 1
168 265 265 1
265 265 43 1
265 43 43 1
43 43 168 1
43 168 265 1
168 265 265 1
265 265 168 1
265 168 168 1
168 168 43 1
168 43 168 1
43 168 3 1
168 3 168 1
3 168 168 1
168 168 265 1
168 265 265 1
265 265 3 1
265 3 3 1
3 3 168 1
3 168 3 1
168 3 265 1
3 265 265 1
265 265 3 1
265 3 265 1
3 265 3 1
265 3 168 1
3 168 168 1
168 168 168 1
168 168 43 1
168 43 43 1
43 43 168 1
43 168 43 1
168 43 43 1
43 43 3 1
43 3 265 1
3 265 168 1
265 168 265 1
168 265 43 1
265 43 265 1
43 265 3 1
265 3 168 1
3 168 168 1
168 168 168 1
168 168 168 1
168 168 168 1
168 168 265 1
168 265 265 1
265 265 3 1
265 3 168 1
3 168 265 1
168 265 168 1
265 168 3 1
168 3 265 1
3 265 265 1
265 265 168 1
265 168 43 1
168 43 168 1
43 168 168 1
168 168 265 1
168 265 168 1
265 168 168 1
168 168 3 1
168 3 3 1
3 3 168 1
3 168 168 1
168 168 3 1
168 3 168 1
3 168 168 1
168 168 3 1
168 3 168 1
3 168 3 1
168 3 168 1
3 168 168 1
168 168 168 1
168 168 168 1
168 168 195 1
168 195 265 1
195 265 168 1
265 168 265 1
168 265 3 1
265 3 168 1
3 168 3 1
168 3 168 1
3 168 3 1
168 3 3 1
3 3 3 1
3 3 168 1
3 168 3 1
168 3 168 1
3 168 43 1
168 43 168 1
43 168 43 1
168 43 168 1
43 168 168 1
168 168 265 1
168 265 265 1
265 265 265 1
265 265 3 1
265 3 168 1
new
168 102 168 1
102 168 168 1
168 168 168 1
168 168 168 1
168 168 102 1
168 102 168 1
102 168 6 1
168 6 192 1
6 192 183 1
192 183 120 1
183 120 13 1
120 13 13 1
13 13 5 1
13 5 91 1
5 91 5 1
91 5 91 1
5 91 195 1
91 195 140 1
195 140 91 1
140 91 91 1
91 91 140 1
91 140 5 1
140 5 197 1
5 197 5 1
197 5 91 1
5 91 91 1
91 91 5 1
91 5 140 1
5 140 5 1
140 5 195 1
5 195 197 1
195 197 5 1
197 5 192 1
5 192 5 1
192 5 5 1
5 5 5 1
5 5 196 1
5 196 196 1
196 196 91 1
196 91 91 1
91 91 192 1
91 192 5 1
192 5 5 1
5 5 195 1
5 195 196 1
195 196 91 1
196 91 6 1
91 6 91 1
6 91 91 1
91 91 91 1
91 91 5 1
91 5 5 1
5 5 196 1
5 196 5 1
196 5 5 1
5 5 196 1
5 196 196 1
196 196 5 1
196 5 195 1
5 195 5 1
195 5 5 1
5 5 196 1
5 196 195 1
196 195 195 1
195 195 195 1
195 195 195 1
195 195 5 1
195 5 195 1
5 195 5 1
195 5 5 1
5 5 195 1
5 195 5 1
195 5 102 1
5 102 195 1
102 195 195 1
195 195 195 1
195 195 196 1
195 196 195 1
196 195 195 1
195 195 196 1
195 196 91 1
196 91 196 1
91 196 91 1
196 91 91 1
91 91 91 1
91 91 91 1
91 91 91 1
91 91 5 1
91 5 91 1
5 91 140 1
91 140 5 1
140 5 195 1
5 195 195 1
195 195 196 1
195 196 91 1
196 91 91 1
91 91 192 1
91 192 140 1
192 140 195 1
140 195 91 1
195 91 5 1
91 5 91 1
5 91 91 1
91 91 91 1
91 91 195 1
91 195 192 1
195 192 196 1
192 196 196 1
196 196 196 1
196 196 196 1
196 196 91 1
196 91 91 1
91 91 195 1
91 195 91 1
195 91 91 1
91 91 5 1
91 5 195 1
5 195 197 1
195 197 192 1
197 192 195 1
192 195 196 1
195 196 196 1
196 196 91 1
196 91 91 1
91 91 140 1
91 140 91 1
140 91 5 1
91 5 6 1
5 6 6 1
6 6 91 1
6 91 5 1
91 5 5 1
5 5 5 1
5 5 195 1
5 195 196 1
195 196 196 1
196 196 91 1
196 91 5 1
91 5 5 1
5 5 5 1
5 5 192 1
5 192 196 1
192 196 196 1
196 196 91 1
196 91 5 1
91 5 5 1
5 5 6 1
5 6 91 1
6 91 196 1
91 196 192 1
196 192 91 1
192 91 5 1
91 5 140 1
5 140 140 1
140 140 5 1
140 5 195 1
5 195 195 1
195 195 91 1
195 91 140 1
91 140 192 1
140 192 140 1
192 140 5 1
140 5 5 1
5 5 5 1
5 5 5 1
5 5 91 1
5 91 91 1
91 91 5 1
91 5 196 1
5 196 5 1
196 5 5 1
5 5 140 1
5 140 5 1
140 5 5 1
5 5 91 1
5 91 91 1
91 91 195 1
91 195 91 1
195 91 195 1
91 195 195 1
195 195 5 1
195 5 6 1
5 6 91 1
6 91 91 1
91 91 91 1
91 91 13 1
91 13 13 1
13 13 13 1
13 13 33 1
13 33 13 1
33 13 13 1
13 13 195 1
13 195 195 1
195 195 33 1
195 33 13 1
33 13 196 1
13 196 13 1
196 13 196 1
13 196 33 1
196 33 33 1
33 33 33 1
33 33 33 1
33 33 195 1
33 195 195 1
195 195 33 1
195 33 33 1
33 33 13 1
33 13 195 1
13 195 195 1
195 195 196 1
195 196 13 1
196 13 13 1
13 13 196 1
13 196 196 1
196 196 195 1
196 195 195 1
195 195 195 1
195 195 196 1
195 196 33 1
196 33 195 1
33 195 33 1
195 33 195 1
33 195 195 1
195 195 196 1
195 196 196 1
196 196 33 1
196 33 33 1
33 33 33 1
33 33 13 1
33 13 195 1
13 195 195 1
195 195 195 1
195 195 196 1
195 196 196 1
196 196 33 1
196 33 33 1
33 33 13 1
33 13 13 1
13 13 195 1
13 195 195 1
195 195 33 1
195 33 195 1
33 195 196 1
195 196 33 1
196 33 33 1
33 33 196 1
33 196 195 1
196 195 195 1
195 195 196 1
195 196 196 1
196 196 196 1
196 196 196 1
196 196 33 1
196 33 33 1
33 33 33 1
33 33 33 1
33 33 33 1
33 33 33 1
33 33 195 1
33 195 195 1
195 195 195 1
195 195 196 1
195 196 196 1
196 196 196 1
196 196 33 1
196 33 33 1
33 33 13 1
33 13 196 1
13 196 196 1
196 196 196 1
196 196 196 1
196 196 33 1
196 33 33 1
33 33 195 1
33 195 13 1
195 13 195 1
13 195 195 1
195 195 196 1
195 196 196 1
196 196 33 1
196 33 33 1
33 33 13 1
33 13 13 1
13 13 195 1
13 195 33 1
195 33 33 1
33 33 33 1
33 33 195 1
33 195 195 1
195 195 195 1
195 195 33 1
195 33 13 1
33 13 196 1
13 196 33 1
196 33 196 1
33 196 196 1
196 196 196 1
196 196 196 1
196 196 196 1
196 196 33 1
196 33 195 1
33 195 195 1
195 195 196 1
195 196 33 1
196 33 33 1
33 33 13 1
33 13 13 1
13 13 196 1
13 196 196 1
196 196 196 1
196 196 196 1
196 196 196 1
196 196 33 1
196 33 33 1
33 33 13 1
33 13 13 1
13 13 13 1
13 13 195 1
13 195 195 1
195 195 195 1
195 195 196 1
195 196 33 1
196 33 33 1
33 33 33 1
33 33 196 1
33 196 196 1
196 196 196 1
196 196 196 1
196 196 33 1
196 33 5 1
33 5 146 1
5 146 91 1
new
168 265 265 1
265 265 168 1
265 168 168 1
168 168 265 1
168 265 168 1
265 168 168 1
168 168 168 1
168 168 168 1
168 168 168 1
168 168 168 1
168 168 265 1
168 265 168 1
265 168 168 1
168 168 168 1
168 168 168 1
168 168 168 1
168 168 265 1
168 265 168 1
265 168 265 1
168 265 265 1
265 265 265 1
265 265 168 1
265 168 168 1
168 168 168 1
168 168 168 1
168 168 265 1
168 265 168 1
265 168 168 1
168 168 168 1
168 168 168 1
168 168 168 1
168 168 168 1
168 168 168 1
168 168 168 1
168 168 265 1
168 265 265 1
265 265 168 1
265 168 168 1
168 168 265 1
168 265 168 1
265 168 265 1
168 265 168 1
265 168 265 1
168 265 168 1
265 168 265 1
168 265 168 1
265 168 168 1
168 168 168 1
168 168 168 1
168 168 168 1
168 168 265 1
168 265 168 1
265 168 168 1
168 168 265 1
168 265 265 1
265 265 265 1
265 265 265 1
265 265 168 1
265 168 168 1
168 168 265 1
168 265 168 1
265 168 265 1
168 265 265 1
265 265 168 1
265 168 168 1
168 168 168 1
168 168 265 1
168 265 265 1
265 265 168 1
265 168 168 1
168 168 168 1
168 168 265 1
168 265 168 1
265 168 168 1
168 168 168 1
168 168 168 1
168 168 168 1
168 168 168 1
168 168 168 1
168 168 168 1
168 168 168 1
168 168 265 1
168 265 168 1
265 168 168 1
168 168 168 1
168 168 265 1
168 265 265 1
265 265 168 1
265 168 168 1
168 168 168 1
168 168 168 1
168 168 168 1
168 168 168 1
168 168 168 1
168 168 265 1
168 265 168 1
265 168 265 1
168 265 168 1
265 168 168 1
168 168 168 1
168 168 168 1
168 168 168 1
168 168 265 1
168 265 168 1
265 168 168 1
168 168 168 1
168 168 168 1
168 168 168 1
168 168 168 1
168 168 168 1
168 168 168 1
168 168 168 1
168 168 168 1
168 168 168 1
168 168 265 1
168 265 168 1
265 168 168 1
168 168 265 1
168 265 168 1
265 168 168 1
168 168 168 1
168 168 265 1
168 265 168 1
265 168 168 1
168 168 168 1
168 168 168 1
168 168 168 1
168 168 168 1
168 168 265 1
168 265 168 1
265 168 168 1
168 168 168 1
168 168 265 1
168 265 168 1
265 168 265 1
168 265 265 1
265 265 265 1
265 265 168 1
265 168 265 1
168 265 168 1
265 168 265 1
168 265 168 1
265 168 265 1
168 265 265 1
265 265 168 1
265 168 168 1
168 168 265 1
168 265 168 1
265 168 168 1
168 168 102 1
168 102 168 1
102 168 168 1
168 168 168 1
168 168 265 1
168 265 265 1
265 265 102 1
265 102 168 1
102 168 265 1
168 265 168 1
265 168 265 1
168 265 168 1
265 168 168 1
168 168 168 1
168 168 265 1
168 265 168 1
265 168 265 1
168 265 168 1
265 168 168 1
168 168 168 1
168 168 168 1
168 168 265 1
168 265 168 1
265 168 168 1
168 168 168 1
168 168 168 1
168 168 168 1
168 168 168 1
168 168 168 1
168 168 168 1
168 168 102 1
168 102 168 1
102 168 168 1
168 168 168 1
168 168 265 1
168 265 168 1
265 168 168 1
168 168 168 1
168 168 168 1
168 168 102 1
168 102 168 1
102 168 168 1
168 168 265 1
168 265 265 1
265 265 168 1
265 168 168 1
168 168 265 1
168 265 168 1
265 168 168 1
168 168 265 1
168 265 168 1
265 168 168 1
168 168 265 1
168 265 168 1
265 168 265 1
168 265 168 1
265 168 168 1
168 168 168 1
168 168 265 1
168 265 265 1
265 265 265 1
265 265 168 1
265 168 168 1
168 168 265 1
168 265 102 1
265 102 168 1
102 168 168 1
168 168 168 1
168 168 168 1
168 168 265 1
168 265 168 1
265 168 265 1
168 265 168 1
265 168 168 1
168 168 168 1
168 168 168 1
168 168 265 1
168 265 168 1
265 168 168 1
168 168 265 1
168 265 168 1
265 168 168 1
168 168 168 1
168 168 265 1
168 265 168 1
265 168 168 1
168 168 168 1
168 168 168 1
168 168 168 1
168 168 168 1
168 168 168 1
168 168 265 1
168 265 168 1
265 168 265 1
168 265 168 1
265 168 168 1
168 168 168 1
168 168 265 1
168 265 168 1
265 168 168 1
168 168 168 1
168 168 168 1
168 168 168 1
168 168 168 1
168 168 168 1
168 168 265 1
168 265 265 1
265 265 265 1
265 265 265 1
265 265 168 1
265 168 168 1
168 168 168 1
168 168 265 1
168 265 168 1
265 168 168 1
168 168 168 1
168 168 168 1
168 168 168 1
168 168 168 1
168 168 168 1
168 168 168 1
168 168 265 1
168 265 265 1
265 265 168 1
265 168 168 1
168 168 102 1
168 102 265 1
102 265 265 1
265 265 265 1
265 265 102 1
265 102 168 1
102 168 168 1
168 168 168 1
168 168 168 1
168 168 168 1
168 168 168 1
168 168 168 1
168 168 168 1
168 168 168 1
168 168 168 1
168 168 168 1
168 168 168 1
168 168 168 1
168 168 168 1
168 168 168 1
168 168 168 1
168 168 168 1
168 168 168 1
168 168 168 1
168 168 168 1
168 168 265 1
168 265 265 1
265 265 168 1
265 168 168 1
168 168 168 1
168 168 265 1
168 265 168 1
265 168 265 1
168 265 168 1
265 168 265 1
168 265 168 1
265 168 265 1
168 265 168 1
265 168 168 1
168 168 168 1
168 168 265 1
168 265 168 1
265 168 168 1
168 168 168 1
168 168 102 1
168 102 168 1
102 168 265 1
168 265 168 1
265 168 168 1
168 168 265 1
168 265 168 1
265 168 265 1
168 265 168 1
265 168 168 1
168 168 168 1
168 168 168 1
168 168 168 1
168 168 168 1
168 168 168 1
168 168 168 1
168 168 168 1
168 168 168 1
168 168 265 1
168 265 168 1
265 168 168 1
168 168 168 1
168 168 168 1
168 168 102 1
168 102 168 1
102 168 265 1
168 265 168 1
265 168 102 1
168 102 168 1
102 168 168 1
168 168 168 1
168 168 265 1
168 265 168 1
265 168 168 1
168 168 265 1
168 265 168 1
265 168 168 1
168 168 168 1
168 168 168 1
168 168 168 1
168 168 168 1
168 168 168 1
168 168 168 1
168 168 168 1
168 168 168 1
168 168 168 1
168 168 168 1
168 168 168 1
168 168 168 1
168 168 168 1
168 168 168 1
168 168 168 1
168 168 168 1
168 168 168 1
168 168 168 1
168 168 265 1
168 265 168 1
265 168 168 1
168 168 168 1
168 168 168 1
168 168 168 1
168 168 168 1
168 168 265 1
168 265 265 1
265 265 168 1
265 168 168 1
168 168 168 1
168 168 168 1
168 168 168 1
168 168 168 1
168 168 265 1
168 265 168 1
265 168 102 1
168 102 265 1
102 265 168 1
265 168 168 1
168 168 265 1
168 265 265 1
265 265 265 1
265 265 265 1
265 265 168 1
265 168 168 1
168 168 265 1
168 265 168 1
265 168 168 1
168 168 168 1
168 168 102 1
168 102 168 1
102 168 168 1
168 168 168 1
168 168 168 1
168 168 168 1
168 168 168 1
168 168 168 1
168 168 168 1
168 168 168 1
168 168 168 1
168 168 265 1
168 265 168 1
265 168 168 1
168 168 168 1
168 168 265 1
168 265 168 1
265 168 265 1
168 265 168 1
265 168 168 1
168 168 265 1
168 265 265 1
265 265 168 1
265 168 168 1
168 168 265 1
168 265 168 1
265 168 168 1
168 168 168 1
168 168 168 1
168 168 168 1
168 168 168 1
168 168 168 1
168 168 168 1
168 168 168 1
168 168 168 1
168 168 168 1
168 168 168 1
168 168 168 1
168 168 168 1
168 168 168 1
168 168 168 1
168 168 168 1
168 168 168 1
168 168 168 1
168 168 168 1
168 168 168 1
168 168 265 1
168 265 168 1
265 168 168 1
168 168 168 1
168 168 168 1
168 168 168 1
168 168 102 1
168 102 168 1
102 168 168 1
168 168 168 1
168 168 168 1
168 168 265 1
168 265 168 1
265 168 265 1
168 265 168 1
265 168 168 1
168 168 168 1
168 168 168 1
168 168 168 1
168 168 168 1
168 168 168 1
168 168 168 1
168 168 168 1
168 168 168 1
168 168 168 1
168 168 168 1
168 168 168 1
168 168 168 1
168 168 168 1
168 168 168 1
168 168 168 1
168 168 168 1
168 168 168 1
168 168 168 1
168 168 168 1
168 168 168 1
168 168 168 1
168 168 168 1
168 168 168 1
168 168 168 1
168 168 168 1
168 168 168 1
168 168 168 1
168 168 265 1
168 265 168 1
265 168 168 1
168 168 265 1
168 265 265 1
265 265 265 1
265 265 168 1
265 168 265 1
168 265 168 1
265 168 168 1
168 168 168 1
168 168 168 1
168 168 168 1
168 168 168 1
168 168 168 1
168 168 168 1
168 168 168 1
168 168 168 1
168 168 265 1
168 265 168 1
265 168 168 1
168 168 265 1
168 265 168 1
265 168 168 1
168 168 168 1
168 168 265 1
168 265 168 1
265 168 168 1
168 168 168 1
168 168 265 1
168 265 168 1
265 168 265 1
168 265 168 1
265 168 168 1
168 168 168 1
168 168 168 1
168 168 168 1
168 168 168 1
168 168 168 1
168 168 265 1
168 265 168 1
265 168 265 1
168 265 168 1
265 168 102 1
168 102 168 1
102 168 168 1
168 168 265 1
168 265 265 1
265 265 168 1
265 168 265 1
168 265 168 1
265 168 168 1
168 168 168 1
168 168 168 1
168 168 168 1
168 168 265 1
168 265 102 1
265 102 265 1
102 265 265 1
265 265 168 1
265 168 168 1
168 168 265 1
168 265 168 1
265 168 265 1
168 265 168 1
265 168 168 1
168 168 168 1
168 168 168 1
168 168 168 1
168 168 168 1
168 168 168 1
168 168 168 1
168 168 168 1
168 168 168 1
168 168 168 1
168 168 168 1
168 168 168 1
168 168 168 1
168 168 265 1
168 265 168 1
265 168 168 1
168 168 168 1
168 168 168 1
168 168 168 1
168 168 168 1
168 168 265 1
168 265 168 1
265 168 265 1
168 265 265 1
265 265 265 1
265 265 265 1
265 265 168 1
265 168 168 1
168 168 168 1
168 168 168 1
168 168 168 1
168 168 168 1
168 168 265 1
168 265 265 1
265 265 168 1
265 168 168 1
168 168 265 1
168 265 168 1
265 168 168 1
168 168 168 1
168 168 265 1
168 265 168 1
265 168 168 1
168 168 102 1
168 102 168 1
102 168 265 1
168 265 265 1
265 265 168 1
265 168 168 1
168 168 265 1
168 265 168 1
265 168 168 1
168 168 168 1
168 168 168 1
168 168 168 1
168 168 265 1
168 265 168 1
265 168 265 1
168 265 265 1
265 265 168 1
265 168 168 1
168 168 265 1
168 265 168 1
265 168 168 1
168 168 168 1
168 168 168 1
168 168 168 1
168 168 168 1
168 168 265 1
168 265 168 1
265 168 265 1
168 265 168 1
265 168 168 1
new
78 78 12 1
78 12 5 1
12 5 6 1
5 6 102 1
6 102 168 1
102 168 102 1
168 102 168 1
102 168 102 1
168 102 168 1
102 168 168 1
168 168 102 1
168 102 168 1
102 168 102 1
168 102 168 1
102 168 163 1
168 163 168 1
163 168 102 1
168 102 168 1
102 168 102 1
168 102 102 1
102 102 168 1
102 168 102 1
168 102 168 1
102 168 6 1
168 6 45 1
6 45 5 1
45 5 6 1
5 6 146 1
6 146 168 1
146 168 168 1
168 168 168 1
168 168 102 1
168 102 168 1
102 168 168 1
168 168 102 1
168 102 168 1
102 168 168 1
168 168 102 1
168 102 91 1
102 91 168 1
91 168 102 1
168 102 168 1
102 168 102 1
168 102 168 1
102 168 102 1
168 102 168 1
102 168 102 1
168 102 168 1
102 168 168 1
168 168 102 1
168 102 168 1
102 168 168 1
168 168 91 1
168 91 163 1
91 163 78 1
163 78 102 1
78 102 104 1
102 104 91 1
104 91 168 1
91 168 168 1
168 168 102 1
168 102 168 1
102 168 102 1
168 102 168 1
102 168 102 1
168 102 168 1
102 168 102 1
168 102 168 1
102 168 102 1
168 102 168 1
102 168 102 1
168 102 168 1
102 168 102 1
168 102 168 1
102 168 102 1
168 102 13 1
102 13 6 1
13 6 3 1
6 3 78 1
3 78 195 1
78 195 104 1
195 104 60 1
104 60 192 1
60 192 102 1
192 102 168 1
102 168 168 1
168 168 168 1
168 168 102 1
168 102 102 1
102 102 102 1
102 102 168 1
102 168 168 1
168 168 168 1
168 168 168 1
168 168 102 1
168 102 168 1
102 168 102 1
168 102 6 1
102 6 163 1
6 163 45 1
163 45 104 1
45 104 13 1
104 13 120 1
13 120 6 1
120 6 12 1
6 12 122 1
12 122 104 1
122 104 168 1
new
142 104 104 1
104 104 142 1
104 142 265 1
142 265 175 1
265 175 91 1
175 91 175 1
91 175 3 1
175 3 104 1
3 104 3 1
104 3 3 1
3 3 104 1
3 104 104 1
104 104 142 1
104 142 3 1
142 3 142 1
3 142 3 1
142 3 146 1
3 146 104 1
146 104 3 1
104 3 3 1
3 3 3 1
3 3 3 1
3 3 104 1
3 104 265 1
104 265 3 1
265 3 3 1
3 3 3 1
3 3 142 1
3 142 265 1
142 265 3 1
265 3 142 1
3 142 142 1
142 142 3 1
142 3 142 1
3 142 104 1
142 104 142 1
104 142 142 1
142 142 265 1
142 265 142 1
265 142 265 1
142 265 3 1
265 3 3 1
3 3 142 1
3 142 3 1
142 3 3 1
3 3 142 1
3 142 142 1
142 142 3 1
142 3 3 1
3 3 3 1
3 3 265 1
3 265 142 1
265 142 3 1
142 3 265 1
3 265 104 1
265 104 265 1
104 265 3 1
265 3 3 1
3 3 3 1
3 3 142 1
3 142 3 1
142 3 142 1
3 142 3 1
142 3 142 1
3 142 3 1
142 3 3 1
3 3 146 1
3 146 3 1
146 3 142 1
3 142 265 1
142 265 3 1
265 3 265 1
3 265 142 1
265 142 146 1
142 146 265 1
146 265 265 1
265 265 3 1
265 3 3 1
3 3 265 1
3 265 142 1
265 142 265 1
142 265 142 1
265 142 146 1
142 146 3 1
146 3 3 1
3 3 142 1
3 142 142 1
142 142 142 1
142 142 265 1
142 265 3 1
265 3 119 1
3 119 3 1
119 3 146 1
3 146 265 1
146 265 142 1
265 142 146 1
142 146 3 1
146 3 104 1
3 104 3 1
104 3 142 1
3 142 265 1
142 265 142 1
265 142 142 1
142 142 146 1
142 146 142 1
146 142 265 1
142 265 119 1
265 119 119 1
119 119 3 1
119 3 142 1
3 142 3 1
142 3 265 1
3 265 265 1
265 265 104 1
265 104 265 1
104 265 265 1
265 265 265 1
265 265 142 1
265 142 3 1
142 3 142 1
3 142 142 1
142 142 146 1
142 146 265 1
146 265 142 1
265 142 142 1
142 142 142 1
142 142 3 1
142 3 265 1
3 265 119 1
265 119 265 1
119 265 265 1
265 265 142 1
265 142 54 1
142 54 265 1
54 265 265 1
265 265 142 1
265 142 265 1
142 265 265 1
265 265 119 1
265 119 146 1
119 146 265 1
146 265 104 1
265 104 265 1
104 265 3 1
265 3 175 1
3 175 91 1
175 91 265 1
91 265 3 1
265 3 3 1
3 3 3 1
3 3 3 1
3 3 3 1
3 3 91 1
3 91 265 1
91 265 3 1
265 3 146 1
3 146 142 1
146 142 142 1
142 142 142 1
142 142 146 1
142 146 142 1
146 142 3 1
142 3 142 1
3 142 142 1
142 142 146 1
142 146 104 1
146 104 142 1
104 142 265 1
142 265 142 1
265 142 265 1
142 265 265 1
265 265 265 1
265 265 3 1
265 3 146 1
3 146 54 1
146 54 265 1
54 265 146 1
265 146 265 1
146 265 265 1
265 265 265 1
265 265 3 1
265 3 142 1
3 142 265 1
142 265 265 1
265 265 142 1
265 142 142 1
142 142 146 1
142 146 265 1
146 265 142 1
265 142 104 1
142 104 3 1
104 3 146 1
3 146 142 1
146 142 142 1
142 142 3 1
142 3 265 1
3 265 142 1
265 142 265 1
142 265 265 1
265 265 265 1
265 265 142 1
265 142 104 1
142 104 3 1
104 3 104 1
3 104 265 1
104 265 265 1
265 265 142 1
265 142 142 1
142 142 142 1
142 142 265 1
142 265 146 1
265 146 119 1
146 119 265 1
119 265 3 1
265 3 3 1
3 3 175 1
3 175 175 1
175 175 104 1
175 104 3 1
104 3 104 1
3 104 146 1
104 146 175 1
146 175 265 1
175 265 3 1
265 3 3 1
3 3 142 1
3 142 142 1
142 142 265 1
142 265 265 1
265 265 104 1
265 104 142 1
104 142 142 1
142 142 146 1
142 146 3 1
146 3 142 1
3 142 3 1
142 3 3 1
3 3 3 1
3 3 3 1
3 3 265 1
3 265 265 1
265 265 142 1
265 142 3 1
142 3 142 1
3 142 3 1
142 3 3 1
3 3 142 1
3 142 142 1
142 142 3 1
142 3 265 1
3 265 146 1
265 146 146 1
146 146 104 1
146 104 142 1
104 142 265 1
142 265 142 1
265 142 142 1
142 142 142 1
142 142 3 1
142 3 265 1
3 265 3 1
265 3 142 1
3 142 3 1
142 3 3 1
3 3 265 1
3 265 104 1
265 104 142 1
104 142 3 1
142 3 265 1
3 265 265 1
265 265 3 1
265 3 265 1
3 265 3 1
265 3 265 1
3 265 3 1
265 3 3 1
3 3 104 1
3 104 3 1
104 3 3 1
3 3 265 1
3 265 3 1
265 3 3 1
3 3 265 1
3 265 3 1
265 3 146 1
3 146 265 1
146 265 104 1
265 104 3 1
104 3 142 1
3 142 3 1
142 3 3 1
3 3 3 1
3 3 142 1
3 142 3 1
142 3 3 1
3 3 3 1
3 3 3 1
3 3 142 1
3 142 142 1
142 142 142 1
142 142 265 1
142 265 265 1
265 265 3 1
265 3 3 1
3 3 3 1
3 3 146 1
3 146 104 1
146 104 3 1
104 3 142 1
3 142 3 1
142 3 265 1
3 265 3 1
265 3 265 1
3 265 142 1
265 142 3 1
142 3 104 1
3 104 142 1
104 142 3 1
142 3 3 1
3 3 265 1
3 265 265 1
265 265 142 1
265 142 3 1
142 3 3 1
3 3 3 1
3 3 265 1
3 265 3 1
265 3 3 1
3 3 104 1
3 104 142 1
104 142 104 1
142 104 3 1
104 3 104 1
3 104 265 1
104 265 142 1
265 142 3 1
142 3 142 1
3 142 3 1
142 3 3 1
3 3 3 1
3 3 142 1
3 142 142 1
142 142 146 1
142 146 265 1
146 265 104 1
265 104 265 1
104 265 3 1
265 3 3 1
3 3 104 1
3 104 3 1
104 3 142 1
3 142 265 1
142 265 142 1
265 142 265 1
142 265 142 1
265 142 142 1
142 142 265 1
142 265 3 1
265 3 142 1
3 142 146 1
142 146 265 1
146 265 142 1
265 142 265 1
142 265 3 1
265 3 3 1
3 3 3 1
3 3 142 1
3 142 3 1
142 3 142 1
3 142 142 1
142 142 3 1
142 3 142 1
3 142 142 1
142 142 142 1
142 142 142 1
142 142 142 1
142 142 142 1
142 142 142 1
142 142 3 1
142 3 142 1
3 142 142 1
142 142 104 1
142 104 3 1
104 3 3 1
3 3 104 1
3 104 3 1
104 3 265 1
3 265 265 1
265 265 3 1
265 3 3 1
3 3 3 1
3 3 142 1
3 142 142 1
142 142 104 1
142 104 265 1
104 265 265 1
265 265 265 1
265 265 104 1
265 104 265 1
104 265 265 1
265 265 3 1
265 3 104 1
3 104 3 1
104 3 265 1
3 265 142 1
265 142 104 1
142 104 265 1
104 265 142 1
265 142 142 1
142 142 142 1
142 142 3 1
142 3 265 1
3 265 142 1
265 142 146 1
142 146 3 1
146 3 104 1
3 104 265 1
104 265 175 1
265 175 175 1
175 175 175 1
175 175 146 1
175 146 265 1
146 265 3 1
265 3 3 1
3 3 142 1
3 142 3 1
142 3 142 1
3 142 265 1
142 265 3 1
265 3 3 1
3 3 142 1
3 142 3 1
142 3 104 1
3 104 146 1
104 146 3 1
146 3 104 1
3 104 3 1
104 3 142 1
3 142 142 1
142 142 142 1
142 142 3 1
142 3 104 1
3 104 3 1
104 3 142 1
3 142 3 1
142 3 265 1
3 265 104 1
265 104 142 1
104 142 3 1
142 3 142 1
3 142 265 1
142 265 3 1
265 3 142 1
3 142 142 1
142 142 3 1
142 3 265 1
3 265 3 1
265 3 3 1
3 3 3 1
3 3 265 1
3 265 104 1
265 104 3 1
104 3 142 1
3 142 3 1
142 3 3 1
3 3 142 1
3 142 146 1
142 146 3 1
146 3 142 1
3 142 265 1
142 265 142 1
265 142 3 1
142 3 142 1
3 142 142 1
142 142 142 1
142 142 3 1
142 3 104 1
3 104 3 1
104 3 142 1
3 142 3 1
142 3 3 1
3 3 3 1
3 3 265 1
3 265 3 1
265 3 265 1
3 265 142 1
265 142 265 1
142 265 142 1
265 142 142 1
142 142 3 1
142 3 265 1
3 265 3 1
265 3 142 1
3 142 104 1
142 104 3 1
104 3 146 1
3 146 3 1
146 3 3 1
3 3 265 1
3 265 142 1
265 142 3 1
142 3 104 1
3 104 3 1
104 3 142 1
3 142 265 1
142 265 142 1
265 142 3 1
142 3 3 1
3 3 142 1
3 142 265 1
142 265 142 1
265 142 3 1
142 3 265 1
3 265 265 1
265 265 3 1
265 3 142 1
3 142 3 1
142 3 265 1
3 265 3 1
265 3 3 1
3 3 3 1
3 3 265 1
3 265 142 1
265 142 142 1
142 142 3 1
142 3 119 1
3 119 146 1
119 146 3 1
146 3 3 1
3 3 119 1
3 119 3 1
119 3 142 1
3 142 142 1
142 142 3 1
142 3 146 1
3 146 142 1
146 142 142 1
142 142 3 1
142 3 3 1
3 3 142 1
3 142 146 1
142 146 104 1
146 104 265 1
104 265 3 1
265 3 142 1
3 142 142 1
142 142 3 1
142 3 146 1
3 146 142 1
146 142 265 1
142 265 146 1
265 146 104 1
146 104 265 1
104 265 265 1
265 265 142 1
265 142 146 1
142 146 3 1
146 3 146 1
3 146 3 1
146 3 265 1
3 265 142 1
265 142 142 1
142 142 142 1
new
142 142 142 1
142 142 142 1
142 142 13 1
142 13 13 1
13 13 142 1
13 142 13 1
142 13 142 1
13 142 142 1
142 142 142 1
142 142 142 1
142 142 142 1
142 142 142 1
142 142 13 1
142 13 142 1
13 142 13 1
142 13 13 1
13 13 142 1
13 142 13 1
142 13 142 1
13 142 13 1
142 13 142 1
13 142 142 1
142 142 142 1
142 142 142 1
142 142 13 1
142 13 13 1
13 13 142 1
13 142 142 1
142 142 13 1
142 13 142 1
13 142 13 1
142 13 142 1
13 142 142 1
142 142 142 1
142 142 142 1
142 142 13 1
142 13 142 1
13 142 142 1
142 142 142 1
142 142 13 1
142 13 142 1
13 142 142 1
142 142 142 1
142 142 142 1
142 142 142 1
142 142 13 1
142 13 13 1
13 13 142 1
13 142 142 1
142 142 13 1
142 13 13 1
13 13 142 1
13 142 142 1
142 142 142 1
142 142 142 1
142 142 13 1
142 13 142 1
13 142 13 1
142 13 142 1
13 142 142 1
142 142 142 1
142 142 142 1
142 142 142 1
142 142 142 1
142 142 142 1
142 142 142 1
142 142 142 1
142 142 13 1
142 13 142 1
13 142 142 1
142 142 13 1
142 13 13 1
13 13 142 1
13 142 13 1
142 13 142 1
13 142 13 1
142 13 13 1
13 13 142 1
13 142 142 1
142 142 142 1
142 142 142 1
142 142 142 1
142 142 142 1
142 142 13 1
142 13 142 1
13 142 142 1
142 142 142 1
142 142 13 1
142 13 142 1
13 142 142 1
142 142 142 1
142 142 142 1
142 142 13 1
142 13 142 1
13 142 13 1
142 13 142 1
13 142 142 1
142 142 142 1
142 142 142 1
142 142 13 1
142 13 142 1
13 142 142 1
142 142 142 1
142 142 142 1
142 142 142 1
142 142 142 1
142 142 13 1
142 13 142 1
13 142 13 1
142 13 13 1
13 13 142 1
13 142 142 1
142 142 13 1
new
19 265 146 1
265 146 265 1
146 265 168 1
265 168 146 1
168 146 265 1
146 265 168 1
265 168 168 1
168 168 146 1
168 146 3 1
146 3 168 1
3 168 265 1
168 265 168 1
265 168 168 1
168 168 146 1
168 146 265 1
146 265 168 1
265 168 168 1
168 168 265 1
168 265 168 1
265 168 265 1
168 265 3 1
265 3 168 1
3 168 168 1
168 168 168 1
168 168 265 1
168 265 168 1
265 168 265 1
168 265 168 1
265 168 168 1
168 168 168 1
168 168 265 1
168 265 265 1
265 265 168 1
265 168 146 1
168 146 168 1
146 168 168 1
168 168 168 1
168 168 168 1
168 168 265 1
168 265 3 1
265 3 265 1
3 265 168 1
265 168 168 1
168 168 265 1
168 265 146 1
265 146 168 1
146 168 3 1
168 3 168 1
3 168 3 1
168 3 146 1
3 146 265 1
146 265 168 1
265 168 168 1
168 168 168 1
168 168 265 1
168 265 168 1
265 168 265 1
168 265 168 1
265 168 168 1
168 168 168 1
168 168 168 1
168 168 265 1
168 265 168 1
265 168 168 1
168 168 168 1
168 168 265 1
168 265 168 1
265 168 3 1
168 3 168 1
3 168 265 1
168 265 3 1
265 3 265 1
3 265 168 1
265 168 168 1
168 168 168 1
168 168 168 1
168 168 168 1
168 168 168 1
168 168 265 1
168 265 168 1
265 168 168 1
168 168 168 1
168 168 168 1
168 168 168 1
168 168 3 1
168 3 168 1
3 168 168 1
168 168 3 1
168 3 146 1
3 146 3 1
146 3 168 1
3 168 168 1
168 168 265 1
168 265 168 1
265 168 168 1
168 168 168 1
168 168 168 1
168 168 168 1
168 168 265 1
168 265 168 1
265 168 3 1
168 3 168 1
3 168 146 1
168 146 168 1
146 168 168 1
168 168 168 1
168 168 265 1
168 265 168 1
265 168 168 1
168 168 168 1
168 168 168 1
168 168 168 1
168 168 146 1
168 146 168 1
146 168 3 1
168 3 3 1
3 3 168 1
3 168 168 1
168 168 168 1
168 168 3 1
168 3 168 1
3 168 19 1
168 19 168 1
19 168 265 1
168 265 168 1
265 168 168 1
168 168 168 1
168 168 168 1
168 168 168 1
168 168 4 1
168 4 168 1
4 168 3 1
168 3 168 1
3 168 162 1
168 162 3 1
162 3 3 1
3 3 265 1
3 265 168 1
265 168 168 1
168 168 265 1
168 265 19 1
265 19 265 1
19 265 3 1
265 3 3 1
3 3 265 1
3 265 168 1
265 168 168 1
168 168 168 1
168 168 265 1
168 265 19 1
265 19 168 1
19 168 3 1
168 3 265 1
3 265 19 1
265 19 168 1
19 168 168 1
168 168 146 1
168 146 3 1
146 3 146 1
3 146 3 1
146 3 3 1
3 3 168 1
3 168 3 1
168 3 3 1
3 3 168 1
3 168 3 1
168 3 168 1
3 168 265 1
168 265 168 1
265 168 168 1
168 168 265 1
168 265 168 1
265 168 168 1
168 168 3 1
168 3 78 1
3 78 265 1
78 265 4 1
265 4 168 1
4 168 146 1
168 146 265 1
146 265 265 1
265 265 265 1
265 265 146 1
265 146 3 1
146 3 3 1
3 3 265 1
3 265 168 1
265 168 168 1
168 168 3 1
168 3 265 1
3 265 168 1
265 168 168 1
168 168 168 1
168 168 3 1
168 3 4 1
3 4 168 1
4 168 19 1
168 19 265 1
19 265 168 1
265 168 3 1
168 3 3 1
3 3 168 1
3 168 19 1
168 19 265 1
19 265 168 1
265 168 3 1
168 3 3 1
3 3 168 1
3 168 4 1
168 4 265 1
4 265 168 1
265 168 3 1
168 3 265 1
3 265 19 1
265 19 168 1
19 168 168 1
168 168 3 1
168 3 265 1
3 265 4 1
265 4 168 1
4 168 168 1
168 168 265 1
168 265 168 1
265 168 168 1
168 168 168 1
168 168 168 1
168 168 146 1
168 146 265 1
146 265 265 1
265 265 168 1
265 168 265 1
168 265 3 1
265 3 265 1
3 265 78 1
265 78 168 1
78 168 3 1
168 3 168 1
3 168 3 1
168 3 3 1
3 3 19 1
3 19 265 1
19 265 265 1
265 265 3 1
265 3 146 1
3 146 265 1
146 265 168 1
265 168 168 1
168 168 146 1
168 146 3 1
146 3 265 1
3 265 78 1
265 78 146 1
78 146 19 1
146 19 146 1
19 146 168 1
146 168 168 1
168 168 3 1
168 3 168 1
3 168 265 1
168 265 4 1
265 4 146 1
4 146 3 1
146 3 265 1
3 265 168 1
265 168 3 1
168 3 168 1
3 168 168 1
168 168 168 1
168 168 265 1
168 265 168 1
265 168 3 1
168 3 78 1
3 78 4 1
78 4 3 1
4 3 3 1
3 3 3 1
3 3 168 1
3 168 168 1
168 168 168 1
168 168 146 1
168 146 3 1
146 3 3 1
3 3 3 1
3 3 265 1
3 265 3 1
265 3 168 1
3 168 168 1
168 168 168 1
168 168 168 1
168 168 168 1
168 168 168 1
168 168 168 1
168 168 168 1
168 168 168 1
168 168 168 1
168 168 168 1
168 168 168 1
168 168 265 1
168 265 168 1
265 168 3 1
168 3 168 1
3 168 3 1
168 3 3 1
3 3 265 1
3 265 168 1
265 168 168 1
168 168 168 1
168 168 265 1
168 265 168 1
265 168 168 1
168 168 168 1
168 168 168 1
168 168 168 1
168 168 168 1
168 168 168 1
168 168 3 1
168 3 3 1
3 3 146 1
3 146 78 1
146 78 265 1
78 265 265 1
265 265 168 1
265 168 168 1
168 168 3 1
168 3 265 1
3 265 168 1
265 168 168 1
168 168 168 1
168 168 265 1
168 265 168 1
265 168 146 1
168 146 168 1
146 168 168 1
168 168 265 1
168 265 168 1
265 168 168 1
168 168 168 1
168 168 168 1
168 168 3 1
168 3 146 1
3 146 265 1
146 265 3 1
265 3 168 1
3 168 146 1
168 146 168 1
146 168 146 1
168 146 168 1
146 168 265 1
168 265 168 1
265 168 168 1
168 168 168 1
168 168 168 1
168 168 3 1
168 3 3 1
3 3 168 1
3 168 168 1
168 168 168 1
168 168 168 1
168 168 265 1
168 265 168 1
265 168 168 1
168 168 265 1
168 265 3 1
265 3 146 1
3 146 265 1
146 265 146 1
265 146 265 1
146 265 168 1
265 168 146 1
168 146 168 1
146 168 168 1
168 168 168 1
168 168 168 1
168 168 168 1
168 168 168 1
168 168 168 1
168 168 146 1
168 146 168 1
146 168 168 1
168 168 146 1
168 146 168 1
146 168 168 1
168 168 168 1
168 168 265 1
168 265 168 1
265 168 3 1
168 3 168 1
3 168 265 1
168 265 265 1
265 265 265 1
265 265 265 1
265 265 168 1
265 168 168 1
168 168 265 1
168 265 265 1
265 265 168 1
265 168 168 1
168 168 146 1
168 146 168 1
146 168 146 1
168 146 265 1
146 265 265 1
265 265 168 1
265 168 146 1
168 146 168 1
146 168 146 1
168 146 168 1
146 168 168 1
168 168 3 1
168 3 146 1
3 146 146 1
146 146 168 1
146 168 168 1
168 168 168 1
168 168 168 1
168 168 168 1
168 168 146 1
168 146 168 1
146 168 168 1
168 168 168 1
168 168 265 1
168 265 146 1
265 146 168 1
146 168 265 1
168 265 168 1
265 168 168 1
168 168 168 1
168 168 265 1
168 265 168 1
265 168 265 1
168 265 168 1
265 168 168 1
168 168 146 1
168 146 168 1
146 168 3 1
168 3 168 1
3 168 168 1
168 168 265 1
168 265 168 1
265 168 168 1
168 168 3 1
168 3 168 1
3 168 168 1
168 168 168 1
168 168 168 1
168 168 168 1
168 168 168 1
168 168 146 1
168 146 168 1
146 168 3 1
168 3 3 1
3 3 168 1
3 168 168 1
168 168 168 1
168 168 168 1
168 168 168 1
168 168 168 1
168 168 168 1
168 168 3 1
168 3 168 1
3 168 265 1
168 265 168 1
265 168 168 1
168 168 265 1
168 265 265 1
265 265 3 1
265 3 3 1
3 3 168 1
3 168 3 1
168 3 168 1
3 168 168 1
168 168 168 1
168 168 168 1
168 168 3 1
168 3 265 1
3 265 168 1
265 168 265 1
168 265 168 1
265 168 168 1
168 168 265 1
168 265 146 1
265 146 168 1
146 168 146 1
168 146 265 1
146 265 168 1
265 168 265 1
168 265 168 1
265 168 168 1
168 168 265 1
168 265 168 1
265 168 168 1
168 168 265 1
168 265 168 1
265 168 265 1
168 265 168 1
265 168 265 1
168 265 265 1
265 265 168 1
265 168 168 1
168 168 168 1
168 168 168 1
168 168 168 1
168 168 265 1
168 265 146 1
265 146 146 1
146 146 168 1
146 168 3 1
168 3 168 1
3 168 146 1
168 146 168 1
146 168 168 1
168 168 168 1
168 168 168 1
168 168 265 1
168 265 168 1
265 168 265 1
168 265 265 1
265 265 168 1
265 168 265 1
168 265 168 1
265 168 168 1
168 168 168 1
168 168 265 1
168 265 168 1
265 168 168 1
168 168 168 1
168 168 265 1
168 265 3 1
265 3 168 1
3 168 265 1
168 265 168 1
265 168 265 1
168 265 168 1
265 168 168 1
168 168 168 1
168 168 168 1
168 168 168 1
168 168 168 1
168 168 168 1
168 168 168 1
168 168 146 1
168 146 168 1
146 168 265 1
168 265 168 1
265 168 168 1
168 168 265 1
168 265 168 1
265 168 168 1
168 168 168 1
168 168 3 1
168 3 265 1
3 265 168 1
265 168 146 1
168 146 168 1
146 168 3 1
168 3 3 1
3 3 265 1
3 265 265 1
265 265 168 1
265 168 78 1
168 78 3 1
78 3 265 1
3 265 265 1
265 265 168 1
265 168 265 1
168 265 168 1
265 168 3 1
168 3 168 1
3 168 168 1
168 168 3 1
168 3 168 1
3 168 265 1
168 265 168 1
265 168 265 1
168 265 3 1
265 3 168 1
3 168 3 1
168 3 168 1
3 168 265 1
168 265 168 1
265 168 265 1
168 265 168 1
265 168 3 1
168 3 168 1
3 168 168 1
168 168 3 1
168 3 168 1
3 168 168 1
168 168 168 1
168 168 168 1
168 168 168 1
168 168 265 1
168 265 168 1
265 168 3 1
168 3 168 1
3 168 265 1
168 265 168 1
265 168 168 1
168 168 168 1
168 168 168 1
168 168 265 1
168 265 265 1
265 265 265 1
265 265 146 1
265 146 265 1
146 265 168 1
265 168 265 1
168 265 168 1
265 168 265 1
168 265 168 1
265 168 168 1
168 168 146 1
168 146 168 1
146 168 168 1
168 168 168 1
168 168 168 1
168 168 168 1
168 168 168 1
168 168 265 1
168 265 168 1
265 168 168 1
168 168 265 1
168 265 168 1
265 168 146 1
168 146 168 1
146 168 265 1
168 265 3 1
265 3 168 1
3 168 265 1
168 265 265 1
265 265 3 1
265 3 168 1
3 168 168 1
168 168 146 1
168 146 168 1
146 168 265 1
168 265 146 1
265 146 168 1
146 168 168 1
168 168 168 1
168 168 168 1
168 168 168 1
168 168 265 1
168 265 3 1
265 3 3 1
3 3 168 1
3 168 168 1
168 168 168 1
168 168 3 1
168 3 168 1
3 168 168 1
168 168 265 1
168 265 265 1
265 265 168 1
265 168 168 1
168 168 168 1
168 168 168 1
168 168 168 1
168 168 168 1
168 168 265 1
168 265 265 1
265 265 3 1
265 3 168 1
3 168 146 1
168 146 168 1
146 168 168 1
168 168 146 1
168 146 3 1
146 3 168 1
3 168 168 1
168 168 168 1
168 168 3 1
168 3 168 1
3 168 168 1
168 168 168 1
168 168 265 1
168 265 168 1
265 168 3 1
168 3 168 1
3 168 168 1
168 168 3 1
168 3 265 1
3 265 168 1
265 168 265 1
168 265 168 1
265 168 265 1
168 265 168 1
265 168 265 1
168 265 168 1
265 168 168 1
168 168 3 1
168 3 4 1
3 4 168 1
4 168 168 1
168 168 265 1
168 265 3 1
265 3 78 1
3 78 168 1
78 168 168 1
168 168 168 1
168 168 146 1
168 146 168 1
146 168 168 1
168 168 3 1
168 3 4 1
3 4 3 1
4 3 168 1
3 168 168 1
168 168 168 1
168 168 3 1
168 3 265 1
3 265 265 1
265 265 3 1
265 3 265 1
3 265 4 1
265 4 168 1
4 168 3 1
168 3 3 1
3 3 265 1
3 265 168 1
265 168 168 1
168 168 265 1
168 265 168 1
265 168 168 1
168 168 168 1
168 168 3 1
168 3 78 1
3 78 265 1
78 265 4 1
265 4 168 1
4 168 168 1
168 168 168 1
168 168 168 1
168 168 265 1
168 265 265 1
265 265 19 1
265 19 168 1
19 168 146 1
168 146 168 1
146 168 265 1
168 265 265 1
265 265 168 1
265 168 168 1
168 168 168 1
168 168 162 1
168 162 168 1
162 168 3 1
168 3 168 1
3 168 168 1
168 168 265 1
168 265 168 1
265 168 168 1
168 168 4 1
168 4 146 1
4 146 168 1
146 168 3 1
new
168 102 168 1
102 168 102 1
168 102 168 1
102 168 168 1
168 168 168 1
168 168 168 1
168 168 45 1
168 45 45 1
45 45 183 1
45 183 122 1
183 122 120 1
122 120 6 1
120 6 3 1
6 3 6 1
3 6 13 1
6 13 183 1
13 183 120 1
183 120 78 1
120 78 78 1
78 78 168 1
78 168 78 1
168 78 3 1
78 3 78 1
3 78 78 1
78 78 78 1
78 78 78 1
78 78 195 1
78 195 78 1
195 78 78 1
78 78 175 1
78 175 102 1
175 102 102 1
102 102 102 1
102 102 168 1
102 168 102 1
168 102 168 1
102 168 102 1
168 102 168 1
102 168 102 1
168 102 168 1
102 168 102 1
168 102 168 1
102 168 102 1
168 102 168 1
102 168 102 1
168 102 168 1
102 168 102 1
168 102 168 1
102 168 102 1
168 102 168 1
102 168 102 1
168 102 168 1
102 168 102 1
168 102 168 1
102 168 102 1
168 102 168 1
102 168 102 1
168 102 168 1
102 168 102 1
168 102 168 1
102 168 102 1
168 102 168 1
102 168 102 1
168 102 168 1
102 168 102 1
168 102 168 1
102 168 102 1
168 102 168 1
102 168 102 1
168 102 168 1
102 168 102 1
168 102 168 1
102 168 102 1
168 102 168 1
102 168 102 1
168 102 168 1
102 168 102 1
168 102 168 1
102 168 102 1
168 102 168 1
102 168 102 1
168 102 168 1
102 168 102 1
168 102 168 1
102 168 168 1
168 168 168 1
168 168 102 1
168 102 102 1
102 102 168 1
102 168 102 1
168 102 168 1
102 168 102 1
168 102 91 1
102 91 331 1
91 331 7 1
331 7 13 1
7 13 13 1
13 13 183 1
13 183 6 1
183 6 104 1
6 104 146 1
new
