240 311 78 0
311 78 78 0
78 78 265 0
78 265 240 0
265 240 78 0
240 78 265 0
78 265 240 0
265 240 240 0
240 240 240 0
240 240 240 0
240 240 78 0
240 78 240 0
78 240 78 0
240 78 265 0
78 265 240 0
265 240 240 0
240 240 78 0
240 78 265 0
78 265 240 0
265 240 240 0
240 240 240 0
240 240 78 0
240 78 240 0
78 240 4 0
240 4 78 0
4 78 78 0
78 78 265 0
78 265 196 0
265 196 78 0
196 78 240 0
78 240 196 0
240 196 78 0
196 78 265 0
78 265 240 0
265 240 240 0
240 240 196 0
240 196 78 0
196 78 265 0
78 265 240 0
265 240 240 0
240 240 240 0
240 240 196 0
240 196 240 0
196 240 240 0
240 240 78 0
240 78 265 0
78 265 240 0
265 240 240 0
240 240 196 0
240 196 78 0
196 78 265 0
78 265 240 0
265 240 240 0
240 240 196 0
240 196 78 0
196 78 265 0
78 265 240 0
265 240 240 0
240 240 240 0
240 240 196 0
240 196 78 0
196 78 265 0
78 265 240 0
265 240 240 0
240 240 78 0
240 78 265 0
78 265 240 0
265 240 240 0
240 240 78 0
240 78 240 0
78 240 196 0
240 196 240 0
196 240 240 0
240 240 240 0
240 240 78 0
240 78 196 0
78 196 240 0
196 240 240 0
240 240 78 0
240 78 265 0
78 265 240 0
265 240 240 0
240 240 196 0
240 196 78 0
196 78 196 0
78 196 78 0
196 78 265 0
78 265 240 0
265 240 240 0
240 240 196 0
240 196 240 0
196 240 240 0
240 240 240 0
240 240 78 0
240 78 240 0
78 240 265 0
240 265 240 0
265 240 240 0
240 240 240 0
240 240 196 0
240 196 240 0
196 240 78 0
240 78 240 0
78 240 196 0
240 196 78 0
196 78 265 0
78 265 240 0
265 240 240 0
240 240 196 0
240 196 240 0
196 240 78 0
240 78 240 0
78 240 196 0
240 196 240 0
196 240 240 0
240 240 78 0
240 78 196 0
78 196 78 0
196 78 265 0
78 265 240 0
265 240 240 0
240 240 196 0
240 196 78 0
196 78 265 0
78 265 240 0
265 240 240 0
240 240 196 0
240 196 78 0
196 78 240 0
78 240 196 0
240 196 240 0
196 240 78 0
240 78 240 0
78 240 265 0
240 265 240 0
265 240 240 0
240 240 240 0
240 240 240 0
240 240 196 0
240 196 78 0
196 78 265 0
78 265 240 0
265 240 240 0
240 240 196 0
240 196 240 0
196 240 78 0
240 78 240 0
78 240 196 0
240 196 78 0
196 78 265 0
78 265 240 0
265 240 240 0
240 240 196 0
240 196 78 0
196 78 265 0
78 265 240 0
265 240 240 0
240 240 196 0
240 196 240 0
196 240 78 0
240 78 240 0
78 240 196 0
240 196 78 0
196 78 265 0
78 265 240 0
265 240 240 0
240 240 196 0
240 196 78 0
196 78 265 0
78 265 240 0
265 240 240 0
240 240 196 0
240 196 78 0
196 78 240 0
78 240 196 0
240 196 240 0
196 240 78 0
240 78 240 0
78 240 196 0
240 196 78 0
196 78 265 0
78 265 240 0
265 240 240 0
240 240 196 0
240 196 78 0
196 78 265 0
78 265 240 0
265 240 240 0
240 240 196 0
240 196 78 0
196 78 265 0
78 265 240 0
265 240 240 0
240 240 196 0
240 196 78 0
196 78 240 0
78 240 265 0
240 265 240 0
265 240 240 0
240 240 196 0
240 196 78 0
196 78 265 0
78 265 240 0
265 240 240 0
240 240 196 0
240 196 78 0
196 78 265 0
78 265 240 0
265 240 240 0
240 240 196 0
240 196 78 0
196 78 265 0
78 265 240 0
265 240 196 0
240 196 196 0
196 196 196 0
196 196 196 0
196 196 196 0
196 196 196 0
196 196 196 0
196 196 196 0
196 196 196 0
196 196 196 0
196 196 196 0
196 196 196 0
196 196 220 0
196 220 78 0
220 78 265 0
78 265 240 0
265 240 240 0
240 240 78 0
240 78 219 0
new
11 45 33 0
45 33 192 0
33 192 33 0
192 33 5 0
33 5 197 0
5 197 192 0
197 192 6 0
192 6 33 0
6 33 5 0
33 5 3 0
5 3 197 0
3 197 192 0
197 192 192 0
192 192 6 0
192 6 33 0
6 33 5 0
33 5 3 0
5 3 197 0
3 197 192 0
197 192 192 0
192 192 6 0
192 6 33 0
6 33 5 0
33 5 3 0
5 3 197 0
3 197 192 0
197 192 192 0
192 192 192 0
192 192 192 0
192 192 6 0
192 6 33 0
6 33 5 0
33 5 3 0
5 3 197 0
3 197 192 0
197 192 192 0
192 192 192 0
192 192 6 0
192 6 33 0
6 33 5 0
33 5 3 0
5 3 197 0
3 197 192 0
197 192 192 0
192 192 192 0
192 192 6 0
192 6 192 0
6 192 243 0
192 243 125 0
243 125 125 0
125 125 125 0
125 125 125 0
125 125 125 0
125 125 125 0
125 125 125 0
125 125 91 0
125 91 258 0
91 258 311 0
258 311 240 0
311 240 240 0
240 240 174 0
240 174 174 0
174 174 175 0
174 175 191 0
175 191 122 0
191 122 174 0
122 174 45 0
174 45 45 0
45 45 199 0
45 199 201 0
199 201 200 0
201 200 202 0
200 202 5 0
202 5 197 0
5 197 192 0
197 192 192 0
192 192 6 0
192 6 5 0
6 5 3 0
5 3 6 0
3 6 13 0
6 13 85 0
13 85 195 0
85 195 195 0
195 195 195 0
195 195 195 0
195 195 195 0
195 195 54 0
195 54 140 0
54 140 54 0
140 54 140 0
54 140 54 0
140 54 140 0
54 140 5 0
140 5 54 0
5 54 140 0
54 140 221 0
140 221 197 0
221 197 174 0
197 174 45 0
174 45 3 0
45 3 195 0
3 195 195 0
195 195 195 0
195 195 195 0
195 195 195 0
195 195 195 0
195 195 195 0
195 195 195 0
195 195 195 0
195 195 195 0
195 195 195 0
195 195 195 0
195 195 195 0
195 195 195 0
195 195 5 0
195 5 54 0
5 54 140 0
54 140 3 0
140 3 140 0
3 140 140 0
140 140 6 0
140 6 195 0
6 195 195 0
195 195 195 0
195 195 195 0
195 195 195 0
195 195 3 0
195 3 140 0
3 140 140 0
140 140 6 0
140 6 195 0
6 195 195 0
195 195 195 0
195 195 45 0
195 45 140 0
45 140 195 0
140 195 195 0
195 195 195 0
195 195 3 0
195 3 3 0
3 3 6 0
3 6 195 0
6 195 195 0
195 195 3 0
195 3 195 0
3 195 3 0
195 3 45 0
3 45 45 0
45 45 3 0
45 3 3 0
3 3 3 0
3 3 3 0
3 3 6 0
3 6 140 0
6 140 140 0
140 140 6 0
140 6 195 0
6 195 195 0
195 195 195 0
195 195 240 0
195 240 5 0
240 5 3 0
5 3 197 0
3 197 192 0
197 192 192 0
192 192 6 0
192 6 125 0
6 125 3 0
125 3 45 0
3 45 3 0
45 3 6 0
3 6 195 0
6 195 195 0
195 195 195 0
195 195 195 0
195 195 195 0
195 195 195 0
195 195 195 0
195 195 195 0
195 195 195 0
195 195 195 0
195 195 195 0
195 195 6 0
195 6 3 0
6 3 6 0
3 6 3 0
6 3 6 0
3 6 195 0
6 195 195 0
195 195 195 0
195 195 195 0
195 195 3 0
195 3 140 0
3 140 140 0
140 140 5 0
140 5 3 0
5 3 45 0
3 45 3 0
45 3 3 0
3 3 6 0
3 6 3 0
6 3 6 0
3 6 195 0
6 195 195 0
195 195 195 0
195 195 195 0
195 195 195 0
195 195 3 0
195 3 6 0
3 6 195 0
6 195 3 0
195 3 3 0
3 3 195 0
3 195 195 0
195 195 3 0
195 3 195 0
3 195 3 0
195 3 3 0
3 3 140 0
3 140 140 0
140 140 6 0
140 6 3 0
6 3 6 0
3 6 3 0
6 3 6 0
3 6 195 0
6 195 195 0
195 195 3 0
195 3 195 0
3 195 3 0
195 3 3 0
3 3 45 0
3 45 140 0
45 140 140 0
140 140 6 0
140 6 195 0
6 195 3 0
195 3 6 0
3 6 195 0
6 195 195 0
195 195 3 0
195 3 6 0
3 6 3 0
6 3 6 0
3 6 195 0
6 195 195 0
195 195 6 0
195 6 195 0
6 195 5 0
195 5 5 0
5 5 3 0
5 3 45 0
3 45 3 0
45 3 3 0
3 3 6 0
3 6 45 0
6 45 195 0
45 195 195 0
195 195 195 0
195 195 195 0
195 195 195 0
195 195 195 0
195 195 195 0
195 195 195 0
195 195 195 0
195 195 195 0
195 195 5 0
195 5 54 0
5 54 140 0
54 140 3 0
140 3 195 0
3 195 3 0
195 3 195 0
3 195 3 0
195 3 195 0
3 195 195 0
195 195 54 0
195 54 3 0
54 3 3 0
3 3 140 0
3 140 140 0
140 140 6 0
140 6 45 0
6 45 3 0
45 3 3 0
3 3 195 0
3 195 195 0
195 195 195 0
195 195 195 0
195 195 195 0
195 195 195 0
195 195 195 0
195 195 195 0
195 195 195 0
195 195 195 0
195 195 195 0
195 195 195 0
195 195 140 0
195 140 140 0
140 140 6 0
140 6 195 0
6 195 192 0
195 192 6 0
192 6 195 0
6 195 195 0
195 195 3 0
195 3 3 0
3 3 140 0
3 140 140 0
140 140 6 0
140 6 45 0
6 45 140 0
45 140 140 0
140 140 3 0
140 3 3 0
3 3 6 0
3 6 195 0
6 195 195 0
195 195 195 0
195 195 5 0
195 5 195 0
5 195 195 0
195 195 3 0
195 3 3 0
3 3 6 0
3 6 3 0
6 3 3 0
3 3 6 0
3 6 195 0
6 195 195 0
195 195 3 0
195 3 3 0
3 3 3 0
3 3 3 0
3 3 3 0
3 3 3 0
3 3 3 0
3 3 3 0
3 3 6 0
3 6 45 0
6 45 195 0
45 195 195 0
195 195 195 0
195 195 195 0
195 195 195 0
195 195 6 0
195 6 3 0
6 3 6 0
3 6 195 0
6 195 195 0
195 195 195 0
195 195 140 0
195 140 140 0
140 140 6 0
140 6 195 0
6 195 195 0
195 195 195 0
195 195 3 0
195 3 140 0
3 140 140 0
140 140 6 0
140 6 195 0
6 195 195 0
195 195 5 0
195 5 3 0
5 3 6 0
3 6 3 0
6 3 6 0
3 6 195 0
6 195 195 0
195 195 120 0
195 120 6 0
120 6 6 0
6 6 3 0
6 3 6 0
3 6 195 0
6 195 140 0
195 140 140 0
140 140 6 0
140 6 195 0
6 195 125 0
195 125 3 0
125 3 45 0
3 45 140 0
45 140 140 0
140 140 6 0
140 6 3 0
6 3 3 0
3 3 6 0
3 6 3 0
6 3 3 0
3 3 195 0
3 195 195 0
195 195 195 0
195 195 195 0
195 195 195 0
195 195 195 0
195 195 195 0
195 195 195 0
195 195 195 0
195 195 195 0
195 195 3 0
195 3 140 0
3 140 140 0
140 140 6 0
140 6 3 0
6 3 6 0
3 6 3 0
6 3 3 0
3 3 3 0
3 3 6 0
3 6 3 0
6 3 195 0
3 195 195 0
195 195 195 0
195 195 195 0
195 195 195 0
195 195 195 0
195 195 3 0
195 3 6 0
3 6 3 0
6 3 45 0
3 45 3 0
45 3 6 0
3 6 195 0
6 195 195 0
195 195 195 0
195 195 195 0
195 195 195 0
195 195 195 0
195 195 195 0
195 195 3 0
195 3 140 0
3 140 140 0
140 140 3 0
140 3 3 0
3 3 6 0
3 6 195 0
6 195 195 0
195 195 195 0
195 195 195 0
195 195 195 0
195 195 195 0
195 195 192 0
195 192 6 0
192 6 125 0
6 125 197 0
125 197 195 0
197 195 195 0
195 195 3 0
195 3 195 0
3 195 195 0
195 195 3 0
195 3 3 0
3 3 3 0
3 3 3 0
3 3 3 0
3 3 6 0
3 6 195 0
6 195 195 0
195 195 195 0
195 195 195 0
195 195 195 0
195 195 3 0
195 3 195 0
3 195 195 0
195 195 3 0
195 3 45 0
3 45 3 0
45 3 6 0
3 6 3 0
6 3 6 0
3 6 3 0
6 3 3 0
3 3 45 0
3 45 3 0
45 3 3 0
3 3 6 0
3 6 3 0
6 3 6 0
3 6 3 0
6 3 3 0
3 3 6 0
3 6 195 0
6 195 195 0
195 195 5 0
195 5 54 0
5 54 140 0
54 140 197 0
140 197 221 0
197 221 3 0
221 3 195 0
3 195 195 0
195 195 195 0
195 195 195 0
195 195 195 0
195 195 195 0
195 195 195 0
195 195 195 0
195 195 195 0
195 195 3 0
195 3 195 0
3 195 45 0
195 45 3 0
45 3 3 0
3 3 6 0
3 6 3 0
6 3 6 0
3 6 195 0
6 195 195 0
195 195 195 0
195 195 195 0
195 195 3 0
195 3 6 0
3 6 195 0
6 195 5 0
195 5 54 0
5 54 3 0
54 3 3 0
3 3 3 0
3 3 3 0
3 3 3 0
3 3 3 0
3 3 3 0
3 3 3 0
3 3 45 0
3 45 3 0
45 3 3 0
3 3 3 0
3 3 195 0
3 195 5 0
195 5 54 0
5 54 140 0
54 140 197 0
140 197 221 0
197 221 143 0
221 143 3 0
143 3 195 0
3 195 195 0
195 195 195 0
195 195 195 0
195 195 3 0
195 3 195 0
3 195 5 0
195 5 3 0
5 3 3 0
3 3 6 0
3 6 45 0
6 45 3 0
45 3 3 0
3 3 6 0
3 6 195 0
6 195 5 0
195 5 54 0
5 54 140 0
54 140 197 0
140 197 221 0
197 221 143 0
221 143 3 0
143 3 3 0
3 3 3 0
3 3 3 0
3 3 3 0
3 3 3 0
3 3 3 0
3 3 3 0
3 3 3 0
3 3 3 0
3 3 3 0
3 3 3 0
3 3 3 0
3 3 3 0
3 3 3 0
3 3 3 0
3 3 3 0
3 3 3 0
3 3 3 0
3 3 3 0
3 3 45 0
3 45 3 0
45 3 3 0
3 3 3 0
3 3 3 0
3 3 3 0
3 3 3 0
3 3 3 0
3 3 3 0
3 3 3 0
3 3 3 0
3 3 3 0
3 3 3 0
3 3 3 0
3 3 3 0
3 3 3 0
3 3 3 0
3 3 3 0
3 3 3 0
3 3 3 0
3 3 3 0
3 3 3 0
3 3 3 0
3 3 3 0
3 3 3 0
3 3 3 0
3 3 3 0
3 3 3 0
3 3 3 0
3 3 3 0
3 3 3 0
3 3 3 0
3 3 3 0
3 3 3 0
3 3 3 0
3 3 3 0
3 3 3 0
3 3 3 0
3 3 3 0
3 3 45 0
3 45 3 0
45 3 3 0
3 3 3 0
3 3 3 0
3 3 3 0
3 3 3 0
3 3 3 0
3 3 3 0
3 3 3 0
3 3 3 0
3 3 3 0
3 3 3 0
3 3 3 0
3 3 3 0
3 3 3 0
3 3 3 0
3 3 3 0
3 3 3 0
3 3 3 0
3 3 3 0
3 3 3 0
3 3 3 0
3 3 3 0
3 3 3 0
3 3 3 0
3 3 3 0
3 3 3 0
3 3 3 0
3 3 3 0
3 3 3 0
3 3 3 0
3 3 3 0
3 3 3 0
3 3 3 0
3 3 3 0
3 3 3 0
3 3 3 0
3 3 3 0
3 3 3 0
3 3 3 0
3 3 3 0
3 3 3 0
3 3 3 0
3 3 3 0
3 3 45 0
3 45 3 0
45 3 3 0
3 3 3 0
3 3 3 0
3 3 3 0
3 3 3 0
3 3 3 0
3 3 3 0
3 3 3 0
3 3 3 0
3 3 3 0
3 3 3 0
3 3 3 0
3 3 3 0
3 3 3 0
3 3 3 0
3 3 3 0
3 3 3 0
3 3 3 0
3 3 3 0
3 3 3 0
3 3 3 0
3 3 45 0
3 45 3 0
45 3 3 0
3 3 3 0
3 3 3 0
3 3 3 0
3 3 3 0
3 3 3 0
3 3 3 0
3 3 3 0
3 3 3 0
3 3 3 0
3 3 3 0
3 3 3 0
3 3 3 0
3 3 3 0
3 3 3 0
3 3 3 0
3 3 3 0
3 3 3 0
3 3 3 0
3 3 45 0
3 45 45 0
45 45 3 0
45 3 3 0
3 3 3 0
3 3 3 0
3 3 3 0
3 3 3 0
3 3 3 0
3 3 3 0
3 3 3 0
3 3 3 0
3 3 3 0
3 3 3 0
3 3 3 0
3 3 3 0
3 3 3 0
3 3 3 0
3 3 3 0
3 3 3 0
3 3 3 0
3 3 3 0
3 3 3 0
3 3 3 0
3 3 3 0
3 3 3 0
3 3 3 0
3 3 3 0
3 3 3 0
3 3 3 0
3 3 3 0
3 3 3 0
3 3 3 0
3 3 3 0
3 3 3 0
3 3 3 0
3 3 3 0
3 3 3 0
3 3 3 0
3 3 3 0
3 3 3 0
3 3 3 0
3 3 3 0
3 3 3 0
3 3 3 0
3 3 45 0
3 45 45 0
45 45 3 0
45 3 3 0
3 3 3 0
3 3 3 0
3 3 3 0
3 3 3 0
3 3 3 0
3 3 3 0
3 3 3 0
3 3 3 0
3 3 3 0
3 3 3 0
3 3 3 0
3 3 3 0
3 3 3 0
3 3 3 0
3 3 3 0
3 3 3 0
3 3 3 0
3 3 3 0
3 3 3 0
3 3 3 0
3 3 3 0
3 3 3 0
3 3 3 0
3 3 3 0
3 3 3 0
3 3 3 0
3 3 3 0
3 3 3 0
3 3 3 0
3 3 3 0
3 3 3 0
3 3 3 0
3 3 3 0
3 3 3 0
3 3 3 0
3 3 3 0
3 3 3 0
3 3 3 0
3 3 3 0
3 3 3 0
3 3 45 0
3 45 3 0
45 3 3 0
3 3 3 0
3 3 3 0
3 3 3 0
3 3 3 0
3 3 3 0
3 3 3 0
3 3 3 0
3 3 3 0
3 3 3 0
3 3 3 0
3 3 3 0
3 3 3 0
3 3 3 0
3 3 3 0
3 3 3 0
3 3 3 0
3 3 3 0
3 3 3 0
3 3 3 0
3 3 3 0
3 3 3 0
3 3 3 0
3 3 3 0
3 3 3 0
3 3 3 0
3 3 3 0
3 3 3 0
3 3 3 0
3 3 3 0
3 3 3 0
3 3 3 0
3 3 3 0
3 3 3 0
3 3 3 0
3 3 3 0
3 3 3 0
3 3 3 0
3 3 3 0
3 3 3 0
3 3 3 0
3 3 3 0
3 3 3 0
3 3 3 0
3 3 3 0
3 3 3 0
3 3 3 0
3 3 3 0
3 3 3 0
3 3 3 0
3 3 3 0
3 3 3 0
3 3 3 0
3 3 3 0
3 3 3 0
3 3 3 0
3 3 3 0
3 3 3 0
3 3 3 0
3 3 45 0
3 45 3 0
45 3 3 0
3 3 3 0
3 3 3 0
3 3 3 0
3 3 3 0
3 3 3 0
3 3 3 0
3 3 3 0
3 3 3 0
3 3 3 0
3 3 3 0
3 3 3 0
3 3 3 0
3 3 3 0
3 3 3 0
3 3 3 0
3 3 3 0
3 3 3 0
3 3 3 0
3 3 3 0
3 3 6 0
3 6 195 0
6 195 3 0
195 3 3 0
3 3 195 0
3 195 195 0
195 195 3 0
195 3 140 0
3 140 140 0
140 140 6 0
140 6 3 0
6 3 3 0
3 3 3 0
3 3 45 0
3 45 3 0
45 3 3 0
3 3 3 0
3 3 45 0
3 45 3 0
45 3 3 0
3 3 3 0
3 3 6 0
3 6 221 0
6 221 3 0
221 3 3 0
3 3 5 0
3 5 54 0
5 54 140 0
54 140 197 0
140 197 63 0
197 63 6 0
63 6 221 0
6 221 195 0
221 195 195 0
195 195 195 0
195 195 195 0
195 195 195 0
195 195 195 0
195 195 195 0
195 195 195 0
195 195 195 0
195 195 195 0
195 195 195 0
195 195 5 0
195 5 54 0
5 54 140 0
54 140 3 0
140 3 195 0
3 195 195 0
195 195 195 0
195 195 195 0
195 195 195 0
195 195 195 0
195 195 195 0
195 195 195 0
195 195 195 0
195 195 3 0
195 3 45 0
3 45 3 0
45 3 6 0
3 6 195 0
6 195 195 0
195 195 195 0
195 195 195 0
195 195 195 0
195 195 195 0
195 195 195 0
195 195 195 0
195 195 195 0
195 195 3 0
195 3 3 0
3 3 6 0
3 6 3 0
6 3 45 0
3 45 3 0
45 3 6 0
3 6 42 0
6 42 42 0
42 42 120 0
42 120 6 0
120 6 6 0
6 6 42 0
6 42 120 0
42 120 6 0
120 6 3 0
6 3 6 0
3 6 54 0
6 54 140 0
54 140 3 0
140 3 3 0
3 3 6 0
3 6 175 0
6 175 42 0
175 42 120 0
42 120 6 0
120 6 3 0
6 3 6 0
3 6 6 0
6 6 6 0
6 6 6 0
6 6 174 0
6 174 174 0
174 174 174 0
174 174 7 0
174 7 174 0
7 174 174 0
174 174 174 0
new
174 6 6 0
6 6 5 0
6 5 220 0
5 220 221 0
220 221 221 0
221 221 221 0
221 221 221 0
221 221 221 0
221 221 221 0
221 221 221 0
221 221 221 0
221 221 221 0
221 221 221 0
221 221 221 0
221 221 221 0
221 221 221 0
221 221 221 0
221 221 221 0
221 221 221 0
221 221 221 0
221 221 221 0
221 221 221 0
221 221 221 0
221 221 221 0
221 221 221 0
221 221 221 0
221 221 221 0
221 221 221 0
221 221 221 0
221 221 221 0
221 221 221 0
221 221 221 0
221 221 221 0
221 221 221 0
221 221 221 0
221 221 221 0
221 221 221 0
221 221 221 0
221 221 221 0
221 221 221 0
221 221 221 0
221 221 221 0
221 221 221 0
221 221 221 0
221 221 221 0
221 221 221 0
221 221 221 0
221 221 221 0
221 221 221 0
221 221 221 0
221 221 221 0
221 221 221 0
221 221 221 0
221 221 221 0
221 221 221 0
221 221 221 0
221 221 221 0
221 221 221 0
221 221 221 0
221 221 221 0
221 221 221 0
221 221 221 0
221 221 221 0
221 221 221 0
221 221 221 0
221 221 221 0
221 221 221 0
221 221 221 0
221 221 221 0
221 221 221 0
221 221 221 0
221 221 221 0
221 221 220 0
221 220 6 0
220 6 63 0
6 63 6 0
63 6 5 0
6 5 63 0
5 63 6 0
63 6 11 0
6 11 45 0
11 45 33 0
45 33 192 0
33 192 33 0
192 33 5 0
33 5 197 0
5 197 192 0
197 192 6 0
192 6 33 0
6 33 5 0
33 5 3 0
5 3 197 0
3 197 192 0
197 192 192 0
192 192 6 0
192 6 33 0
6 33 5 0
33 5 3 0
5 3 197 0
3 197 192 0
197 192 192 0
192 192 6 0
192 6 33 0
6 33 5 0
33 5 3 0
5 3 197 0
3 197 192 0
197 192 192 0
192 192 192 0
192 192 6 0
192 6 33 0
6 33 5 0
33 5 3 0
5 3 197 0
3 197 192 0
197 192 192 0
192 192 6 0
192 6 33 0
6 33 5 0
33 5 3 0
5 3 197 0
3 197 192 0
197 192 192 0
192 192 192 0
192 192 6 0
192 6 33 0
6 33 5 0
33 5 3 0
5 3 197 0
3 197 192 0
197 192 192 0
192 192 192 0
192 192 6 0
192 6 192 0
6 192 192 0
192 192 243 0
192 243 125 0
243 125 125 0
125 125 125 0
125 125 125 0
125 125 125 0
125 125 125 0
125 125 125 0
125 125 125 0
125 125 91 0
125 91 258 0
91 258 311 0
258 311 240 0
311 240 240 0
240 240 174 0
240 174 174 0
174 174 175 0
174 175 191 0
175 191 122 0
191 122 174 0
122 174 174 0
174 174 174 0
174 174 45 0
174 45 45 0
45 45 13 0
45 13 5 0
13 5 197 0
5 197 197 0
197 197 192 0
197 192 3 0
192 3 140 0
3 140 3 0
140 3 6 0
3 6 91 0
6 91 5 0
91 5 197 0
5 197 192 0
197 192 3 0
192 3 3 0
3 3 3 0
3 3 6 0
3 6 91 0
6 91 201 0
91 201 102 0
201 102 102 0
102 102 6 0
102 6 102 0
6 102 102 0
102 102 6 0
102 6 5 0
6 5 197 0
5 197 192 0
197 192 3 0
192 3 3 0
3 3 6 0
3 6 91 0
6 91 5 0
91 5 197 0
5 197 192 0
197 192 6 0
192 6 33 0
6 33 5 0
33 5 3 0
5 3 197 0
3 197 192 0
197 192 192 0
192 192 6 0
192 6 33 0
6 33 5 0
33 5 3 0
5 3 197 0
3 197 5 0
197 5 6 0
5 6 6 0
6 6 221 0
6 221 5 0
221 5 3 0
5 3 5 0
3 5 5 0
5 5 3 0
5 3 195 0
3 195 6 0
195 6 3 0
6 3 5 0
3 5 180 0
5 180 221 0
180 221 197 0
221 197 5 0
197 5 5 0
5 5 3 0
5 3 3 0
3 3 3 0
3 3 3 0
3 3 3 0
3 3 3 0
3 3 3 0
3 3 3 0
3 3 6 0
3 6 91 0
6 91 240 0
91 240 5 0
240 5 3 0
5 3 197 0
3 197 6 0
197 6 125 0
6 125 5 0
125 5 3 0
5 3 197 0
3 197 192 0
197 192 192 0
192 192 3 0
192 3 180 0
3 180 180 0
180 180 6 0
new
174 6 6 0
6 6 5 0
6 5 220 0
5 220 221 0
220 221 221 0
221 221 221 0
221 221 221 0
221 221 221 0
221 221 221 0
221 221 221 0
221 221 221 0
221 221 221 0
221 221 221 0
221 221 221 0
221 221 221 0
221 221 221 0
221 221 221 0
221 221 221 0
221 221 221 0
221 221 221 0
221 221 221 0
221 221 221 0
221 221 221 0
221 221 221 0
221 221 221 0
221 221 221 0
221 221 221 0
221 221 221 0
221 221 221 0
221 221 221 0
221 221 221 0
221 221 221 0
221 221 221 0
221 221 221 0
221 221 221 0
221 221 221 0
221 221 221 0
221 221 221 0
221 221 221 0
221 221 221 0
221 221 221 0
221 221 221 0
221 221 221 0
221 221 221 0
221 221 221 0
221 221 221 0
221 221 221 0
221 221 221 0
221 221 221 0
221 221 221 0
221 221 221 0
221 221 221 0
221 221 221 0
221 221 221 0
221 221 221 0
221 221 221 0
221 221 221 0
221 221 221 0
221 221 221 0
221 221 221 0
221 221 221 0
221 221 221 0
221 221 221 0
221 221 221 0
221 221 221 0
221 221 221 0
221 221 221 0
221 221 221 0
221 221 221 0
221 221 221 0
221 221 221 0
221 221 221 0
221 221 221 0
221 221 221 0
221 221 220 0
221 220 6 0
220 6 63 0
6 63 6 0
63 6 5 0
6 5 63 0
5 63 6 0
63 6 11 0
6 11 45 0
11 45 33 0
45 33 192 0
33 192 33 0
192 33 5 0
33 5 197 0
5 197 192 0
197 192 6 0
192 6 33 0
6 33 5 0
33 5 3 0
5 3 197 0
3 197 192 0
197 192 192 0
192 192 6 0
192 6 33 0
6 33 5 0
33 5 3 0
5 3 197 0
3 197 192 0
197 192 192 0
192 192 6 0
192 6 33 0
6 33 5 0
33 5 3 0
5 3 197 0
3 197 192 0
197 192 192 0
192 192 192 0
192 192 6 0
192 6 33 0
6 33 5 0
33 5 3 0
5 3 197 0
3 197 192 0
197 192 192 0
192 192 6 0
192 6 33 0
6 33 5 0
33 5 3 0
5 3 197 0
3 197 192 0
197 192 192 0
192 192 192 0
192 192 6 0
192 6 33 0
6 33 5 0
33 5 3 0
5 3 197 0
3 197 192 0
197 192 192 0
192 192 192 0
192 192 6 0
192 6 192 0
6 192 192 0
192 192 243 0
192 243 125 0
243 125 125 0
125 125 125 0
125 125 125 0
125 125 125 0
125 125 125 0
125 125 125 0
125 125 125 0
125 125 91 0
125 91 258 0
91 258 311 0
258 311 240 0
311 240 240 0
240 240 174 0
240 174 174 0
174 174 175 0
174 175 191 0
175 191 122 0
191 122 174 0
122 174 174 0
174 174 174 0
174 174 45 0
174 45 45 0
45 45 13 0
45 13 5 0
13 5 197 0
5 197 197 0
197 197 192 0
197 192 3 0
192 3 140 0
3 140 3 0
140 3 6 0
3 6 91 0
6 91 5 0
91 5 197 0
5 197 192 0
197 192 3 0
192 3 3 0
3 3 3 0
3 3 6 0
3 6 91 0
6 91 201 0
91 201 102 0
201 102 102 0
102 102 6 0
102 6 102 0
6 102 102 0
102 102 6 0
102 6 5 0
6 5 197 0
5 197 192 0
197 192 3 0
192 3 3 0
3 3 6 0
3 6 91 0
6 91 5 0
91 5 197 0
5 197 192 0
197 192 6 0
192 6 33 0
6 33 5 0
33 5 3 0
5 3 197 0
3 197 192 0
197 192 192 0
192 192 6 0
192 6 33 0
6 33 5 0
33 5 3 0
5 3 197 0
3 197 192 0
197 192 192 0
192 192 192 0
192 192 6 0
192 6 125 0
6 125 125 0
125 125 91 0
125 91 5 0
91 5 197 0
5 197 192 0
197 192 6 0
192 6 33 0
6 33 5 0
33 5 3 0
5 3 197 0
3 197 192 0
197 192 192 0
192 192 6 0
192 6 33 0
6 33 5 0
33 5 3 0
5 3 197 0
3 197 192 0
197 192 192 0
192 192 6 0
192 6 125 0
6 125 125 0
125 125 91 0
125 91 5 0
91 5 221 0
5 221 140 0
221 140 197 0
140 197 140 0
197 140 5 0
140 5 6 0
5 6 3 0
6 3 192 0
3 192 5 0
192 5 221 0
5 221 221 0
221 221 197 0
221 197 180 0
197 180 221 0
180 221 180 0
221 180 180 0
180 180 197 0
180 197 192 0
197 192 3 0
192 3 45 0
3 45 5 0
45 5 5 0
5 5 197 0
5 197 192 0
197 192 3 0
192 3 3 0
3 3 3 0
3 3 3 0
3 3 3 0
3 3 3 0
new
240 311 78 0
311 78 240 0
78 240 196 0
240 196 240 0
196 240 78 0
240 78 240 0
78 240 265 0
240 265 240 0
265 240 240 0
240 240 196 0
240 196 78 0
196 78 196 0
78 196 78 0
196 78 240 0
78 240 265 0
240 265 240 0
265 240 240 0
240 240 240 0
240 240 196 0
240 196 78 0
196 78 196 0
78 196 78 0
196 78 265 0
78 265 240 0
265 240 240 0
240 240 196 0
240 196 78 0
196 78 265 0
78 265 240 0
265 240 240 0
240 240 196 0
240 196 240 0
196 240 240 0
240 240 78 0
240 78 265 0
78 265 240 0
265 240 240 0
240 240 196 0
240 196 78 0
196 78 265 0
78 265 240 0
265 240 240 0
240 240 196 0
240 196 240 0
196 240 78 0
240 78 240 0
78 240 196 0
240 196 78 0
196 78 265 0
78 265 240 0
265 240 240 0
240 240 196 0
240 196 240 0
196 240 78 0
240 78 265 0
78 265 240 0
265 240 240 0
240 240 196 0
240 196 240 0
196 240 78 0
240 78 265 0
78 265 240 0
265 240 240 0
240 240 196 0
240 196 240 0
196 240 78 0
240 78 240 0
78 240 265 0
240 265 240 0
265 240 240 0
240 240 196 0
240 196 240 0
196 240 78 0
240 78 240 0
78 240 265 0
240 265 240 0
265 240 240 0
240 240 240 0
240 240 196 0
240 196 240 0
196 240 78 0
240 78 240 0
78 240 196 0
240 196 78 0
196 78 265 0
78 265 240 0
265 240 240 0
240 240 265 0
240 265 240 0
265 240 240 0
240 240 265 0
240 265 240 0
265 240 240 0
240 240 240 0
240 240 196 0
240 196 78 0
196 78 265 0
78 265 240 0
265 240 240 0
240 240 240 0
240 240 196 0
240 196 78 0
196 78 265 0
78 265 240 0
265 240 240 0
240 240 240 0
240 240 196 0
240 196 78 0
196 78 265 0
78 265 240 0
265 240 240 0
240 240 240 0
240 240 196 0
240 196 78 0
196 78 265 0
78 265 240 0
265 240 240 0
240 240 240 0
240 240 196 0
240 196 78 0
196 78 265 0
78 265 240 0
265 240 240 0
240 240 240 0
240 240 196 0
240 196 78 0
196 78 265 0
78 265 240 0
265 240 240 0
240 240 240 0
240 240 196 0
240 196 78 0
196 78 265 0
78 265 240 0
265 240 240 0
240 240 240 0
240 240 196 0
240 196 78 0
196 78 265 0
78 265 240 0
265 240 240 0
240 240 240 0
240 240 196 0
240 196 78 0
196 78 265 0
78 265 240 0
265 240 240 0
240 240 240 0
240 240 196 0
240 196 78 0
196 78 265 0
78 265 240 0
265 240 240 0
240 240 240 0
240 240 196 0
240 196 78 0
196 78 265 0
78 265 240 0
265 240 240 0
240 240 240 0
240 240 196 0
240 196 78 0
196 78 265 0
78 265 240 0
265 240 240 0
240 240 240 0
240 240 196 0
240 196 78 0
196 78 265 0
78 265 240 0
265 240 240 0
240 240 240 0
240 240 196 0
240 196 78 0
196 78 265 0
78 265 240 0
265 240 240 0
240 240 240 0
240 240 196 0
240 196 78 0
196 78 265 0
78 265 240 0
265 240 240 0
240 240 240 0
240 240 196 0
240 196 78 0
196 78 265 0
78 265 240 0
265 240 240 0
240 240 240 0
240 240 196 0
240 196 78 0
196 78 265 0
78 265 240 0
265 240 240 0
240 240 240 0
240 240 196 0
240 196 78 0
196 78 265 0
78 265 240 0
265 240 240 0
240 240 240 0
240 240 196 0
240 196 78 0
196 78 265 0
78 265 240 0
265 240 240 0
240 240 240 0
240 240 196 0
240 196 78 0
196 78 265 0
78 265 240 0
265 240 240 0
240 240 240 0
240 240 196 0
240 196 78 0
196 78 265 0
78 265 240 0
265 240 240 0
240 240 240 0
240 240 196 0
240 196 78 0
196 78 265 0
78 265 240 0
265 240 240 0
240 240 196 0
240 196 78 0
196 78 265 0
78 265 240 0
265 240 240 0
240 240 240 0
240 240 196 0
240 196 78 0
196 78 265 0
78 265 240 0
265 240 240 0
240 240 240 0
240 240 196 0
240 196 78 0
196 78 265 0
78 265 240 0
265 240 240 0
240 240 240 0
240 240 196 0
240 196 78 0
196 78 265 0
78 265 240 0
265 240 240 0
240 240 240 0
240 240 196 0
240 196 78 0
196 78 265 0
78 265 240 0
265 240 240 0
240 240 240 0
240 240 196 0
240 196 78 0
196 78 265 0
78 265 240 0
265 240 240 0
240 240 240 0
240 240 196 0
240 196 78 0
196 78 265 0
78 265 240 0
265 240 240 0
240 240 240 0
240 240 196 0
240 196 78 0
196 78 265 0
78 265 240 0
265 240 240 0
240 240 240 0
240 240 196 0
240 196 78 0
196 78 265 0
78 265 240 0
265 240 240 0
240 240 240 0
240 240 196 0
240 196 78 0
196 78 265 0
78 265 240 0
265 240 240 0
240 240 240 0
240 240 196 0
240 196 78 0
196 78 265 0
78 265 240 0
265 240 240 0
240 240 240 0
240 240 196 0
240 196 78 0
196 78 265 0
78 265 240 0
265 240 240 0
240 240 240 0
240 240 196 0
240 196 78 0
196 78 265 0
78 265 240 0
265 240 240 0
240 240 240 0
240 240 196 0
240 196 78 0
196 78 265 0
78 265 240 0
265 240 240 0
240 240 240 0
240 240 196 0
240 196 78 0
196 78 265 0
78 265 240 0
265 240 240 0
240 240 240 0
240 240 196 0
240 196 78 0
196 78 265 0
78 265 240 0
265 240 240 0
240 240 240 0
240 240 196 0
240 196 78 0
196 78 265 0
78 265 240 0
265 240 240 0
240 240 240 0
240 240 196 0
240 196 78 0
196 78 265 0
78 265 240 0
265 240 240 0
240 240 240 0
240 240 196 0
240 196 78 0
196 78 265 0
78 265 240 0
265 240 240 0
240 240 240 0
240 240 196 0
240 196 78 0
196 78 265 0
78 265 240 0
265 240 240 0
240 240 240 0
240 240 196 0
240 196 78 0
196 78 265 0
78 265 240 0
265 240 240 0
240 240 240 0
240 240 196 0
240 196 78 0
196 78 265 0
78 265 240 0
265 240 240 0
240 240 240 0
240 240 196 0
240 196 78 0
196 78 265 0
78 265 240 0
265 240 240 0
240 240 240 0
240 240 196 0
240 196 78 0
196 78 265 0
78 265 240 0
265 240 240 0
240 240 240 0
240 240 240 0
240 240 265 0
240 265 240 0
265 240 240 0
240 240 196 0
240 196 78 0
196 78 265 0
78 265 240 0
265 240 240 0
240 240 196 0
240 196 78 0
196 78 265 0
78 265 240 0
265 240 240 0
240 240 196 0
240 196 240 0
196 240 240 0
240 240 240 0
240 240 78 0
240 78 265 0
78 265 240 0
265 240 240 0
240 240 240 0
240 240 240 0
240 240 240 0
240 240 220 0
240 220 220 0
220 220 196 0
220 196 196 0
196 196 196 0
196 196 195 0
196 195 196 0
195 196 78 0
196 78 196 0
78 196 78 0
196 78 85 0
78 85 196 0
85 196 196 0
196 196 196 0
196 196 196 0
196 196 6 0
196 6 240 0
6 240 240 0
240 240 78 0
240 78 265 0
78 265 240 0
265 240 78 0
240 78 240 0
78 240 78 0
240 78 265 0
78 265 240 0
265 240 240 0
240 240 78 0
240 78 265 0
78 265 240 0
265 240 240 0
240 240 240 0
240 240 240 0
240 240 78 0
240 78 240 0
78 240 78 0
240 78 265 0
78 265 240 0
265 240 240 0
240 240 78 0
240 78 265 0
78 265 240 0
265 240 78 0
240 78 240 0
78 240 219 0
new
6 168 4 0
168 4 168 0
4 168 168 0
168 168 168 0
168 168 168 0
168 168 168 0
168 168 168 0
168 168 168 0
168 168 168 0
168 168 168 0
168 168 168 0
168 168 240 0
168 240 168 0
240 168 240 0
168 240 102 0
240 102 168 0
102 168 168 0
168 168 168 0
168 168 240 0
168 240 3 0
240 3 240 0
3 240 240 0
240 240 168 0
240 168 240 0
168 240 3 0
240 3 240 0
3 240 102 0
240 102 168 0
102 168 240 0
168 240 168 0
240 168 168 0
168 168 240 0
168 240 3 0
240 3 240 0
3 240 240 0
240 240 240 0
240 240 240 0
240 240 240 0
240 240 102 0
240 102 168 0
102 168 240 0
168 240 3 0
240 3 240 0
3 240 240 0
240 240 240 0
240 240 240 0
240 240 240 0
240 240 102 0
240 102 168 0
102 168 240 0
168 240 3 0
240 3 240 0
3 240 240 0
240 240 240 0
240 240 240 0
240 240 240 0
240 240 102 0
240 102 168 0
102 168 240 0
168 240 3 0
240 3 240 0
3 240 240 0
240 240 240 0
240 240 240 0
240 240 240 0
240 240 102 0
240 102 168 0
102 168 102 0
168 102 168 0
102 168 102 0
168 102 6 0
102 6 6 0
6 6 168 0
6 168 240 0
168 240 240 0
240 240 240 0
240 240 168 0
240 168 42 0
168 42 221 0
42 221 221 0
221 221 221 0
221 221 221 0
221 221 221 0
221 221 221 0
221 221 221 0
221 221 221 0
221 221 240 0
221 240 240 0
240 240 102 0
240 102 102 0
102 102 240 0
102 240 240 0
240 240 240 0
240 240 240 0
240 240 240 0
240 240 240 0
240 240 168 0
240 168 102 0
168 102 168 0
102 168 102 0
168 102 6 0
102 6 6 0
6 6 168 0
6 168 240 0
168 240 240 0
240 240 240 0
240 240 240 0
240 240 240 0
240 240 240 0
240 240 240 0
240 240 240 0
240 240 240 0
240 240 168 0
240 168 42 0
168 42 221 0
42 221 221 0
221 221 221 0
221 221 221 0
221 221 221 0
221 221 168 0
221 168 3 0
168 3 102 0
3 102 102 0
102 102 6 0
102 6 4 0
new
175 174 174 0
174 174 174 0
174 174 57 0
174 57 175 0
57 175 54 0
175 54 175 0
54 175 6 0
175 6 3 0
6 3 6 0
3 6 174 0
6 174 174 0
174 174 174 0
174 174 174 0
174 174 174 0
174 174 174 0
174 174 174 0
174 174 174 0
174 174 174 0
174 174 174 0
174 174 174 0
174 174 174 0
174 174 174 0
174 174 174 0
174 174 174 0
174 174 174 0
174 174 174 0
174 174 174 0
174 174 174 0
174 174 11 0
174 11 45 0
11 45 33 0
45 33 192 0
33 192 33 0
192 33 5 0
33 5 197 0
5 197 192 0
197 192 6 0
192 6 33 0
6 33 5 0
33 5 3 0
5 3 197 0
3 197 192 0
197 192 192 0
192 192 192 0
192 192 6 0
192 6 192 0
6 192 243 0
192 243 125 0
243 125 125 0
125 125 125 0
125 125 91 0
125 91 45 0
91 45 45 0
45 45 5 0
45 5 197 0
5 197 192 0
197 192 192 0
192 192 6 0
192 6 5 0
6 5 197 0
5 197 192 0
197 192 3 0
192 3 3 0
3 3 6 0
3 6 91 0
6 91 268 0
91 268 5 0
268 5 197 0
5 197 192 0
197 192 3 0
192 3 3 0
3 3 6 0
3 6 91 0
6 91 5 0
91 5 5 0
5 5 5 0
5 5 5 0
5 5 197 0
5 197 192 0
197 192 6 0
192 6 197 0
6 197 192 0
197 192 4 0
192 4 4 0
4 4 268 0
4 268 268 0
268 268 268 0
268 268 268 0
268 268 268 0
268 268 4 0
268 4 268 0
4 268 268 0
268 268 4 0
268 4 268 0
4 268 4 0
268 4 268 0
4 268 4 0
268 4 268 0
4 268 268 0
268 268 6 0
268 6 91 0
6 91 6 0
new
11 45 33 0
45 33 192 0
33 192 33 0
192 33 5 0
33 5 197 0
5 197 192 0
197 192 6 0
192 6 33 0
6 33 5 0
33 5 3 0
5 3 197 0
3 197 192 0
197 192 192 0
192 192 192 0
192 192 6 0
192 6 192 0
6 192 243 0
192 243 125 0
243 125 125 0
125 125 125 0
125 125 91 0
125 91 45 0
91 45 45 0
45 45 195 0
45 195 102 0
195 102 102 0
102 102 6 0
102 6 102 0
6 102 102 0
102 102 6 0
102 6 5 0
6 5 197 0
5 197 192 0
197 192 3 0
192 3 3 0
3 3 6 0
3 6 91 0
6 91 5 0
91 5 197 0
5 197 192 0
197 192 6 0
192 6 33 0
6 33 5 0
33 5 3 0
5 3 197 0
3 197 192 0
197 192 192 0
192 192 6 0
192 6 33 0
6 33 5 0
33 5 3 0
5 3 197 0
3 197 192 0
197 192 192 0
192 192 192 0
192 192 6 0
192 6 125 0
6 125 125 0
125 125 91 0
125 91 5 0
91 5 197 0
5 197 192 0
197 192 6 0
192 6 33 0
6 33 5 0
33 5 3 0
5 3 197 0
3 197 192 0
197 192 192 0
192 192 6 0
192 6 33 0
6 33 5 0
33 5 3 0
5 3 197 0
3 197 192 0
197 192 192 0
192 192 6 0
192 6 125 0
6 125 125 0
125 125 91 0
125 91 5 0
91 5 221 0
5 221 140 0
221 140 197 0
140 197 192 0
197 192 140 0
192 140 91 0
140 91 6 0
91 6 102 0
6 102 102 0
102 102 6 0
102 6 102 0
6 102 102 0
102 102 6 0
102 6 5 0
6 5 140 0
5 140 197 0
140 197 192 0
197 192 140 0
192 140 91 0
140 91 6 0
91 6 300 0
6 300 298 0
300 298 6 0
298 6 6 0
new
168 10 33 0
10 33 33 0
33 33 168 0
33 168 240 0
168 240 3 0
240 3 6 0
3 6 6 0
6 6 78 0
6 78 102 0
78 102 221 0
102 221 221 0
221 221 42 0
221 42 221 0
42 221 221 0
221 221 221 0
221 221 221 0
221 221 102 0
221 102 78 0
102 78 102 0
78 102 6 0
102 6 102 0
6 102 221 0
102 221 221 0
221 221 102 0
221 102 78 0
102 78 168 0
78 168 102 0
168 102 6 0
102 6 240 0
6 240 240 0
240 240 240 0
240 240 240 0
240 240 78 0
240 78 265 0
78 265 240 0
265 240 240 0
240 240 240 0
240 240 78 0
240 78 4 0
78 4 240 0
4 240 33 0
240 33 33 0
33 33 195 0
33 195 5 0
195 5 221 0
5 221 221 0
221 221 197 0
221 197 160 0
197 160 159 0
160 159 120 0
159 120 140 0
120 140 3 0
140 3 221 0
3 221 221 0
221 221 221 0
221 221 33 0
221 33 197 0
33 197 33 0
197 33 197 0
33 197 140 0
197 140 3 0
140 3 221 0
3 221 195 0
221 195 5 0
195 5 221 0
5 221 221 0
221 221 197 0
221 197 160 0
197 160 159 0
160 159 120 0
159 120 140 0
120 140 3 0
140 3 221 0
3 221 221 0
221 221 221 0
221 221 33 0
221 33 197 0
33 197 33 0
197 33 197 0
33 197 140 0
197 140 3 0
140 3 221 0
3 221 33 0
221 33 5 0
33 5 78 0
5 78 42 0
78 42 42 0
42 42 160 0
42 160 159 0
160 159 120 0
159 120 168 0
120 168 3 0
168 3 6 0
3 6 6 0
6 6 78 0
6 78 102 0
78 102 221 0
102 221 221 0
221 221 42 0
221 42 221 0
42 221 221 0
221 221 221 0
221 221 221 0
221 221 102 0
221 102 78 0
102 78 168 0
78 168 6 0
168 6 102 0
6 102 102 0
102 102 221 0
102 221 221 0
221 221 240 0
221 240 240 0
240 240 102 0
240 102 78 0
102 78 168 0
78 168 102 0
168 102 6 0
102 6 240 0
6 240 240 0
240 240 6 0
240 6 240 0
6 240 240 0
240 240 240 0
240 240 6 0
240 6 240 0
6 240 240 0
240 240 240 0
240 240 240 0
240 240 240 0
240 240 240 0
240 240 240 0
240 240 240 0
240 240 78 0
240 78 78 0
78 78 265 0
78 265 240 0
265 240 240 0
240 240 240 0
240 240 78 0
240 78 265 0
78 265 240 0
265 240 78 0
240 78 78 0
78 78 265 0
78 265 240 0
265 240 240 0
240 240 78 0
240 78 265 0
78 265 240 0
265 240 78 0
240 78 240 0
78 240 219 0
new
168 3 3 0
3 3 33 0
3 33 192 0
33 192 192 0
192 192 6 0
192 6 5 0
6 5 5 0
5 5 5 0
5 5 197 0
5 197 33 0
197 33 192 0
33 192 192 0
192 192 192 0
192 192 192 0
192 192 6 0
192 6 6 0
6 6 6 0
6 6 192 0
6 192 6 0
192 6 192 0
6 192 192 0
192 192 125 0
192 125 125 0
125 125 125 0
125 125 125 0
125 125 125 0
125 125 125 0
125 125 125 0
125 125 125 0
125 125 125 0
125 125 125 0
125 125 125 0
125 125 125 0
125 125 268 0
125 268 160 0
268 160 5 0
160 5 3 0
5 3 91 0
3 91 3 0
91 3 3 0
3 3 5 0
3 5 91 0
5 91 3 0
91 3 91 0
3 91 33 0
91 33 91 0
33 91 33 0
91 33 125 0
33 125 5 0
125 5 91 0
5 91 125 0
91 125 33 0
125 33 3 0
33 3 5 0
3 5 6 0
5 6 33 0
6 33 33 0
33 33 33 0
33 33 5 0
33 5 33 0
5 33 192 0
33 192 221 0
192 221 221 0
221 221 221 0
221 221 168 0
221 168 146 0
168 146 146 0
146 146 168 0
146 168 168 0
168 168 168 0
168 168 168 0
168 168 146 0
168 146 3 0
146 3 146 0
3 146 146 0
146 146 3 0
146 3 168 0
3 168 168 0
168 168 196 0
168 196 33 0
196 33 33 0
33 33 33 0
33 33 196 0
33 196 33 0
196 33 33 0
33 33 197 0
33 197 125 0
197 125 3 0
125 3 3 0
3 3 3 0
3 3 3 0
3 3 33 0
3 33 196 0
33 196 5 0
196 5 3 0
5 3 3 0
3 3 5 0
3 5 33 0
5 33 197 0
33 197 125 0
197 125 33 0
125 33 33 0
33 33 33 0
33 33 33 0
33 33 196 0
33 196 6 0
196 6 3 0
6 3 33 0
3 33 33 0
33 33 33 0
33 33 5 0
33 5 221 0
5 221 45 0
221 45 220 0
45 220 5 0
220 5 197 0
5 197 3 0
197 3 3 0
3 3 3 0
3 3 5 0
3 5 3 0
5 3 3 0
3 3 6 0
3 6 5 0
6 5 3 0
5 3 33 0
3 33 5 0
33 5 3 0
5 3 3 0
3 3 5 0
3 5 3 0
5 3 3 0
3 3 174 0
3 174 102 0
174 102 221 0
102 221 201 0
221 201 168 0
201 168 240 0
168 240 240 0
240 240 160 0
240 160 125 0
160 125 160 0
125 160 125 0
160 125 5 0
125 5 5 0
5 5 5 0
5 5 192 0
5 192 3 0
192 3 265 0
3 265 265 0
265 265 3 0
265 3 3 0
3 3 195 0
3 195 195 0
195 195 195 0
195 195 195 0
195 195 3 0
195 3 6 0
3 6 192 0
6 192 45 0
192 45 195 0
45 195 195 0
195 195 195 0
195 195 197 0
195 197 195 0
197 195 3 0
195 3 195 0
3 195 195 0
195 195 5 0
195 5 3 0
5 3 3 0
3 3 6 0
3 6 195 0
6 195 45 0
195 45 45 0
45 45 78 0
45 78 195 0
78 195 3 0
195 3 3 0
3 3 3 0
3 3 3 0
3 3 45 0
3 45 3 0
45 3 3 0
3 3 6 0
3 6 78 0
6 78 195 0
78 195 195 0
195 195 220 0
195 220 195 0
220 195 195 0
195 195 195 0
195 195 195 0
195 195 5 0
195 5 195 0
5 195 195 0
195 195 195 0
195 195 195 0
195 195 195 0
195 195 195 0
195 195 195 0
195 195 195 0
195 195 5 0
195 5 195 0
5 195 195 0
195 195 195 0
195 195 195 0
195 195 195 0
195 195 195 0
195 195 195 0
195 195 195 0
195 195 195 0
195 195 195 0
195 195 195 0
195 195 195 0
195 195 195 0
195 195 195 0
195 195 195 0
195 195 195 0
195 195 195 0
195 195 195 0
195 195 195 0
195 195 195 0
195 195 195 0
195 195 195 0
195 195 195 0
195 195 195 0
195 195 195 0
195 195 195 0
195 195 195 0
195 195 195 0
195 195 220 0
195 220 195 0
220 195 195 0
195 195 195 0
195 195 195 0
195 195 195 0
195 195 195 0
195 195 78 0
195 78 78 0
78 78 78 0
78 78 78 0
78 78 78 0
78 78 78 0
78 78 220 0
78 220 220 0
220 220 220 0
220 220 6 0
220 6 78 0
6 78 78 0
78 78 78 0
78 78 33 0
78 33 221 0
33 221 5 0
221 5 3 0
5 3 5 0
3 5 33 0
5 33 33 0
33 33 125 0
33 125 125 0
125 125 125 0
125 125 91 0
125 91 240 0
91 240 265 0
240 265 265 0
265 265 265 0
265 265 265 0
265 265 265 0
265 265 265 0
265 265 265 0
265 265 265 0
265 265 265 0
265 265 265 0
265 265 265 0
265 265 265 0
265 265 265 0
265 265 265 0
265 265 265 0
265 265 265 0
265 265 265 0
265 265 265 0
265 265 265 0
265 265 265 0
265 265 265 0
265 265 265 0
265 265 265 0
265 265 265 0
265 265 265 0
265 265 265 0
265 265 265 0
265 265 265 0
265 265 265 0
265 265 265 0
265 265 265 0
265 265 265 0
265 265 265 0
265 265 265 0
265 265 265 0
265 265 265 0
265 265 265 0
265 265 265 0
265 265 265 0
265 265 265 0
265 265 265 0
265 265 265 0
265 265 265 0
265 265 265 0
265 265 265 0
265 265 5 0
265 5 5 0
5 5 5 0
5 5 5 0
5 5 45 0
5 45 5 0
45 5 5 0
5 5 33 0
5 33 5 0
33 5 220 0
5 220 5 0
220 5 197 0
5 197 192 0
197 192 3 0
192 3 3 0
3 3 3 0
3 3 3 0
3 3 6 0
3 6 91 0
6 91 220 0
91 220 6 0
220 6 5 0
6 5 5 0
5 5 13 0
5 13 33 0
13 33 3 0
33 3 5 0
3 5 3 0
5 3 3 0
3 3 3 0
3 3 33 0
3 33 33 0
33 33 3 0
33 3 33 0
3 33 3 0
33 3 3 0
3 3 6 0
3 6 33 0
6 33 195 0
33 195 3 0
195 3 6 0
3 6 3 0
6 3 6 0
3 6 3 0
6 3 3 0
3 3 3 0
3 3 195 0
3 195 3 0
195 3 6 0
3 6 195 0
6 195 195 0
195 195 197 0
195 197 195 0
197 195 192 0
195 192 195 0
192 195 197 0
195 197 195 0
197 195 197 0
195 197 195 0
197 195 197 0
195 197 192 0
197 192 5 0
192 5 221 0
5 221 197 0
221 197 192 0
197 192 6 0
192 6 5 0
6 5 197 0
5 197 192 0
197 192 3 0
192 3 6 0
3 6 91 0
6 91 5 0
91 5 221 0
5 221 197 0
221 197 192 0
197 192 6 0
192 6 5 0
6 5 3 0
5 3 6 0
3 6 265 0
6 265 265 0
265 265 265 0
265 265 265 0
265 265 265 0
265 265 265 0
265 265 265 0
265 265 265 0
265 265 265 0
265 265 265 0
265 265 265 0
265 265 265 0
265 265 265 0
265 265 265 0
265 265 265 0
265 265 265 0
265 265 265 0
265 265 45 0
265 45 265 0
45 265 265 0
265 265 265 0
265 265 265 0
265 265 265 0
265 265 265 0
265 265 265 0
265 265 265 0
265 265 265 0
265 265 265 0
265 265 265 0
265 265 265 0
265 265 265 0
265 265 33 0
265 33 33 0
33 33 33 0
33 33 33 0
33 33 196 0
33 196 78 0
196 78 195 0
78 195 5 0
195 5 195 0
5 195 5 0
195 5 3 0
5 3 5 0
3 5 45 0
5 45 3 0
45 3 5 0
3 5 5 0
5 5 5 0
5 5 5 0
5 5 78 0
5 78 6 0
78 6 78 0
6 78 196 0
78 196 195 0
196 195 85 0
195 85 78 0
85 78 5 0
78 5 197 0
5 197 3 0
197 3 3 0
3 3 6 0
3 6 78 0
6 78 196 0
78 196 78 0
196 78 5 0
78 5 3 0
5 3 6 0
3 6 5 0
6 5 5 0
5 5 5 0
5 5 5 0
5 5 78 0
5 78 78 0
78 78 78 0
78 78 265 0
78 265 265 0
265 265 265 0
265 265 265 0
265 265 265 0
265 265 195 0
265 195 195 0
195 195 6 0
195 6 91 0
6 91 197 0
91 197 6 0
197 6 78 0
6 78 78 0
78 78 78 0
78 78 265 0
78 265 265 0
265 265 265 0
265 265 265 0
265 265 265 0
265 265 265 0
265 265 265 0
265 265 265 0
265 265 265 0
265 265 265 0
265 265 265 0
265 265 265 0
265 265 265 0
265 265 265 0
265 265 265 0
265 265 265 0
265 265 265 0
265 265 265 0
265 265 265 0
265 265 265 0
265 265 265 0
265 265 265 0
265 265 265 0
265 265 265 0
265 265 265 0
265 265 265 0
265 265 265 0
265 265 265 0
265 265 265 0
265 265 265 0
265 265 265 0
265 265 265 0
265 265 265 0
265 265 265 0
265 265 265 0
265 265 265 0
265 265 5 0
265 5 5 0
5 5 5 0
5 5 197 0
5 197 192 0
197 192 6 0
192 6 195 0
6 195 5 0
195 5 3 0
5 3 197 0
3 197 192 0
197 192 192 0
192 192 6 0
192 6 125 0
6 125 5 0
125 5 99 0
5 99 33 0
99 33 195 0
33 195 33 0
195 33 195 0
33 195 33 0
195 33 195 0
33 195 33 0
195 33 195 0
33 195 5 0
195 5 93 0
5 93 192 0
93 192 6 0
192 6 5 0
6 5 197 0
5 197 192 0
197 192 6 0
192 6 331 0
6 331 160 0
331 160 120 0
160 120 195 0
120 195 268 0
195 268 5 0
268 5 160 0
5 160 125 0
160 125 240 0
125 240 240 0
240 240 78 0
240 78 6 0
78 6 78 0
6 78 196 0
78 196 78 0
196 78 5 0
78 5 197 0
5 197 3 0
197 3 3 0
3 3 6 0
3 6 240 0
6 240 240 0
240 240 240 0
240 240 240 0
240 240 240 0
240 240 240 0
240 240 240 0
240 240 240 0
240 240 240 0
240 240 265 0
240 265 122 0
265 122 78 0
122 78 168 0
78 168 146 0
168 146 78 0
146 78 78 0
78 78 196 0
78 196 78 0
196 78 196 0
78 196 196 0
196 196 78 0
196 78 196 0
78 196 168 0
196 168 117 0
168 117 5 0
117 5 3 0
5 3 168 0
3 168 168 0
168 168 265 0
168 265 265 0
265 265 33 0
265 33 5 0
33 5 197 0
5 197 192 0
197 192 3 0
192 3 3 0
3 3 125 0
3 125 125 0
125 125 91 0
125 91 5 0
91 5 197 0
5 197 3 0
197 3 33 0
3 33 33 0
33 33 15 0
33 15 5 0
15 5 5 0
5 5 197 0
5 197 192 0
197 192 168 0
192 168 240 0
168 240 168 0
240 168 168 0
168 168 265 0
168 265 265 0
265 265 265 0
265 265 168 0
265 168 265 0
168 265 265 0
265 265 168 0
265 168 4 0
168 4 45 0
4 45 45 0
45 45 45 0
45 45 45 0
45 45 45 0
45 45 168 0
45 168 146 0
168 146 45 0
146 45 45 0
45 45 45 0
45 45 45 0
45 45 168 0
45 168 146 0
168 146 45 0
146 45 45 0
45 45 45 0
45 45 117 0
45 117 117 0
117 117 168 0
117 168 146 0
168 146 45 0
146 45 168 0
45 168 146 0
168 146 45 0
146 45 45 0
45 45 45 0
45 45 45 0
45 45 45 0
45 45 45 0
45 45 45 0
45 45 168 0
45 168 146 0
168 146 3 0
146 3 265 0
3 265 168 0
265 168 5 0
168 5 5 0
5 5 168 0
5 168 146 0
168 146 168 0
146 168 3 0
168 3 3 0
3 3 3 0
3 3 168 0
3 168 146 0
168 146 3 0
146 3 3 0
3 3 168 0
3 168 168 0
168 168 45 0
168 45 45 0
45 45 265 0
45 265 168 0
265 168 265 0
168 265 168 0
265 168 4 0
168 4 240 0
4 240 240 0
240 240 240 0
240 240 265 0
240 265 3 0
265 3 45 0
3 45 45 0
45 45 168 0
45 168 146 0
168 146 45 0
146 45 45 0
45 45 45 0
45 45 45 0
45 45 45 0
45 45 45 0
45 45 45 0
45 45 45 0
45 45 45 0
45 45 45 0
45 45 45 0
45 45 45 0
45 45 168 0
45 168 3 0
168 3 3 0
3 3 3 0
3 3 168 0
3 168 146 0
168 146 78 0
146 78 196 0
78 196 3 0
196 3 78 0
3 78 6 0
78 6 195 0
6 195 5 0
195 5 3 0
5 3 197 0
3 197 192 0
197 192 45 0
192 45 140 0
45 140 140 0
140 140 140 0
140 140 240 0
140 240 240 0
240 240 265 0
240 265 265 0
265 265 265 0
265 265 265 0
265 265 265 0
265 265 265 0
265 265 265 0
265 265 265 0
265 265 265 0
265 265 265 0
265 265 265 0
265 265 265 0
265 265 265 0
265 265 265 0
265 265 265 0
265 265 265 0
265 265 265 0
265 265 265 0
265 265 265 0
265 265 265 0
265 265 265 0
265 265 265 0
265 265 265 0
265 265 265 0
265 265 265 0
265 265 265 0
265 265 265 0
265 265 265 0
265 265 4 0
265 4 240 0
4 240 240 0
240 240 240 0
240 240 168 0
240 168 146 0
168 146 3 0
146 3 168 0
3 168 146 0
168 146 240 0
146 240 240 0
240 240 292 0
240 292 13 0
292 13 4 0
13 4 118 0
4 118 6 0
118 6 91 0
6 91 38 0
91 38 45 0
38 45 195 0
45 195 78 0
195 78 78 0
78 78 265 0
78 265 196 0
265 196 3 0
196 3 3 0
3 3 6 0
3 6 265 0
6 265 5 0
265 5 221 0
5 221 197 0
221 197 192 0
197 192 6 0
192 6 265 0
6 265 265 0
265 265 265 0
265 265 265 0
265 265 265 0
265 265 265 0
265 265 265 0
265 265 78 0
265 78 196 0
78 196 78 0
196 78 5 0
78 5 197 0
5 197 3 0
197 3 45 0
3 45 3 0
45 3 6 0
3 6 265 0
6 265 240 0
265 240 240 0
240 240 240 0
240 240 240 0
240 240 240 0
240 240 240 0
240 240 240 0
240 240 168 0
240 168 146 0
168 146 168 0
146 168 168 0
168 168 168 0
168 168 168 0
168 168 146 0
168 146 168 0
146 168 125 0
168 125 125 0
125 125 125 0
125 125 125 0
125 125 125 0
125 125 125 0
125 125 125 0
125 125 125 0
125 125 168 0
125 168 146 0
168 146 125 0
146 125 125 0
125 125 125 0
125 125 125 0
125 125 168 0
125 168 168 0
168 168 265 0
168 265 45 0
265 45 168 0
45 168 146 0
168 146 240 0
146 240 240 0
240 240 125 0
240 125 125 0
125 125 168 0
125 168 146 0
168 146 146 0
146 146 125 0
146 125 125 0
125 125 125 0
125 125 168 0
125 168 146 0
168 146 219 0
146 219 168 0
219 168 146 0
168 146 3 0
146 3 265 0
3 265 168 0
265 168 265 0
168 265 168 0
265 168 54 0
168 54 3 0
54 3 3 0
3 3 78 0
3 78 78 0
78 78 78 0
78 78 78 0
78 78 78 0
78 78 78 0
78 78 78 0
78 78 78 0
78 78 78 0
78 78 78 0
78 78 78 0
78 78 78 0
78 78 265 0
78 265 265 0
265 265 168 0
265 168 265 0
168 265 168 0
265 168 265 0
168 265 168 0
265 168 265 0
168 265 168 0
265 168 240 0
168 240 4 0
240 4 4 0
4 4 265 0
4 265 168 0
265 168 5 0
168 5 195 0
5 195 78 0
195 78 168 0
78 168 78 0
168 78 102 0
78 102 146 0
102 146 146 0
146 146 168 0
146 168 5 0
168 5 5 0
5 5 5 0
5 5 197 0
5 197 6 0
197 6 91 0
6 91 4 0
91 4 240 0
4 240 78 0
240 78 3 0
78 3 78 0
3 78 6 0
78 6 45 0
6 45 45 0
45 45 168 0
45 168 146 0
168 146 146 0
146 146 168 0
146 168 146 0
168 146 168 0
146 168 146 0
168 146 168 0
146 168 146 0
168 146 168 0
146 168 168 0
168 168 146 0
168 146 168 0
146 168 168 0
168 168 146 0
168 146 168 0
146 168 146 0
168 146 168 0
146 168 168 0
168 168 146 0
168 146 146 0
146 146 168 0
146 168 146 0
168 146 168 0
146 168 146 0
168 146 168 0
146 168 146 0
168 146 168 0
146 168 146 0
168 146 168 0
146 168 146 0
168 146 168 0
146 168 146 0
168 146 168 0
146 168 146 0
168 146 168 0
146 168 146 0
168 146 168 0
146 168 146 0
168 146 168 0
146 168 146 0
168 146 168 0
146 168 146 0
168 146 168 0
146 168 146 0
168 146 168 0
146 168 146 0
168 146 168 0
146 168 146 0
168 146 168 0
146 168 146 0
168 146 168 0
146 168 146 0
168 146 168 0
146 168 146 0
168 146 168 0
146 168 146 0
168 146 168 0
146 168 146 0
168 146 168 0
146 168 146 0
168 146 168 0
146 168 146 0
168 146 168 0
146 168 146 0
168 146 168 0
146 168 146 0
168 146 168 0
146 168 146 0
168 146 168 0
146 168 146 0
168 146 168 0
146 168 146 0
168 146 168 0
146 168 146 0
168 146 168 0
146 168 146 0
168 146 168 0
146 168 146 0
168 146 168 0
146 168 146 0
168 146 168 0
146 168 146 0
168 146 168 0
146 168 146 0
168 146 168 0
146 168 146 0
168 146 168 0
146 168 146 0
168 146 168 0
146 168 146 0
168 146 168 0
146 168 146 0
168 146 168 0
146 168 146 0
168 146 168 0
146 168 146 0
168 146 168 0
146 168 146 0
168 146 168 0
146 168 146 0
168 146 168 0
146 168 146 0
168 146 168 0
146 168 146 0
168 146 168 0
146 168 146 0
168 146 168 0
146 168 146 0
168 146 168 0
146 168 146 0
168 146 168 0
146 168 146 0
168 146 168 0
146 168 146 0
168 146 3 0
146 3 3 0
3 3 265 0
3 265 168 0
265 168 3 0
168 3 265 0
3 265 168 0
265 168 168 0
168 168 146 0
168 146 4 0
146 4 240 0
4 240 240 0
240 240 240 0
240 240 168 0
240 168 146 0
168 146 3 0
146 3 265 0
3 265 168 0
265 168 168 0
168 168 146 0
168 146 168 0
146 168 146 0
168 146 168 0
146 168 146 0
168 146 168 0
146 168 146 0
168 146 3 0
146 3 3 0
3 3 265 0
3 265 168 0
265 168 3 0
168 3 3 0
3 3 265 0
3 265 3 0
265 3 3 0
3 3 265 0
3 265 3 0
265 3 3 0
3 3 265 0
3 265 265 0
265 265 3 0
265 3 265 0
3 265 168 0
265 168 3 0
168 3 3 0
3 3 265 0
3 265 265 0
265 265 3 0
265 3 265 0
3 265 168 0
265 168 3 0
168 3 3 0
3 3 265 0
3 265 265 0
265 265 3 0
265 3 265 0
3 265 168 0
265 168 3 0
168 3 3 0
3 3 265 0
3 265 265 0
265 265 168 0
265 168 146 0
168 146 3 0
146 3 265 0
3 265 168 0
265 168 3 0
168 3 3 0
3 3 265 0
3 265 168 0
265 168 146 0
168 146 168 0
146 168 3 0
168 3 3 0
3 3 168 0
3 168 146 0
168 146 168 0
146 168 3 0
168 3 3 0
3 3 3 0
3 3 265 0
3 265 3 0
265 3 265 0
3 265 168 0
265 168 3 0
168 3 3 0
3 3 265 0
3 265 168 0
265 168 146 0
168 146 168 0
146 168 3 0
168 3 3 0
3 3 3 0
3 3 168 0
3 168 146 0
168 146 168 0
146 168 3 0
168 3 3 0
3 3 3 0
3 3 265 0
3 265 3 0
265 3 265 0
3 265 168 0
265 168 3 0
168 3 3 0
3 3 265 0
3 265 168 0
265 168 146 0
168 146 168 0
146 168 3 0
168 3 3 0
3 3 3 0
3 3 168 0
3 168 146 0
168 146 168 0
146 168 3 0
168 3 3 0
3 3 3 0
3 3 265 0
3 265 3 0
265 3 265 0
3 265 168 0
265 168 3 0
168 3 3 0
3 3 265 0
3 265 265 0
265 265 168 0
265 168 265 0
168 265 168 0
265 168 146 0
168 146 3 0
146 3 265 0
3 265 168 0
265 168 168 0
168 168 265 0
168 265 78 0
265 78 78 0
78 78 78 0
78 78 78 0
78 78 78 0
78 78 78 0
78 78 78 0
78 78 78 0
78 78 78 0
78 78 78 0
78 78 3 0
78 3 265 0
3 265 168 0
265 168 5 0
168 5 197 0
5 197 3 0
197 3 6 0
3 6 78 0
6 78 195 0
78 195 78 0
195 78 78 0
78 78 78 0
78 78 5 0
78 5 197 0
5 197 3 0
197 3 6 0
3 6 78 0
6 78 195 0
78 195 78 0
195 78 78 0
78 78 78 0
78 78 3 0
78 3 265 0
3 265 168 0
265 168 4 0
168 4 240 0
4 240 240 0
240 240 240 0
240 240 78 0
240 78 196 0
78 196 195 0
196 195 85 0
195 85 78 0
85 78 5 0
78 5 197 0
5 197 3 0
197 3 3 0
3 3 6 0
3 6 45 0
6 45 3 0
45 3 265 0
3 265 168 0
265 168 4 0
168 4 240 0
4 240 240 0
240 240 240 0
240 240 3 0
240 3 265 0
3 265 168 0
265 168 3 0
168 3 3 0
3 3 265 0
3 265 168 0
265 168 146 0
168 146 168 0
146 168 3 0
168 3 3 0
3 3 265 0
3 265 3 0
265 3 265 0
3 265 168 0
265 168 3 0
168 3 3 0
3 3 265 0
3 265 168 0
265 168 146 0
168 146 168 0
146 168 3 0
168 3 3 0
3 3 3 0
3 3 265 0
3 265 3 0
265 3 265 0
3 265 168 0
265 168 3 0
168 3 3 0
3 3 265 0
3 265 168 0
265 168 146 0
168 146 168 0
146 168 3 0
168 3 3 0
3 3 3 0
3 3 265 0
3 265 3 0
265 3 265 0
3 265 168 0
265 168 3 0
168 3 3 0
3 3 265 0
3 265 265 0
265 265 265 0
265 265 265 0
265 265 265 0
265 265 265 0
265 265 168 0
265 168 3 0
168 3 265 0
3 265 168 0
265 168 3 0
168 3 3 0
3 3 265 0
3 265 265 0
265 265 168 0
265 168 3 0
168 3 265 0
3 265 265 0
265 265 3 0
265 3 168 0
3 168 168 0
168 168 3 0
168 3 3 0
3 3 168 0
3 168 3 0
168 3 3 0
3 3 3 0
3 3 78 0
3 78 4 0
78 4 240 0
4 240 240 0
240 240 240 0
240 240 293 0
240 293 4 0
293 4 240 0
4 240 240 0
240 240 265 0
240 265 240 0
265 240 265 0
240 265 240 0
265 240 240 0
240 240 78 0
240 78 240 0
78 240 240 0
240 240 240 0
240 240 240 0
240 240 240 0
240 240 240 0
240 240 240 0
240 240 240 0
240 240 240 0
240 240 240 0
240 240 240 0
240 240 78 0
240 78 240 0
78 240 240 0
240 240 78 0
240 78 78 0
78 78 78 0
78 78 78 0
78 78 78 0
78 78 78 0
78 78 78 0
78 78 78 0
78 78 78 0
78 78 78 0
78 78 78 0
78 78 78 0
78 78 78 0
78 78 78 0
78 78 78 0
78 78 78 0
78 78 45 0
78 45 78 0
45 78 78 0
78 78 91 0
78 91 140 0
91 140 3 0
140 3 6 0
3 6 91 0
6 91 78 0
91 78 331 0
78 331 4 0
331 4 265 0
4 265 265 0
265 265 168 0
265 168 3 0
168 3 6 0
3 6 6 0
6 6 78 0
6 78 5 0
78 5 4 0
5 4 4 0
4 4 4 0
4 4 4 0
4 4 4 0
4 4 4 0
4 4 4 0
4 4 4 0
4 4 4 0
4 4 4 0
4 4 4 0
4 4 4 0
4 4 4 0
4 4 4 0
4 4 4 0
4 4 4 0
4 4 4 0
4 4 4 0
4 4 4 0
4 4 4 0
4 4 4 0
4 4 4 0
4 4 4 0
4 4 4 0
4 4 4 0
4 4 4 0
4 4 4 0
4 4 4 0
4 4 4 0
4 4 4 0
4 4 4 0
4 4 4 0
4 4 4 0
4 4 4 0
4 4 4 0
4 4 4 0
4 4 4 0
4 4 4 0
4 4 4 0
4 4 4 0
4 4 4 0
4 4 4 0
4 4 4 0
4 4 4 0
4 4 4 0
4 4 4 0
4 4 4 0
4 4 4 0
4 4 4 0
4 4 4 0
4 4 4 0
4 4 4 0
4 4 4 0
4 4 4 0
4 4 4 0
4 4 4 0
4 4 4 0
4 4 4 0
4 4 38 0
4 38 4 0
38 4 265 0
4 265 240 0
265 240 118 0
240 118 38 0
118 38 146 0
new
