168 54 102 6 102 0
54 102 6 102 102 0
102 6 102 102 102 0
6 102 102 102 102 0
102 102 102 102 168 0
102 102 102 168 54 0
102 102 168 54 102 0
102 168 54 102 6 0
168 54 102 6 102 0
54 102 6 102 102 0
102 6 102 102 102 0
6 102 102 102 102 0
102 102 102 102 91 0
102 102 102 91 102 0
102 102 91 102 168 0
102 91 102 168 54 0
91 102 168 54 102 0
102 168 54 102 6 0
168 54 102 6 102 0
54 102 6 102 102 0
102 6 102 102 102 0
6 102 102 102 102 0
102 102 102 102 168 0
102 102 102 168 54 0
102 102 168 54 102 0
102 168 54 102 6 0
168 54 102 6 102 0
54 102 6 102 102 0
102 6 102 102 102 0
6 102 102 102 78 0
102 102 102 78 240 0
102 102 78 240 240 0
102 78 240 240 240 0
78 240 240 240 168 0
240 240 240 168 54 0
240 240 168 54 102 0
240 168 54 102 6 0
168 54 102 6 265 0
54 102 6 265 78 0
102 6 265 78 78 0
6 265 78 78 78 0
265 78 78 78 265 0
78 78 78 265 240 0
78 78 265 240 240 0
78 265 240 240 78 0
265 240 240 78 240 0
240 240 78 240 265 0
240 78 240 265 102 0
78 240 265 102 102 0
240 265 102 102 102 0
265 102 102 102 13 0
102 102 102 13 102 0
102 102 13 102 102 0
102 13 102 102 102 0
13 102 102 102 102 0
102 102 102 102 6 0
102 102 102 6 195 0
102 102 6 195 5 0
102 6 195 5 197 0
6 195 5 197 192 0
195 5 197 192 3 0
5 197 192 3 3 0
197 192 3 3 6 0
192 3 3 6 91 0
3 3 6 91 240 0
3 6 91 240 195 0
6 91 240 195 102 0
91 240 195 102 102 0
240 195 102 102 78 0
195 102 102 78 168 0
102 102 78 168 102 0
102 78 168 102 168 0
78 168 102 168 54 0
168 102 168 54 102 0
102 168 54 102 6 0
168 54 102 6 195 0
54 102 6 195 5 0
102 6 195 5 197 0
6 195 5 197 192 0
195 5 197 192 3 0
5 197 192 3 3 0
197 192 3 3 6 0
192 3 3 6 91 0
3 3 6 91 195 0
3 6 91 195 102 0
6 91 195 102 102 0
91 195 102 102 78 0
195 102 102 78 168 0
102 102 78 168 102 0
102 78 168 102 168 0
78 168 102 168 54 0
168 102 168 54 102 0
102 168 54 102 6 0
168 54 102 6 265 0
54 102 6 265 78 0
102 6 265 78 78 0
6 265 78 78 265 0
265 78 78 265 102 0
78 78 265 102 102 0
78 265 102 102 102 0
265 102 102 102 13 0
102 102 102 13 102 0
102 102 13 102 102 0
102 13 102 102 102 0
13 102 102 102 102 0
102 102 102 102 6 0
102 102 102 6 195 0
102 102 6 195 5 0
102 6 195 5 197 0
6 195 5 197 192 0
195 5 197 192 3 0
5 197 192 3 3 0
197 192 3 3 6 0
192 3 3 6 91 0
3 3 6 91 195 0
3 6 91 195 102 0
6 91 195 102 102 0
91 195 102 102 78 0
195 102 102 78 168 0
102 102 78 168 102 0
102 78 168 102 168 0
78 168 102 168 54 0
168 102 168 54 102 0
102 168 54 102 6 0
168 54 102 6 265 0
54 102 6 265 78 0
102 6 265 78 78 0
6 265 78 78 265 0
265 78 78 265 102 0
78 78 265 102 102 0
78 265 102 102 102 0
265 102 102 102 13 0
102 102 102 13 102 0
102 102 13 102 102 0
102 13 102 102 102 0
13 102 102 102 102 0
102 102 102 102 6 0
102 102 102 6 195 0
102 102 6 195 5 0
102 6 195 5 197 0
6 195 5 197 192 0
195 5 197 192 3 0
5 197 192 3 3 0
197 192 3 3 6 0
192 3 3 6 91 0
3 3 6 91 195 0
3 6 91 195 102 0
6 91 195 102 102 0
91 195 102 102 78 0
195 102 102 78 168 0
102 102 78 168 102 0
102 78 168 102 168 0
78 168 102 168 54 0
168 102 168 54 102 0
102 168 54 102 6 0
168 54 102 6 265 0
54 102 6 265 78 0
102 6 265 78 78 0
6 265 78 78 265 0
265 78 78 265 102 0
78 78 265 102 102 0
78 265 102 102 102 0
265 102 102 102 13 0
102 102 102 13 102 0
102 102 13 102 102 0
102 13 102 102 102 0
13 102 102 102 102 0
102 102 102 102 6 0
102 102 102 6 195 0
102 102 6 195 5 0
102 6 195 5 197 0
6 195 5 197 192 0
195 5 197 192 3 0
5 197 192 3 3 0
197 192 3 3 6 0
192 3 3 6 91 0
3 3 6 91 195 0
3 6 91 195 102 0
6 91 195 102 102 0
91 195 102 102 78 0
195 102 102 78 168 0
102 102 78 168 102 0
102 78 168 102 6 0
78 168 102 6 168 0
168 102 6 168 54 0
102 6 168 54 102 0
6 168 54 102 6 0
168 54 102 6 102 0
54 102 6 102 102 0
102 6 102 102 102 0
6 102 102 102 102 0
102 102 102 102 102 0
102 102 102 102 102 0
102 102 102 102 6 0
102 102 102 6 265 0
102 102 6 265 78 0
102 6 265 78 240 0
6 265 78 240 78 0
265 78 240 78 240 0
78 240 78 240 265 0
240 78 240 265 102 0
78 240 265 102 102 0
240 265 102 102 102 0
265 102 102 102 13 0
102 102 102 13 102 0
102 102 13 102 102 0
102 13 102 102 102 0
13 102 102 102 102 0
102 102 102 102 6 0
102 102 102 6 195 0
102 102 6 195 5 0
102 6 195 5 197 0
6 195 5 197 192 0
195 5 197 192 3 0
5 197 192 3 3 0
197 192 3 3 6 0
192 3 3 6 91 0
3 3 6 91 195 0
3 6 91 195 102 0
6 91 195 102 102 0
91 195 102 102 78 0
195 102 102 78 168 0
102 102 78 168 102 0
102 78 168 102 168 0
78 168 102 168 54 0
168 102 168 54 102 0
102 168 54 102 6 0
168 54 102 6 265 0
54 102 6 265 78 0
102 6 265 78 4 0
6 265 78 4 78 0
265 78 4 78 78 0
78 4 78 78 265 0
4 78 78 265 240 0
78 78 265 240 78 0
78 265 240 78 240 0
265 240 78 240 265 0
240 78 240 265 102 0
78 240 265 102 102 0
240 265 102 102 102 0
265 102 102 102 13 0
102 102 102 13 102 0
102 102 13 102 102 0
102 13 102 102 102 0
13 102 102 102 102 0
102 102 102 102 6 0
102 102 102 6 195 0
102 102 6 195 5 0
102 6 195 5 197 0
6 195 5 197 192 0
195 5 197 192 3 0
5 197 192 3 3 0
197 192 3 3 6 0
192 3 3 6 91 0
3 3 6 91 195 0
3 6 91 195 102 0
6 91 195 102 102 0
91 195 102 102 78 0
195 102 102 78 168 0
102 102 78 168 102 0
102 78 168 102 168 0
78 168 102 168 54 0
168 102 168 54 102 0
102 168 54 102 6 0
168 54 102 6 102 0
54 102 6 102 102 0
102 6 102 102 102 0
6 102 102 102 168 0
102 102 102 168 54 0
102 102 168 54 102 0
102 168 54 102 6 0
168 54 102 6 195 0
54 102 6 195 5 0
102 6 195 5 197 0
6 195 5 197 192 0
195 5 197 192 3 0
5 197 192 3 3 0
197 192 3 3 6 0
192 3 3 6 91 0
3 3 6 91 195 0
3 6 91 195 102 0
6 91 195 102 102 0
91 195 102 102 78 0
195 102 102 78 168 0
102 102 78 168 102 0
102 78 168 102 168 0
78 168 102 168 54 0
168 102 168 54 102 0
102 168 54 102 6 0
168 54 102 6 265 0
54 102 6 265 78 0
102 6 265 78 4 0
6 265 78 4 78 0
265 78 4 78 78 0
78 4 78 78 265 0
4 78 78 265 240 0
78 78 265 240 78 0
78 265 240 78 240 0
265 240 78 240 265 0
240 78 240 265 102 0
78 240 265 102 102 0
240 265 102 102 102 0
265 102 102 102 13 0
102 102 102 13 102 0
102 102 13 102 102 0
102 13 102 102 102 0
13 102 102 102 102 0
102 102 102 102 6 0
102 102 102 6 195 0
102 102 6 195 5 0
102 6 195 5 197 0
6 195 5 197 192 0
195 5 197 192 3 0
5 197 192 3 3 0
197 192 3 3 6 0
192 3 3 6 91 0
3 3 6 91 195 0
3 6 91 195 102 0
6 91 195 102 102 0
91 195 102 102 78 0
195 102 102 78 168 0
102 102 78 168 102 0
102 78 168 102 168 0
78 168 102 168 54 0
168 102 168 54 102 0
102 168 54 102 6 0
168 54 102 6 102 0
54 102 6 102 102 0
102 6 102 102 102 0
6 102 102 102 102 0
102 102 102 102 102 0
102 102 102 102 102 0
102 102 102 102 6 0
102 102 102 6 265 0
102 102 6 265 78 0
102 6 265 78 4 0
6 265 78 4 78 0
265 78 4 78 78 0
78 4 78 78 265 0
4 78 78 265 240 0
78 78 265 240 240 0
78 265 240 240 78 0
265 240 240 78 219 0
new
311 78 33 33 195 0
78 33 33 195 5 0
33 33 195 5 221 0
33 195 5 221 221 0
195 5 221 221 197 0
5 221 221 197 160 0
221 221 197 160 159 0
221 197 160 159 120 0
197 160 159 120 140 0
160 159 120 140 3 0
159 120 140 3 240 0
120 140 3 240 221 0
140 3 240 221 221 0
3 240 221 221 221 0
240 221 221 221 33 0
221 221 221 33 197 0
221 221 33 197 33 0
221 33 197 33 197 0
33 197 33 197 140 0
197 33 197 140 3 0
33 197 140 3 221 0
197 140 3 221 195 0
140 3 221 195 5 0
3 221 195 5 221 0
221 195 5 221 221 0
195 5 221 221 197 0
5 221 221 197 160 0
221 221 197 160 159 0
221 197 160 159 120 0
197 160 159 120 140 0
160 159 120 140 3 0
159 120 140 3 221 0
120 140 3 221 221 0
140 3 221 221 221 0
3 221 221 221 33 0
221 221 221 33 197 0
221 221 33 197 33 0
221 33 197 33 197 0
33 197 33 197 140 0
197 33 197 140 3 0
33 197 140 3 221 0
197 140 3 221 33 0
140 3 221 33 5 0
3 221 33 5 240 0
221 33 5 240 78 0
33 5 240 78 78 0
5 240 78 78 265 0
240 78 78 265 240 0
78 78 265 240 78 0
78 265 240 78 42 0
265 240 78 42 42 0
240 78 42 42 160 0
78 42 42 160 159 0
42 42 160 159 120 0
42 160 159 120 168 0
160 159 120 168 240 0
159 120 168 240 3 0
120 168 240 3 6 0
168 240 3 6 6 0
240 3 6 6 78 0
3 6 6 78 102 0
6 6 78 102 221 0
6 78 102 221 221 0
78 102 221 221 42 0
102 221 221 42 221 0
221 221 42 221 221 0
221 42 221 221 221 0
42 221 221 221 221 0
221 221 221 221 102 0
221 221 221 102 78 0
221 221 102 78 168 0
221 102 78 168 102 0
102 78 168 102 102 0
78 168 102 102 6 0
168 102 102 6 102 0
102 102 6 102 221 0
102 6 102 221 221 0
6 102 221 221 102 0
102 221 221 102 78 0
221 221 102 78 168 0
221 102 78 168 102 0
102 78 168 102 102 0
78 168 102 102 6 0
168 102 102 6 240 0
102 102 6 240 78 0
102 6 240 78 78 0
6 240 78 78 4 0
240 78 78 4 265 0
78 78 4 265 240 0
78 4 265 240 240 0
4 265 240 240 78 0
265 240 240 78 219 0
new
6 91 6 63 6 0
91 6 63 6 6 0
6 63 6 6 11 0
63 6 6 11 11 0
6 6 11 11 11 0
6 11 11 11 11 0
11 11 11 11 45 0
11 11 11 45 33 0
11 11 45 33 192 0
11 45 33 192 33 0
45 33 192 33 5 0
33 192 33 5 197 0
192 33 5 197 192 0
33 5 197 192 6 0
5 197 192 6 33 0
197 192 6 33 5 0
192 6 33 5 3 0
6 33 5 3 197 0
33 5 3 197 192 0
5 3 197 192 125 0
3 197 192 125 192 0
197 192 125 192 6 0
192 125 192 6 33 0
125 192 6 33 5 0
192 6 33 5 3 0
6 33 5 3 197 0
33 5 3 197 192 0
5 3 197 192 192 0
3 197 192 192 6 0
197 192 192 6 33 0
192 192 6 33 5 0
192 6 33 5 3 0
6 33 5 3 197 0
33 5 3 197 192 0
5 3 197 192 192 0
3 197 192 192 192 0
197 192 192 192 6 0
192 192 192 6 33 0
192 192 6 33 5 0
192 6 33 5 3 0
6 33 5 3 197 0
33 5 3 197 192 0
5 3 197 192 192 0
3 197 192 192 6 0
197 192 192 6 33 0
192 192 6 33 5 0
192 6 33 5 3 0
6 33 5 3 197 0
33 5 3 197 192 0
5 3 197 192 192 0
3 197 192 192 6 0
197 192 192 6 33 0
192 192 6 33 5 0
192 6 33 5 3 0
6 33 5 3 197 0
33 5 3 197 192 0
5 3 197 192 125 0
3 197 192 125 192 0
197 192 125 192 197 0
192 125 192 197 192 0
125 192 197 192 192 0
192 197 192 192 197 0
197 192 192 197 192 0
192 192 197 192 192 0
192 197 192 192 6 0
197 192 192 6 3 0
192 192 6 3 197 0
192 6 3 197 192 0
6 3 197 192 6 0
3 197 192 6 192 0
197 192 6 192 192 0
192 6 192 192 33 0
6 192 192 33 192 0
192 192 33 192 6 0
192 33 192 6 192 0
33 192 6 192 6 0
192 6 192 6 33 0
6 192 6 33 6 0
192 6 33 6 33 0
6 33 6 33 192 0
33 6 33 192 6 0
6 33 192 6 33 0
33 192 6 33 6 0
192 6 33 6 192 0
6 33 6 192 192 0
33 6 192 192 125 0
6 192 192 125 125 0
192 192 125 125 125 0
192 125 125 125 125 0
125 125 125 125 125 0
125 125 125 125 5 0
125 125 125 5 3 0
125 125 5 3 5 0
125 5 3 5 197 0
5 3 5 197 6 0
3 5 197 6 102 0
5 197 6 102 102 0
197 6 102 102 6 0
6 102 102 6 221 0
102 102 6 221 146 0
102 6 221 146 3 0
6 221 146 3 168 0
221 146 3 168 146 0
146 3 168 146 3 0
3 168 146 3 168 0
168 146 3 168 168 0
146 3 168 168 3 0
3 168 168 3 3 0
168 168 3 3 5 0
168 3 3 5 197 0
3 3 5 197 3 0
3 5 197 3 3 0
5 197 3 3 3 0
197 3 3 3 3 0
3 3 3 3 3 0
3 3 3 3 3 0
3 3 3 3 91 0
3 3 3 91 168 0
3 3 91 168 122 0
3 91 168 122 33 0
91 168 122 33 5 0
168 122 33 5 3 0
122 33 5 3 45 0
33 5 3 45 168 0
5 3 45 168 146 0
3 45 168 146 199 0
45 168 146 199 192 0
168 146 199 192 5 0
146 199 192 5 168 0
199 192 5 168 146 0
192 5 168 146 168 0
5 168 146 168 3 0
168 146 168 3 3 0
146 168 3 3 3 0
168 3 3 3 168 0
3 3 3 168 146 0
3 3 168 146 168 0
3 168 146 168 3 0
168 146 168 3 3 0
146 168 3 3 3 0
168 3 3 3 3 0
3 3 3 3 3 0
3 3 3 3 168 0
3 3 3 168 146 0
3 3 168 146 168 0
3 168 146 168 3 0
168 146 168 3 3 0
146 168 3 3 3 0
168 3 3 3 168 0
3 3 3 168 146 0
3 3 168 146 168 0
3 168 146 168 3 0
168 146 168 3 3 0
146 168 3 3 3 0
168 3 3 3 168 0
3 3 3 168 146 0
3 3 168 146 168 0
3 168 146 168 3 0
168 146 168 3 3 0
146 168 3 3 3 0
168 3 3 3 3 0
3 3 3 3 3 0
3 3 3 3 168 0
3 3 3 168 146 0
3 3 168 146 168 0
3 168 146 168 3 0
168 146 168 3 3 0
146 168 3 3 3 0
168 3 3 3 168 0
3 3 3 168 146 0
3 3 168 146 168 0
3 168 146 168 3 0
168 146 168 3 3 0
146 168 3 3 3 0
168 3 3 3 168 0
3 3 3 168 146 0
3 3 168 146 120 0
3 168 146 120 221 0
168 146 120 221 192 0
146 120 221 192 3 0
120 221 192 3 6 0
221 192 3 6 91 0
192 3 6 91 7 0
3 6 91 7 195 0
6 91 7 195 168 0
91 7 195 168 146 0
7 195 168 146 5 0
195 168 146 5 5 0
168 146 5 5 3 0
146 5 5 3 3 0
5 5 3 3 3 0
5 3 3 3 195 0
3 3 3 195 192 0
3 3 195 192 192 0
3 195 192 192 6 0
195 192 192 6 125 0
192 192 6 125 175 0
192 6 125 175 3 0
6 125 175 3 45 0
125 175 3 45 192 0
175 3 45 192 3 0
3 45 192 3 3 0
45 192 3 3 3 0
192 3 3 3 3 0
3 3 3 3 6 0
3 3 3 6 91 0
3 3 6 91 192 0
3 6 91 192 91 0
6 91 192 91 168 0
91 192 91 168 146 0
192 91 168 146 168 0
91 168 146 168 3 0
168 146 168 3 3 0
146 168 3 3 3 0
168 3 3 3 168 0
3 3 3 168 146 0
3 3 168 146 168 0
3 168 146 168 3 0
168 146 168 3 3 0
146 168 3 3 3 0
168 3 3 3 168 0
3 3 3 168 146 0
3 3 168 146 168 0
3 168 146 168 146 0
168 146 168 146 168 0
146 168 146 168 168 0
168 146 168 168 146 0
146 168 168 146 168 0
168 168 146 168 146 0
168 146 168 146 168 0
146 168 146 168 146 0
168 146 168 146 168 0
146 168 146 168 146 0
168 146 168 146 168 0
146 168 146 168 168 0
168 146 168 168 168 0
146 168 168 168 146 0
168 168 168 146 168 0
168 168 146 168 146 0
168 146 168 146 146 0
146 168 146 146 146 0
168 146 146 146 168 0
146 146 146 168 168 0
146 146 168 168 146 0
146 168 168 146 168 0
168 168 146 168 146 0
168 146 168 146 146 0
146 168 146 146 168 0
168 146 146 168 146 0
146 146 168 146 146 0
146 168 146 146 168 0
168 146 146 168 168 0
146 146 168 168 146 0
146 168 168 146 168 0
168 168 146 168 146 0
168 146 168 146 168 0
146 168 146 168 146 0
168 146 168 146 168 0
146 168 146 168 168 0
168 146 168 168 168 0
146 168 168 168 168 0
168 168 168 168 168 0
168 168 168 168 146 0
168 168 168 146 168 0
168 168 146 168 168 0
168 146 168 168 146 0
146 168 168 146 146 0
168 168 146 146 168 0
168 146 146 168 146 0
146 146 168 146 146 0
146 168 146 146 168 0
168 146 146 168 168 0
146 146 168 168 146 0
146 168 168 146 168 0
168 168 146 168 168 0
168 146 168 168 168 0
146 168 168 168 146 0
168 168 168 146 168 0
168 168 146 168 146 0
168 146 168 146 168 0
146 168 146 168 168 0
168 146 168 168 168 0
146 168 168 168 146 0
168 168 168 146 3 0
new
174 6 6 5 220 0
6 6 5 220 221 0
6 5 220 221 221 0
5 220 221 221 221 0
220 221 221 221 221 0
221 221 221 221 221 0
221 221 221 221 221 0
221 221 221 221 221 0
221 221 221 221 221 0
221 221 221 221 221 0
221 221 221 221 221 0
221 221 221 221 221 0
221 221 221 221 221 0
221 221 221 221 221 0
221 221 221 221 221 0
221 221 221 221 221 0
221 221 221 221 221 0
221 221 221 221 221 0
221 221 221 221 221 0
221 221 221 221 221 0
221 221 221 221 221 0
221 221 221 221 221 0
221 221 221 221 221 0
221 221 221 221 221 0
221 221 221 221 221 0
221 221 221 221 221 0
221 221 221 221 221 0
221 221 221 221 221 0
221 221 221 221 221 0
221 221 221 221 221 0
221 221 221 221 221 0
221 221 221 221 221 0
221 221 221 221 221 0
221 221 221 221 221 0
221 221 221 221 221 0
221 221 221 221 221 0
221 221 221 221 221 0
221 221 221 221 221 0
221 221 221 221 221 0
221 221 221 221 221 0
221 221 221 221 221 0
221 221 221 221 221 0
221 221 221 221 221 0
221 221 221 221 221 0
221 221 221 221 221 0
221 221 221 221 221 0
221 221 221 221 221 0
221 221 221 221 221 0
221 221 221 221 221 0
221 221 221 221 221 0
221 221 221 221 221 0
221 221 221 221 221 0
221 221 221 221 221 0
221 221 221 221 221 0
221 221 221 221 221 0
221 221 221 221 221 0
221 221 221 221 221 0
221 221 221 221 221 0
221 221 221 221 221 0
221 221 221 221 221 0
221 221 221 221 221 0
221 221 221 221 221 0
221 221 221 221 221 0
221 221 221 221 221 0
221 221 221 221 221 0
221 221 221 221 221 0
221 221 221 221 221 0
221 221 221 221 221 0
221 221 221 221 221 0
221 221 221 221 221 0
221 221 221 221 220 0
221 221 221 220 6 0
221 221 220 6 63 0
221 220 6 63 6 0
220 6 63 6 5 0
6 63 6 5 63 0
63 6 5 63 6 0
6 5 63 6 11 0
5 63 6 11 45 0
63 6 11 45 33 0
6 11 45 33 192 0
11 45 33 192 33 0
45 33 192 33 5 0
33 192 33 5 197 0
192 33 5 197 192 0
33 5 197 192 6 0
5 197 192 6 33 0
197 192 6 33 5 0
192 6 33 5 3 0
6 33 5 3 197 0
33 5 3 197 192 0
5 3 197 192 192 0
3 197 192 192 6 0
197 192 192 6 33 0
192 192 6 33 5 0
192 6 33 5 3 0
6 33 5 3 197 0
33 5 3 197 192 0
5 3 197 192 192 0
3 197 192 192 6 0
197 192 192 6 33 0
192 192 6 33 5 0
192 6 33 5 3 0
6 33 5 3 197 0
33 5 3 197 192 0
5 3 197 192 192 0
3 197 192 192 192 0
197 192 192 192 6 0
192 192 192 6 33 0
192 192 6 33 5 0
192 6 33 5 3 0
6 33 5 3 197 0
33 5 3 197 192 0
5 3 197 192 192 0
3 197 192 192 6 0
197 192 192 6 33 0
192 192 6 33 5 0
192 6 33 5 3 0
6 33 5 3 197 0
33 5 3 197 192 0
5 3 197 192 192 0
3 197 192 192 192 0
197 192 192 192 6 0
192 192 192 6 33 0
192 192 6 33 5 0
192 6 33 5 3 0
6 33 5 3 197 0
33 5 3 197 192 0
5 3 197 192 192 0
3 197 192 192 192 0
197 192 192 192 6 0
192 192 192 6 192 0
192 192 6 192 192 0
192 6 192 192 243 0
6 192 192 243 125 0
192 192 243 125 125 0
192 243 125 125 125 0
243 125 125 125 125 0
125 125 125 125 125 0
125 125 125 125 125 0
125 125 125 125 125 0
125 125 125 125 125 0
125 125 125 125 91 0
125 125 125 91 258 0
125 125 91 258 311 0
125 91 258 311 240 0
91 258 311 240 240 0
258 311 240 240 174 0
311 240 240 174 174 0
240 240 174 174 175 0
240 174 174 175 191 0
174 174 175 191 122 0
174 175 191 122 174 0
175 191 122 174 174 0
191 122 174 174 174 0
122 174 174 174 45 0
174 174 174 45 45 0
174 174 45 45 13 0
174 45 45 13 5 0
45 45 13 5 197 0
45 13 5 197 197 0
13 5 197 197 192 0
5 197 197 192 3 0
197 197 192 3 140 0
197 192 3 140 3 0
192 3 140 3 6 0
3 140 3 6 91 0
140 3 6 91 5 0
3 6 91 5 197 0
6 91 5 197 192 0
91 5 197 192 3 0
5 197 192 3 3 0
197 192 3 3 3 0
192 3 3 3 6 0
3 3 3 6 91 0
3 3 6 91 201 0
3 6 91 201 102 0
6 91 201 102 102 0
91 201 102 102 6 0
201 102 102 6 102 0
102 102 6 102 102 0
102 6 102 102 6 0
6 102 102 6 5 0
102 102 6 5 197 0
102 6 5 197 192 0
6 5 197 192 3 0
5 197 192 3 3 0
197 192 3 3 6 0
192 3 3 6 91 0
3 3 6 91 5 0
3 6 91 5 197 0
6 91 5 197 192 0
91 5 197 192 6 0
5 197 192 6 33 0
197 192 6 33 5 0
192 6 33 5 3 0
6 33 5 3 197 0
33 5 3 197 192 0
5 3 197 192 192 0
3 197 192 192 6 0
197 192 192 6 33 0
192 192 6 33 5 0
192 6 33 5 3 0
6 33 5 3 197 0
33 5 3 197 5 0
5 3 197 5 6 0
3 197 5 6 6 0
197 5 6 6 221 0
5 6 6 221 5 0
6 6 221 5 3 0
6 221 5 3 5 0
221 5 3 5 5 0
5 3 5 5 3 0
3 5 5 3 195 0
5 5 3 195 6 0
5 3 195 6 3 0
3 195 6 3 5 0
195 6 3 5 180 0
6 3 5 180 221 0
3 5 180 221 197 0
5 180 221 197 5 0
180 221 197 5 5 0
221 197 5 5 3 0
197 5 5 3 3 0
5 5 3 3 3 0
5 3 3 3 3 0
3 3 3 3 3 0
3 3 3 3 3 0
3 3 3 3 3 0
3 3 3 3 3 0
3 3 3 3 6 0
3 3 3 6 91 0
3 3 6 91 240 0
3 6 91 240 5 0
6 91 240 5 3 0
91 240 5 3 197 0
240 5 3 197 6 0
5 3 197 6 125 0
3 197 6 125 5 0
197 6 125 5 3 0
6 125 5 3 197 0
125 5 3 197 192 0
5 3 197 192 192 0
3 197 192 192 3 0
197 192 192 3 180 0
192 192 3 180 180 0
192 3 180 180 6 0
new
11 45 33 192 33 0
45 33 192 33 5 0
33 192 33 5 197 0
192 33 5 197 192 0
33 5 197 192 6 0
5 197 192 6 33 0
197 192 6 33 5 0
192 6 33 5 3 0
6 33 5 3 197 0
33 5 3 197 192 0
5 3 197 192 192 0
3 197 192 192 6 0
197 192 192 6 33 0
192 192 6 33 5 0
192 6 33 5 3 0
6 33 5 3 197 0
33 5 3 197 192 0
5 3 197 192 192 0
3 197 192 192 6 0
197 192 192 6 33 0
192 192 6 33 5 0
192 6 33 5 3 0
6 33 5 3 197 0
33 5 3 197 192 0
5 3 197 192 192 0
3 197 192 192 192 0
197 192 192 192 192 0
192 192 192 192 6 0
192 192 192 6 33 0
192 192 6 33 5 0
192 6 33 5 3 0
6 33 5 3 197 0
33 5 3 197 192 0
5 3 197 192 192 0
3 197 192 192 192 0
197 192 192 192 6 0
192 192 192 6 33 0
192 192 6 33 5 0
192 6 33 5 3 0
6 33 5 3 197 0
33 5 3 197 192 0
5 3 197 192 192 0
3 197 192 192 192 0
197 192 192 192 6 0
192 192 192 6 192 0
192 192 6 192 243 0
192 6 192 243 125 0
6 192 243 125 125 0
192 243 125 125 125 0
243 125 125 125 125 0
125 125 125 125 125 0
125 125 125 125 125 0
125 125 125 125 125 0
125 125 125 125 91 0
125 125 125 91 258 0
125 125 91 258 311 0
125 91 258 311 240 0
91 258 311 240 240 0
258 311 240 240 174 0
311 240 240 174 174 0
240 240 174 174 175 0
240 174 174 175 191 0
174 174 175 191 122 0
174 175 191 122 174 0
175 191 122 174 45 0
191 122 174 45 45 0
122 174 45 45 199 0
174 45 45 199 201 0
45 45 199 201 200 0
45 199 201 200 202 0
199 201 200 202 5 0
201 200 202 5 197 0
200 202 5 197 192 0
202 5 197 192 192 0
5 197 192 192 6 0
197 192 192 6 5 0
192 192 6 5 3 0
192 6 5 3 6 0
6 5 3 6 13 0
5 3 6 13 85 0
3 6 13 85 195 0
6 13 85 195 195 0
13 85 195 195 195 0
85 195 195 195 195 0
195 195 195 195 195 0
195 195 195 195 54 0
195 195 195 54 140 0
195 195 54 140 54 0
195 54 140 54 140 0
54 140 54 140 54 0
140 54 140 54 140 0
54 140 54 140 5 0
140 54 140 5 54 0
54 140 5 54 140 0
140 5 54 140 221 0
5 54 140 221 197 0
54 140 221 197 174 0
140 221 197 174 45 0
221 197 174 45 3 0
197 174 45 3 195 0
174 45 3 195 195 0
45 3 195 195 195 0
3 195 195 195 195 0
195 195 195 195 195 0
195 195 195 195 195 0
195 195 195 195 195 0
195 195 195 195 195 0
195 195 195 195 195 0
195 195 195 195 195 0
195 195 195 195 195 0
195 195 195 195 195 0
195 195 195 195 195 0
195 195 195 195 195 0
195 195 195 195 5 0
195 195 195 5 54 0
195 195 5 54 140 0
195 5 54 140 3 0
5 54 140 3 140 0
54 140 3 140 140 0
140 3 140 140 6 0
3 140 140 6 195 0
140 140 6 195 195 0
140 6 195 195 195 0
6 195 195 195 195 0
195 195 195 195 195 0
195 195 195 195 3 0
195 195 195 3 140 0
195 195 3 140 140 0
195 3 140 140 6 0
3 140 140 6 195 0
140 140 6 195 195 0
140 6 195 195 195 0
6 195 195 195 45 0
195 195 195 45 140 0
195 195 45 140 195 0
195 45 140 195 195 0
45 140 195 195 195 0
140 195 195 195 3 0
195 195 195 3 3 0
195 195 3 3 6 0
195 3 3 6 195 0
3 3 6 195 195 0
3 6 195 195 3 0
6 195 195 3 195 0
195 195 3 195 3 0
195 3 195 3 45 0
3 195 3 45 45 0
195 3 45 45 3 0
3 45 45 3 3 0
45 45 3 3 3 0
45 3 3 3 3 0
3 3 3 3 6 0
3 3 3 6 140 0
3 3 6 140 140 0
3 6 140 140 6 0
6 140 140 6 195 0
140 140 6 195 195 0
140 6 195 195 195 0
6 195 195 195 240 0
195 195 195 240 5 0
195 195 240 5 3 0
195 240 5 3 197 0
240 5 3 197 192 0
5 3 197 192 192 0
3 197 192 192 6 0
197 192 192 6 125 0
192 192 6 125 3 0
192 6 125 3 45 0
6 125 3 45 3 0
125 3 45 3 6 0
3 45 3 6 195 0
45 3 6 195 195 0
3 6 195 195 195 0
6 195 195 195 195 0
195 195 195 195 195 0
195 195 195 195 195 0
195 195 195 195 195 0
195 195 195 195 195 0
195 195 195 195 195 0
195 195 195 195 195 0
195 195 195 195 195 0
195 195 195 195 6 0
195 195 195 6 3 0
195 195 6 3 6 0
195 6 3 6 3 0
6 3 6 3 6 0
3 6 3 6 195 0
6 3 6 195 195 0
3 6 195 195 195 0
6 195 195 195 195 0
195 195 195 195 3 0
195 195 195 3 140 0
195 195 3 140 140 0
195 3 140 140 5 0
3 140 140 5 3 0
140 140 5 3 45 0
140 5 3 45 3 0
5 3 45 3 3 0
3 45 3 3 6 0
45 3 3 6 3 0
3 3 6 3 6 0
3 6 3 6 195 0
6 3 6 195 195 0
3 6 195 195 195 0
6 195 195 195 195 0
195 195 195 195 195 0
195 195 195 195 3 0
195 195 195 3 6 0
195 195 3 6 195 0
195 3 6 195 3 0
3 6 195 3 3 0
6 195 3 3 195 0
195 3 3 195 195 0
3 3 195 195 3 0
3 195 195 3 195 0
195 195 3 195 3 0
195 3 195 3 3 0
3 195 3 3 140 0
195 3 3 140 140 0
3 3 140 140 6 0
3 140 140 6 3 0
140 140 6 3 6 0
140 6 3 6 3 0
6 3 6 3 6 0
3 6 3 6 195 0
6 3 6 195 195 0
3 6 195 195 3 0
6 195 195 3 195 0
195 195 3 195 3 0
195 3 195 3 3 0
3 195 3 3 45 0
195 3 3 45 140 0
3 3 45 140 140 0
3 45 140 140 6 0
45 140 140 6 195 0
140 140 6 195 3 0
140 6 195 3 6 0
6 195 3 6 195 0
195 3 6 195 195 0
3 6 195 195 3 0
6 195 195 3 6 0
195 195 3 6 3 0
195 3 6 3 6 0
3 6 3 6 195 0
6 3 6 195 195 0
3 6 195 195 6 0
6 195 195 6 195 0
195 195 6 195 5 0
195 6 195 5 5 0
6 195 5 5 3 0
195 5 5 3 45 0
5 5 3 45 3 0
5 3 45 3 3 0
3 45 3 3 6 0
45 3 3 6 45 0
3 3 6 45 195 0
3 6 45 195 195 0
6 45 195 195 195 0
45 195 195 195 195 0
195 195 195 195 195 0
195 195 195 195 195 0
195 195 195 195 195 0
195 195 195 195 195 0
195 195 195 195 195 0
195 195 195 195 195 0
195 195 195 195 5 0
195 195 195 5 54 0
195 195 5 54 140 0
195 5 54 140 3 0
5 54 140 3 195 0
54 140 3 195 3 0
140 3 195 3 195 0
3 195 3 195 3 0
195 3 195 3 195 0
3 195 3 195 195 0
195 3 195 195 54 0
3 195 195 54 3 0
195 195 54 3 3 0
195 54 3 3 140 0
54 3 3 140 140 0
3 3 140 140 6 0
3 140 140 6 45 0
140 140 6 45 3 0
140 6 45 3 3 0
6 45 3 3 195 0
45 3 3 195 195 0
3 3 195 195 195 0
3 195 195 195 195 0
195 195 195 195 195 0
195 195 195 195 195 0
195 195 195 195 195 0
195 195 195 195 195 0
195 195 195 195 195 0
195 195 195 195 195 0
195 195 195 195 195 0
195 195 195 195 195 0
195 195 195 195 140 0
195 195 195 140 140 0
195 195 140 140 6 0
195 140 140 6 195 0
140 140 6 195 192 0
140 6 195 192 6 0
6 195 192 6 195 0
195 192 6 195 195 0
192 6 195 195 3 0
6 195 195 3 3 0
195 195 3 3 140 0
195 3 3 140 140 0
3 3 140 140 6 0
3 140 140 6 45 0
140 140 6 45 140 0
140 6 45 140 140 0
6 45 140 140 3 0
45 140 140 3 3 0
140 140 3 3 6 0
140 3 3 6 195 0
3 3 6 195 195 0
3 6 195 195 195 0
6 195 195 195 5 0
195 195 195 5 195 0
195 195 5 195 195 0
195 5 195 195 3 0
5 195 195 3 3 0
195 195 3 3 6 0
195 3 3 6 3 0
3 3 6 3 3 0
3 6 3 3 6 0
6 3 3 6 195 0
3 3 6 195 195 0
3 6 195 195 3 0
6 195 195 3 3 0
195 195 3 3 3 0
195 3 3 3 3 0
3 3 3 3 3 0
3 3 3 3 3 0
3 3 3 3 3 0
3 3 3 3 3 0
3 3 3 3 6 0
3 3 3 6 45 0
3 3 6 45 195 0
3 6 45 195 195 0
6 45 195 195 195 0
45 195 195 195 195 0
195 195 195 195 195 0
195 195 195 195 6 0
195 195 195 6 3 0
195 195 6 3 6 0
195 6 3 6 195 0
6 3 6 195 195 0
3 6 195 195 195 0
6 195 195 195 140 0
195 195 195 140 140 0
195 195 140 140 6 0
195 140 140 6 195 0
140 140 6 195 195 0
140 6 195 195 195 0
6 195 195 195 3 0
195 195 195 3 140 0
195 195 3 140 140 0
195 3 140 140 6 0
3 140 140 6 195 0
140 140 6 195 195 0
140 6 195 195 5 0
6 195 195 5 3 0
195 195 5 3 6 0
195 5 3 6 3 0
5 3 6 3 6 0
3 6 3 6 195 0
6 3 6 195 195 0
3 6 195 195 120 0
6 195 195 120 6 0
195 195 120 6 6 0
195 120 6 6 3 0
120 6 6 3 6 0
6 6 3 6 195 0
6 3 6 195 140 0
3 6 195 140 140 0
6 195 140 140 6 0
195 140 140 6 195 0
140 140 6 195 125 0
140 6 195 125 3 0
6 195 125 3 45 0
195 125 3 45 140 0
125 3 45 140 140 0
3 45 140 140 6 0
45 140 140 6 3 0
140 140 6 3 3 0
140 6 3 3 6 0
6 3 3 6 3 0
3 3 6 3 3 0
3 6 3 3 195 0
6 3 3 195 195 0
3 3 195 195 195 0
3 195 195 195 195 0
195 195 195 195 195 0
195 195 195 195 195 0
195 195 195 195 195 0
195 195 195 195 195 0
195 195 195 195 195 0
195 195 195 195 195 0
195 195 195 195 3 0
195 195 195 3 140 0
195 195 3 140 140 0
195 3 140 140 6 0
3 140 140 6 3 0
140 140 6 3 6 0
140 6 3 6 3 0
6 3 6 3 3 0
3 6 3 3 3 0
6 3 3 3 6 0
3 3 3 6 3 0
3 3 6 3 195 0
3 6 3 195 195 0
6 3 195 195 195 0
3 195 195 195 195 0
195 195 195 195 195 0
195 195 195 195 195 0
195 195 195 195 3 0
195 195 195 3 6 0
195 195 3 6 3 0
195 3 6 3 45 0
3 6 3 45 3 0
6 3 45 3 6 0
3 45 3 6 195 0
45 3 6 195 195 0
3 6 195 195 195 0
6 195 195 195 195 0
195 195 195 195 195 0
195 195 195 195 195 0
195 195 195 195 195 0
195 195 195 195 3 0
195 195 195 3 140 0
195 195 3 140 140 0
195 3 140 140 3 0
3 140 140 3 3 0
140 140 3 3 6 0
140 3 3 6 195 0
3 3 6 195 195 0
3 6 195 195 195 0
6 195 195 195 195 0
195 195 195 195 195 0
195 195 195 195 195 0
195 195 195 195 192 0
195 195 195 192 6 0
195 195 192 6 125 0
195 192 6 125 197 0
192 6 125 197 195 0
6 125 197 195 195 0
125 197 195 195 3 0
197 195 195 3 195 0
195 195 3 195 195 0
195 3 195 195 3 0
3 195 195 3 3 0
195 195 3 3 3 0
195 3 3 3 3 0
3 3 3 3 3 0
3 3 3 3 6 0
3 3 3 6 195 0
3 3 6 195 195 0
3 6 195 195 195 0
6 195 195 195 195 0
195 195 195 195 195 0
195 195 195 195 3 0
195 195 195 3 195 0
195 195 3 195 195 0
195 3 195 195 3 0
3 195 195 3 45 0
195 195 3 45 3 0
195 3 45 3 6 0
3 45 3 6 3 0
45 3 6 3 6 0
3 6 3 6 3 0
6 3 6 3 3 0
3 6 3 3 45 0
6 3 3 45 3 0
3 3 45 3 3 0
3 45 3 3 6 0
45 3 3 6 3 0
3 3 6 3 6 0
3 6 3 6 3 0
6 3 6 3 3 0
3 6 3 3 6 0
6 3 3 6 195 0
3 3 6 195 195 0
3 6 195 195 5 0
6 195 195 5 54 0
195 195 5 54 140 0
195 5 54 140 197 0
5 54 140 197 221 0
54 140 197 221 3 0
140 197 221 3 195 0
197 221 3 195 195 0
221 3 195 195 195 0
3 195 195 195 195 0
195 195 195 195 195 0
195 195 195 195 195 0
195 195 195 195 195 0
195 195 195 195 195 0
195 195 195 195 195 0
195 195 195 195 3 0
195 195 195 3 195 0
195 195 3 195 45 0
195 3 195 45 3 0
3 195 45 3 3 0
195 45 3 3 6 0
45 3 3 6 3 0
3 3 6 3 6 0
3 6 3 6 195 0
6 3 6 195 195 0
3 6 195 195 195 0
6 195 195 195 195 0
195 195 195 195 3 0
195 195 195 3 6 0
195 195 3 6 195 0
195 3 6 195 5 0
3 6 195 5 54 0
6 195 5 54 3 0
195 5 54 3 3 0
5 54 3 3 3 0
54 3 3 3 3 0
3 3 3 3 3 0
3 3 3 3 3 0
3 3 3 3 3 0
3 3 3 3 3 0
3 3 3 3 45 0
3 3 3 45 3 0
3 3 45 3 3 0
3 45 3 3 3 0
45 3 3 3 195 0
3 3 3 195 5 0
3 3 195 5 54 0
3 195 5 54 140 0
195 5 54 140 197 0
5 54 140 197 221 0
54 140 197 221 143 0
140 197 221 143 3 0
197 221 143 3 195 0
221 143 3 195 195 0
143 3 195 195 195 0
3 195 195 195 195 0
195 195 195 195 3 0
195 195 195 3 195 0
195 195 3 195 5 0
195 3 195 5 3 0
3 195 5 3 3 0
195 5 3 3 6 0
5 3 3 6 45 0
3 3 6 45 3 0
3 6 45 3 3 0
6 45 3 3 6 0
45 3 3 6 195 0
3 3 6 195 5 0
3 6 195 5 54 0
6 195 5 54 140 0
195 5 54 140 197 0
5 54 140 197 221 0
54 140 197 221 143 0
140 197 221 143 3 0
197 221 143 3 3 0
221 143 3 3 3 0
143 3 3 3 3 0
3 3 3 3 3 0
3 3 3 3 3 0
3 3 3 3 3 0
3 3 3 3 3 0
3 3 3 3 3 0
3 3 3 3 3 0
3 3 3 3 3 0
3 3 3 3 3 0
3 3 3 3 3 0
3 3 3 3 3 0
3 3 3 3 3 0
3 3 3 3 3 0
3 3 3 3 3 0
3 3 3 3 3 0
3 3 3 3 3 0
3 3 3 3 3 0
3 3 3 3 45 0
3 3 3 45 3 0
3 3 45 3 3 0
3 45 3 3 3 0
45 3 3 3 3 0
3 3 3 3 3 0
3 3 3 3 3 0
3 3 3 3 3 0
3 3 3 3 3 0
3 3 3 3 3 0
3 3 3 3 3 0
3 3 3 3 3 0
3 3 3 3 3 0
3 3 3 3 3 0
3 3 3 3 3 0
3 3 3 3 3 0
3 3 3 3 3 0
3 3 3 3 3 0
3 3 3 3 3 0
3 3 3 3 3 0
3 3 3 3 3 0
3 3 3 3 3 0
3 3 3 3 3 0
3 3 3 3 3 0
3 3 3 3 3 0
3 3 3 3 3 0
3 3 3 3 3 0
3 3 3 3 3 0
3 3 3 3 3 0
3 3 3 3 3 0
3 3 3 3 3 0
3 3 3 3 3 0
3 3 3 3 3 0
3 3 3 3 3 0
3 3 3 3 3 0
3 3 3 3 3 0
3 3 3 3 3 0
3 3 3 3 3 0
3 3 3 3 3 0
3 3 3 3 45 0
3 3 3 45 3 0
3 3 45 3 3 0
3 45 3 3 3 0
45 3 3 3 3 0
3 3 3 3 3 0
3 3 3 3 3 0
3 3 3 3 3 0
3 3 3 3 3 0
3 3 3 3 3 0
3 3 3 3 3 0
3 3 3 3 3 0
3 3 3 3 3 0
3 3 3 3 3 0
3 3 3 3 3 0
3 3 3 3 3 0
3 3 3 3 3 0
3 3 3 3 3 0
3 3 3 3 3 0
3 3 3 3 3 0
3 3 3 3 3 0
3 3 3 3 3 0
3 3 3 3 3 0
3 3 3 3 3 0
3 3 3 3 3 0
3 3 3 3 3 0
3 3 3 3 3 0
3 3 3 3 3 0
3 3 3 3 3 0
3 3 3 3 3 0
3 3 3 3 3 0
3 3 3 3 3 0
3 3 3 3 3 0
3 3 3 3 3 0
3 3 3 3 3 0
3 3 3 3 3 0
3 3 3 3 3 0
3 3 3 3 3 0
3 3 3 3 3 0
3 3 3 3 3 0
3 3 3 3 3 0
3 3 3 3 3 0
3 3 3 3 3 0
3 3 3 3 3 0
3 3 3 3 3 0
3 3 3 3 45 0
3 3 3 45 3 0
3 3 45 3 3 0
3 45 3 3 3 0
45 3 3 3 3 0
3 3 3 3 3 0
3 3 3 3 3 0
3 3 3 3 3 0
3 3 3 3 3 0
3 3 3 3 3 0
3 3 3 3 3 0
3 3 3 3 3 0
3 3 3 3 3 0
3 3 3 3 3 0
3 3 3 3 3 0
3 3 3 3 3 0
3 3 3 3 3 0
3 3 3 3 3 0
3 3 3 3 3 0
3 3 3 3 3 0
3 3 3 3 3 0
3 3 3 3 3 0
3 3 3 3 3 0
3 3 3 3 45 0
3 3 3 45 3 0
3 3 45 3 3 0
3 45 3 3 3 0
45 3 3 3 3 0
3 3 3 3 3 0
3 3 3 3 3 0
3 3 3 3 3 0
3 3 3 3 3 0
3 3 3 3 3 0
3 3 3 3 3 0
3 3 3 3 3 0
3 3 3 3 3 0
3 3 3 3 3 0
3 3 3 3 3 0
3 3 3 3 3 0
3 3 3 3 3 0
3 3 3 3 3 0
3 3 3 3 3 0
3 3 3 3 3 0
3 3 3 3 3 0
3 3 3 3 45 0
3 3 3 45 45 0
3 3 45 45 3 0
3 45 45 3 3 0
45 45 3 3 3 0
45 3 3 3 3 0
3 3 3 3 3 0
3 3 3 3 3 0
3 3 3 3 3 0
3 3 3 3 3 0
3 3 3 3 3 0
3 3 3 3 3 0
3 3 3 3 3 0
3 3 3 3 3 0
3 3 3 3 3 0
3 3 3 3 3 0
3 3 3 3 3 0
3 3 3 3 3 0
3 3 3 3 3 0
3 3 3 3 3 0
3 3 3 3 3 0
3 3 3 3 3 0
3 3 3 3 3 0
3 3 3 3 3 0
3 3 3 3 3 0
3 3 3 3 3 0
3 3 3 3 3 0
3 3 3 3 3 0
3 3 3 3 3 0
3 3 3 3 3 0
3 3 3 3 3 0
3 3 3 3 3 0
3 3 3 3 3 0
3 3 3 3 3 0
3 3 3 3 3 0
3 3 3 3 3 0
3 3 3 3 3 0
3 3 3 3 3 0
3 3 3 3 3 0
3 3 3 3 3 0
3 3 3 3 3 0
3 3 3 3 3 0
3 3 3 3 3 0
3 3 3 3 3 0
3 3 3 3 3 0
3 3 3 3 45 0
3 3 3 45 45 0
3 3 45 45 3 0
3 45 45 3 3 0
45 45 3 3 3 0
45 3 3 3 3 0
3 3 3 3 3 0
3 3 3 3 3 0
3 3 3 3 3 0
3 3 3 3 3 0
3 3 3 3 3 0
3 3 3 3 3 0
3 3 3 3 3 0
3 3 3 3 3 0
3 3 3 3 3 0
3 3 3 3 3 0
3 3 3 3 3 0
3 3 3 3 3 0
3 3 3 3 3 0
3 3 3 3 3 0
3 3 3 3 3 0
3 3 3 3 3 0
3 3 3 3 3 0
3 3 3 3 3 0
3 3 3 3 3 0
3 3 3 3 3 0
3 3 3 3 3 0
3 3 3 3 3 0
3 3 3 3 3 0
3 3 3 3 3 0
3 3 3 3 3 0
3 3 3 3 3 0
3 3 3 3 3 0
3 3 3 3 3 0
3 3 3 3 3 0
3 3 3 3 3 0
3 3 3 3 3 0
3 3 3 3 3 0
3 3 3 3 3 0
3 3 3 3 3 0
3 3 3 3 3 0
3 3 3 3 3 0
3 3 3 3 3 0
3 3 3 3 3 0
3 3 3 3 45 0
3 3 3 45 3 0
3 3 45 3 3 0
3 45 3 3 3 0
45 3 3 3 3 0
3 3 3 3 3 0
3 3 3 3 3 0
3 3 3 3 3 0
3 3 3 3 3 0
3 3 3 3 3 0
3 3 3 3 3 0
3 3 3 3 3 0
3 3 3 3 3 0
3 3 3 3 3 0
3 3 3 3 3 0
3 3 3 3 3 0
3 3 3 3 3 0
3 3 3 3 3 0
3 3 3 3 3 0
3 3 3 3 3 0
3 3 3 3 3 0
3 3 3 3 3 0
3 3 3 3 3 0
3 3 3 3 3 0
3 3 3 3 3 0
3 3 3 3 3 0
3 3 3 3 3 0
3 3 3 3 3 0
3 3 3 3 3 0
3 3 3 3 3 0
3 3 3 3 3 0
3 3 3 3 3 0
3 3 3 3 3 0
3 3 3 3 3 0
3 3 3 3 3 0
3 3 3 3 3 0
3 3 3 3 3 0
3 3 3 3 3 0
3 3 3 3 3 0
3 3 3 3 3 0
3 3 3 3 3 0
3 3 3 3 3 0
3 3 3 3 3 0
3 3 3 3 3 0
3 3 3 3 3 0
3 3 3 3 3 0
3 3 3 3 3 0
3 3 3 3 3 0
3 3 3 3 3 0
3 3 3 3 3 0
3 3 3 3 3 0
3 3 3 3 3 0
3 3 3 3 3 0
3 3 3 3 3 0
3 3 3 3 3 0
3 3 3 3 3 0
3 3 3 3 3 0
3 3 3 3 3 0
3 3 3 3 3 0
3 3 3 3 3 0
3 3 3 3 3 0
3 3 3 3 45 0
3 3 3 45 3 0
3 3 45 3 3 0
3 45 3 3 3 0
45 3 3 3 3 0
3 3 3 3 3 0
3 3 3 3 3 0
3 3 3 3 3 0
3 3 3 3 3 0
3 3 3 3 3 0
3 3 3 3 3 0
3 3 3 3 3 0
3 3 3 3 3 0
3 3 3 3 3 0
3 3 3 3 3 0
3 3 3 3 3 0
3 3 3 3 3 0
3 3 3 3 3 0
3 3 3 3 3 0
3 3 3 3 3 0
3 3 3 3 3 0
3 3 3 3 3 0
3 3 3 3 6 0
3 3 3 6 195 0
3 3 6 195 3 0
3 6 195 3 3 0
6 195 3 3 195 0
195 3 3 195 195 0
3 3 195 195 3 0
3 195 195 3 140 0
195 195 3 140 140 0
195 3 140 140 6 0
3 140 140 6 3 0
140 140 6 3 3 0
140 6 3 3 3 0
6 3 3 3 45 0
3 3 3 45 3 0
3 3 45 3 3 0
3 45 3 3 3 0
45 3 3 3 45 0
3 3 3 45 3 0
3 3 45 3 3 0
3 45 3 3 3 0
45 3 3 3 6 0
3 3 3 6 221 0
3 3 6 221 3 0
3 6 221 3 3 0
6 221 3 3 5 0
221 3 3 5 54 0
3 3 5 54 140 0
3 5 54 140 197 0
5 54 140 197 63 0
54 140 197 63 6 0
140 197 63 6 221 0
197 63 6 221 195 0
63 6 221 195 195 0
6 221 195 195 195 0
221 195 195 195 195 0
195 195 195 195 195 0
195 195 195 195 195 0
195 195 195 195 195 0
195 195 195 195 195 0
195 195 195 195 195 0
195 195 195 195 195 0
195 195 195 195 195 0
195 195 195 195 5 0
195 195 195 5 54 0
195 195 5 54 140 0
195 5 54 140 3 0
5 54 140 3 195 0
54 140 3 195 195 0
140 3 195 195 195 0
3 195 195 195 195 0
195 195 195 195 195 0
195 195 195 195 195 0
195 195 195 195 195 0
195 195 195 195 195 0
195 195 195 195 195 0
195 195 195 195 3 0
195 195 195 3 45 0
195 195 3 45 3 0
195 3 45 3 6 0
3 45 3 6 195 0
45 3 6 195 195 0
3 6 195 195 195 0
6 195 195 195 195 0
195 195 195 195 195 0
195 195 195 195 195 0
195 195 195 195 195 0
195 195 195 195 195 0
195 195 195 195 195 0
195 195 195 195 3 0
195 195 195 3 3 0
195 195 3 3 6 0
195 3 3 6 3 0
3 3 6 3 45 0
3 6 3 45 3 0
6 3 45 3 6 0
3 45 3 6 42 0
45 3 6 42 42 0
3 6 42 42 120 0
6 42 42 120 6 0
42 42 120 6 6 0
42 120 6 6 42 0
120 6 6 42 120 0
6 6 42 120 6 0
6 42 120 6 3 0
42 120 6 3 6 0
120 6 3 6 54 0
6 3 6 54 140 0
3 6 54 140 3 0
6 54 140 3 3 0
54 140 3 3 6 0
140 3 3 6 175 0
3 3 6 175 42 0
3 6 175 42 120 0
6 175 42 120 6 0
175 42 120 6 3 0
42 120 6 3 6 0
120 6 3 6 6 0
6 3 6 6 6 0
3 6 6 6 6 0
6 6 6 6 174 0
6 6 6 174 174 0
6 6 174 174 174 0
6 174 174 174 7 0
174 174 174 7 174 0
174 174 7 174 174 0
174 7 174 174 174 0
new
175 174 174 174 57 0
174 174 174 57 175 0
174 174 57 175 54 0
174 57 175 54 175 0
57 175 54 175 6 0
175 54 175 6 3 0
54 175 6 3 6 0
175 6 3 6 174 0
6 3 6 174 174 0
3 6 174 174 174 0
6 174 174 174 174 0
174 174 174 174 174 0
174 174 174 174 174 0
174 174 174 174 174 0
174 174 174 174 174 0
174 174 174 174 174 0
174 174 174 174 174 0
174 174 174 174 174 0
174 174 174 174 174 0
174 174 174 174 174 0
174 174 174 174 174 0
174 174 174 174 174 0
174 174 174 174 174 0
174 174 174 174 174 0
174 174 174 174 174 0
174 174 174 174 174 0
174 174 174 174 11 0
174 174 174 11 45 0
174 174 11 45 33 0
174 11 45 33 192 0
11 45 33 192 33 0
45 33 192 33 5 0
33 192 33 5 197 0
192 33 5 197 192 0
33 5 197 192 6 0
5 197 192 6 33 0
197 192 6 33 5 0
192 6 33 5 3 0
6 33 5 3 197 0
33 5 3 197 192 0
5 3 197 192 192 0
3 197 192 192 6 0
197 192 192 6 33 0
192 192 6 33 5 0
192 6 33 5 3 0
6 33 5 3 197 0
33 5 3 197 192 0
5 3 197 192 192 0
3 197 192 192 6 0
197 192 192 6 33 0
192 192 6 33 5 0
192 6 33 5 3 0
6 33 5 3 197 0
33 5 3 197 192 0
5 3 197 192 192 0
3 197 192 192 192 0
197 192 192 192 6 0
192 192 192 6 33 0
192 192 6 33 5 0
192 6 33 5 3 0
6 33 5 3 197 0
33 5 3 197 192 0
5 3 197 192 192 0
3 197 192 192 192 0
197 192 192 192 6 0
192 192 192 6 33 0
192 192 6 33 5 0
192 6 33 5 3 0
6 33 5 3 197 0
33 5 3 197 192 0
5 3 197 192 192 0
3 197 192 192 6 0
197 192 192 6 33 0
192 192 6 33 5 0
192 6 33 5 3 0
6 33 5 3 197 0
33 5 3 197 192 0
5 3 197 192 192 0
3 197 192 192 192 0
197 192 192 192 6 0
192 192 192 6 33 0
192 192 6 33 5 0
192 6 33 5 3 0
6 33 5 3 197 0
33 5 3 197 192 0
5 3 197 192 192 0
3 197 192 192 6 0
197 192 192 6 192 0
192 192 6 192 192 0
192 6 192 192 243 0
6 192 192 243 125 0
192 192 243 125 125 0
192 243 125 125 125 0
243 125 125 125 125 0
125 125 125 125 125 0
125 125 125 125 125 0
125 125 125 125 125 0
125 125 125 125 125 0
125 125 125 125 125 0
125 125 125 125 91 0
125 125 125 91 258 0
125 125 91 258 311 0
125 91 258 311 240 0
91 258 311 240 240 0
258 311 240 240 174 0
311 240 240 174 174 0
240 240 174 174 175 0
240 174 174 175 191 0
174 174 175 191 122 0
174 175 191 122 268 0
175 191 122 268 45 0
191 122 268 45 45 0
122 268 45 45 5 0
268 45 45 5 197 0
45 45 5 197 192 0
45 5 197 192 3 0
5 197 192 3 3 0
197 192 3 3 6 0
192 3 3 6 91 0
3 3 6 91 5 0
3 6 91 5 197 0
6 91 5 197 192 0
91 5 197 192 192 0
5 197 192 192 6 0
197 192 192 6 54 0
192 192 6 54 54 0
192 6 54 54 54 0
6 54 54 54 54 0
54 54 54 54 174 0
54 54 54 174 174 0
54 54 174 174 174 0
54 174 174 174 174 0
174 174 174 174 174 0
174 174 174 174 174 0
174 174 174 174 174 0
174 174 174 174 174 0
174 174 174 174 174 0
174 174 174 174 174 0
174 174 174 174 174 0
174 174 174 174 174 0
174 174 174 174 174 0
174 174 174 174 174 0
174 174 174 174 174 0
174 174 174 174 174 0
174 174 174 174 174 0
174 174 174 174 174 0
174 174 174 174 174 0
174 174 174 174 174 0
174 174 174 174 174 0
174 174 174 174 174 0
174 174 174 174 174 0
174 174 174 174 174 0
174 174 174 174 5 0
174 174 174 5 221 0
174 174 5 221 220 0
174 5 221 220 196 0
5 221 220 196 196 0
221 220 196 196 196 0
220 196 196 196 196 0
196 196 196 196 196 0
196 196 196 196 196 0
196 196 196 196 196 0
196 196 196 196 196 0
196 196 196 196 196 0
196 196 196 196 196 0
196 196 196 196 196 0
196 196 196 196 196 0
196 196 196 196 196 0
196 196 196 196 196 0
196 196 196 196 196 0
196 196 196 196 196 0
196 196 196 196 196 0
196 196 196 196 196 0
196 196 196 196 196 0
196 196 196 196 196 0
196 196 196 196 196 0
196 196 196 196 196 0
196 196 196 196 196 0
196 196 196 196 196 0
196 196 196 196 196 0
196 196 196 196 196 0
196 196 196 196 196 0
196 196 196 196 196 0
196 196 196 196 196 0
196 196 196 196 196 0
196 196 196 196 196 0
196 196 196 196 196 0
196 196 196 196 196 0
196 196 196 196 196 0
196 196 196 196 196 0
196 196 196 196 196 0
196 196 196 196 196 0
196 196 196 196 196 0
196 196 196 196 196 0
196 196 196 196 196 0
196 196 196 196 196 0
196 196 196 196 196 0
196 196 196 196 196 0
196 196 196 196 196 0
196 196 196 196 196 0
196 196 196 196 196 0
196 196 196 196 196 0
196 196 196 196 196 0
196 196 196 196 196 0
196 196 196 196 196 0
196 196 196 196 196 0
196 196 196 196 196 0
196 196 196 196 196 0
196 196 196 196 196 0
196 196 196 196 196 0
196 196 196 196 196 0
196 196 196 196 196 0
196 196 196 196 196 0
196 196 196 196 196 0
196 196 196 196 196 0
196 196 196 196 196 0
196 196 196 196 197 0
196 196 196 197 192 0
196 196 197 192 4 0
196 197 192 4 4 0
197 192 4 4 4 0
192 4 4 4 4 0
4 4 4 4 4 0
4 4 4 4 4 0
4 4 4 4 4 0
4 4 4 4 4 0
4 4 4 4 4 0
new
240 311 78 240 120 0
311 78 240 120 221 0
78 240 120 221 33 0
240 120 221 33 120 0
120 221 33 120 168 0
221 33 120 168 240 0
33 120 168 240 3 0
120 168 240 3 6 0
168 240 3 6 6 0
240 3 6 6 78 0
3 6 6 78 102 0
6 6 78 102 221 0
6 78 102 221 221 0
78 102 221 221 42 0
102 221 221 42 221 0
221 221 42 221 221 0
221 42 221 221 221 0
42 221 221 221 221 0
221 221 221 221 102 0
221 221 221 102 78 0
221 221 102 78 168 0
221 102 78 168 102 0
102 78 168 102 78 0
78 168 102 78 168 0
168 102 78 168 102 0
102 78 168 102 78 0
78 168 102 78 168 0
168 102 78 168 102 0
102 78 168 102 78 0
78 168 102 78 168 0
168 102 78 168 102 0
102 78 168 102 4 0
78 168 102 4 240 0
168 102 4 240 240 0
102 4 240 240 78 0
4 240 240 78 168 0
240 240 78 168 102 0
240 78 168 102 78 0
78 168 102 78 168 0
168 102 78 168 102 0
102 78 168 102 102 0
78 168 102 102 6 0
168 102 102 6 240 0
102 102 6 240 240 0
102 6 240 240 6 0
6 240 240 6 240 0
240 240 6 240 240 0
240 6 240 240 6 0
6 240 240 6 13 0
240 240 6 13 78 0
240 6 13 78 4 0
6 13 78 4 78 0
13 78 4 78 265 0
78 4 78 265 240 0
4 78 265 240 78 0
78 265 240 78 265 0
265 240 78 265 240 0
240 78 265 240 240 0
78 265 240 240 240 0
265 240 240 240 240 0
240 240 240 240 240 0
240 240 240 240 78 0
240 240 240 78 240 0
240 240 78 240 33 0
240 78 240 33 33 0
78 240 33 33 5 0
240 33 33 5 221 0
33 33 5 221 168 0
33 5 221 168 3 0
5 221 168 3 6 0
221 168 3 6 6 0
168 3 6 6 78 0
3 6 6 78 102 0
6 6 78 102 221 0
6 78 102 221 221 0
78 102 221 221 42 0
102 221 221 42 221 0
221 221 42 221 221 0
221 42 221 221 221 0
42 221 221 221 221 0
221 221 221 221 102 0
221 221 221 102 78 0
221 221 102 78 168 0
221 102 78 168 102 0
102 78 168 102 78 0
78 168 102 78 168 0
168 102 78 168 102 0
102 78 168 102 78 0
78 168 102 78 168 0
168 102 78 168 102 0
102 78 168 102 78 0
78 168 102 78 168 0
168 102 78 168 102 0
102 78 168 102 4 0
78 168 102 4 240 0
168 102 4 240 240 0
102 4 240 240 240 0
4 240 240 240 78 0
240 240 240 78 168 0
240 240 78 168 102 0
240 78 168 102 78 0
78 168 102 78 168 0
168 102 78 168 102 0
102 78 168 102 102 0
78 168 102 102 6 0
168 102 102 6 240 0
102 102 6 240 240 0
102 6 240 240 6 0
6 240 240 6 240 0
240 240 6 240 240 0
240 6 240 240 6 0
6 240 240 6 13 0
240 240 6 13 78 0
240 6 13 78 4 0
6 13 78 4 78 0
13 78 4 78 265 0
78 4 78 265 240 0
4 78 265 240 33 0
78 265 240 33 33 0
265 240 33 33 160 0
240 33 33 160 195 0
33 33 160 195 240 0
33 160 195 240 125 0
160 195 240 125 168 0
195 240 125 168 3 0
240 125 168 3 6 0
125 168 3 6 6 0
168 3 6 6 78 0
3 6 6 78 102 0
6 6 78 102 221 0
6 78 102 221 221 0
78 102 221 221 42 0
102 221 221 42 221 0
221 221 42 221 221 0
221 42 221 221 221 0
42 221 221 221 221 0
221 221 221 221 102 0
221 221 221 102 78 0
221 221 102 78 168 0
221 102 78 168 102 0
102 78 168 102 78 0
78 168 102 78 168 0
168 102 78 168 102 0
102 78 168 102 78 0
78 168 102 78 168 0
168 102 78 168 102 0
102 78 168 102 78 0
78 168 102 78 168 0
168 102 78 168 102 0
102 78 168 102 4 0
78 168 102 4 240 0
168 102 4 240 240 0
102 4 240 240 78 0
4 240 240 78 168 0
240 240 78 168 102 0
240 78 168 102 78 0
78 168 102 78 168 0
168 102 78 168 102 0
102 78 168 102 102 0
78 168 102 102 6 0
168 102 102 6 240 0
102 102 6 240 240 0
102 6 240 240 6 0
6 240 240 6 240 0
240 240 6 240 240 0
240 6 240 240 6 0
6 240 240 6 13 0
240 240 6 13 78 0
240 6 13 78 4 0
6 13 78 4 78 0
13 78 4 78 265 0
78 4 78 265 240 0
4 78 265 240 240 0
78 265 240 240 78 0
265 240 240 78 265 0
240 240 78 265 240 0
240 78 265 240 240 0
78 265 240 240 240 0
265 240 240 240 78 0
240 240 240 78 265 0
240 240 78 265 240 0
240 78 265 240 78 0
78 265 240 78 3 0
265 240 78 3 33 0
240 78 3 33 140 0
78 3 33 140 168 0
3 33 140 168 240 0
33 140 168 240 3 0
140 168 240 3 6 0
168 240 3 6 6 0
240 3 6 6 78 0
3 6 6 78 102 0
6 6 78 102 221 0
6 78 102 221 221 0
78 102 221 221 42 0
102 221 221 42 221 0
221 221 42 221 221 0
221 42 221 221 221 0
42 221 221 221 221 0
221 221 221 221 102 0
221 221 221 102 78 0
221 221 102 78 168 0
221 102 78 168 102 0
102 78 168 102 78 0
78 168 102 78 168 0
168 102 78 168 102 0
102 78 168 102 78 0
78 168 102 78 168 0
168 102 78 168 102 0
102 78 168 102 78 0
78 168 102 78 168 0
168 102 78 168 102 0
102 78 168 102 4 0
78 168 102 4 240 0
168 102 4 240 240 0
102 4 240 240 240 0
4 240 240 240 78 0
240 240 240 78 168 0
240 240 78 168 102 0
240 78 168 102 78 0
78 168 102 78 168 0
168 102 78 168 102 0
102 78 168 102 102 0
78 168 102 102 6 0
168 102 102 6 240 0
102 102 6 240 240 0
102 6 240 240 6 0
6 240 240 6 240 0
240 240 6 240 240 0
240 6 240 240 6 0
6 240 240 6 13 0
240 240 6 13 78 0
240 6 13 78 4 0
6 13 78 4 78 0
13 78 4 78 265 0
78 4 78 265 240 0
4 78 265 240 78 0
78 265 240 78 240 0
265 240 78 240 78 0
240 78 240 78 78 0
78 240 78 78 219 0
240 78 78 219 91 0
new
