174 6 6 5 220 0
6 6 5 220 221 0
6 5 220 221 221 0
5 220 221 221 221 0
220 221 221 221 221 0
221 221 221 221 221 0
221 221 221 221 221 0
221 221 221 221 221 0
221 221 221 221 221 0
221 221 221 221 221 0
221 221 221 221 221 0
221 221 221 221 221 0
221 221 221 221 221 0
221 221 221 221 221 0
221 221 221 221 221 0
221 221 221 221 221 0
221 221 221 221 221 0
221 221 221 221 221 0
221 221 221 221 221 0
221 221 221 221 221 0
221 221 221 221 221 0
221 221 221 221 221 0
221 221 221 221 221 0
221 221 221 221 221 0
221 221 221 221 221 0
221 221 221 221 221 0
221 221 221 221 221 0
221 221 221 221 221 0
221 221 221 221 221 0
221 221 221 221 221 0
221 221 221 221 221 0
221 221 221 221 221 0
221 221 221 221 221 0
221 221 221 221 221 0
221 221 221 221 221 0
221 221 221 221 221 0
221 221 221 221 221 0
221 221 221 221 221 0
221 221 221 221 221 0
221 221 221 221 221 0
221 221 221 221 221 0
221 221 221 221 221 0
221 221 221 221 221 0
221 221 221 221 221 0
221 221 221 221 221 0
221 221 221 221 221 0
221 221 221 221 221 0
221 221 221 221 221 0
221 221 221 221 221 0
221 221 221 221 221 0
221 221 221 221 221 0
221 221 221 221 221 0
221 221 221 221 221 0
221 221 221 221 221 0
221 221 221 221 221 0
221 221 221 221 221 0
221 221 221 221 221 0
221 221 221 221 221 0
221 221 221 221 221 0
221 221 221 221 221 0
221 221 221 221 221 0
221 221 221 221 221 0
221 221 221 221 221 0
221 221 221 221 221 0
221 221 221 221 221 0
221 221 221 221 221 0
221 221 221 221 221 0
221 221 221 221 221 0
221 221 221 221 221 0
221 221 221 221 221 0
221 221 221 221 221 0
221 221 221 221 220 0
221 221 221 220 6 0
221 221 220 6 63 0
221 220 6 63 6 0
220 6 63 6 5 0
6 63 6 5 63 0
63 6 5 63 6 0
6 5 63 6 11 0
5 63 6 11 45 0
63 6 11 45 33 0
6 11 45 33 192 0
11 45 33 192 33 0
45 33 192 33 5 0
33 192 33 5 197 0
192 33 5 197 192 0
33 5 197 192 6 0
5 197 192 6 33 0
197 192 6 33 5 0
192 6 33 5 3 0
6 33 5 3 197 0
33 5 3 197 192 0
5 3 197 192 192 0
3 197 192 192 6 0
197 192 192 6 33 0
192 192 6 33 5 0
192 6 33 5 3 0
6 33 5 3 197 0
33 5 3 197 192 0
5 3 197 192 192 0
3 197 192 192 6 0
197 192 192 6 33 0
192 192 6 33 5 0
192 6 33 5 3 0
6 33 5 3 197 0
33 5 3 197 192 0
5 3 197 192 192 0
3 197 192 192 192 0
197 192 192 192 197 0
192 192 192 197 6 0
192 192 197 6 5 0
192 197 6 5 125 0
197 6 5 125 125 0
6 5 125 125 174 0
5 125 125 174 174 0
125 125 174 174 45 0
125 174 174 45 5 0
174 174 45 5 197 0
174 45 5 197 91 0
45 5 197 91 5 0
5 197 91 5 3 0
197 91 5 3 3 0
91 5 3 3 201 0
5 3 3 201 102 0
3 3 201 102 3 0
3 201 102 3 91 0
201 102 3 91 192 0
102 3 91 192 33 0
3 91 192 33 6 0
91 192 33 6 125 0
192 33 6 125 5 0
33 6 125 5 221 0
6 125 5 221 221 0
125 5 221 221 197 0
5 221 221 197 180 0
221 221 197 180 221 0
221 197 180 221 180 0
197 180 221 180 180 0
180 221 180 180 197 0
221 180 180 197 192 0
180 180 197 192 3 0
180 197 192 3 5 0
197 192 3 5 5 0
192 3 5 5 197 0
3 5 5 197 192 0
5 5 197 192 3 0
5 197 192 3 3 0
197 192 3 3 3 0
192 3 3 3 3 0
3 3 3 3 3 0
3 3 3 3 3 0
3 3 3 3 3 0
3 3 3 3 3 0
3 3 3 3 3 0
3 3 3 3 3 0
3 3 3 3 3 0
3 3 3 3 3 0
3 3 3 3 6 0
3 3 3 6 91 0
3 3 6 91 240 0
3 6 91 240 5 0
6 91 240 5 3 0
91 240 5 3 197 0
240 5 3 197 192 0
5 3 197 192 6 0
3 197 192 6 125 0
197 192 6 125 3 0
192 6 125 3 3 0
6 125 3 3 3 0
125 3 3 3 3 0
3 3 3 3 180 0
3 3 3 180 180 0
3 3 180 180 6 0
3 180 180 6 91 0
new
174 174 174 174 174 0
174 174 174 174 174 0
174 174 174 174 221 0
174 174 174 221 221 0
174 174 221 221 221 0
174 221 221 221 221 0
221 221 221 221 221 0
221 221 221 221 221 0
221 221 221 221 221 0
221 221 221 221 221 0
221 221 221 221 221 0
221 221 221 221 221 0
221 221 221 221 221 0
221 221 221 221 221 0
221 221 221 221 221 0
221 221 221 221 221 0
221 221 221 221 221 0
221 221 221 221 221 0
221 221 221 221 221 0
221 221 221 221 221 0
221 221 221 221 221 0
221 221 221 221 221 0
221 221 221 221 221 0
221 221 221 221 221 0
221 221 221 221 221 0
221 221 221 221 221 0
221 221 221 221 221 0
221 221 221 221 221 0
221 221 221 221 221 0
221 221 221 221 221 0
221 221 221 221 221 0
221 221 221 221 221 0
221 221 221 221 221 0
221 221 221 221 221 0
221 221 221 221 221 0
221 221 221 221 221 0
221 221 221 221 221 0
221 221 221 221 221 0
221 221 221 221 221 0
221 221 221 221 63 0
221 221 221 63 221 0
221 221 63 221 221 0
221 63 221 221 221 0
63 221 221 221 11 0
221 221 221 11 45 0
221 221 11 45 33 0
221 11 45 33 192 0
11 45 33 192 33 0
45 33 192 33 5 0
33 192 33 5 197 0
192 33 5 197 192 0
33 5 197 192 6 0
5 197 192 6 33 0
197 192 6 33 5 0
192 6 33 5 3 0
6 33 5 3 197 0
33 5 3 197 192 0
5 3 197 192 192 0
3 197 192 192 192 0
197 192 192 192 6 0
192 192 192 6 192 0
192 192 6 192 243 0
192 6 192 243 125 0
6 192 243 125 125 0
192 243 125 125 125 0
243 125 125 125 91 0
125 125 125 91 20 0
125 125 91 20 174 0
125 91 20 174 201 0
91 20 174 201 45 0
20 174 201 45 45 0
174 201 45 45 64 0
201 45 45 64 195 0
45 45 64 195 195 0
45 64 195 195 174 0
64 195 195 174 174 0
195 195 174 174 174 0
195 174 174 174 174 0
174 174 174 174 174 0
174 174 174 174 174 0
174 174 174 174 120 0
174 174 174 120 114 0
new
6 11 45 33 192 0
11 45 33 192 33 0
45 33 192 33 5 0
33 192 33 5 197 0
192 33 5 197 192 0
33 5 197 192 6 0
5 197 192 6 33 0
197 192 6 33 5 0
192 6 33 5 3 0
6 33 5 3 197 0
33 5 3 197 192 0
5 3 197 192 192 0
3 197 192 192 6 0
197 192 192 6 33 0
192 192 6 33 5 0
192 6 33 5 3 0
6 33 5 3 197 0
33 5 3 197 192 0
5 3 197 192 192 0
3 197 192 192 6 0
197 192 192 6 33 0
192 192 6 33 5 0
192 6 33 5 3 0
6 33 5 3 197 0
33 5 3 197 192 0
5 3 197 192 192 0
3 197 192 192 192 0
197 192 192 192 6 0
192 192 192 6 33 0
192 192 6 33 5 0
192 6 33 5 3 0
6 33 5 3 197 0
33 5 3 197 192 0
5 3 197 192 192 0
3 197 192 192 6 0
197 192 192 6 33 0
192 192 6 33 5 0
192 6 33 5 3 0
6 33 5 3 197 0
33 5 3 197 192 0
5 3 197 192 192 0
3 197 192 192 192 0
197 192 192 192 6 0
192 192 192 6 33 0
192 192 6 33 5 0
192 6 33 5 3 0
6 33 5 3 197 0
33 5 3 197 192 0
5 3 197 192 192 0
3 197 192 192 6 0
197 192 192 6 33 0
192 192 6 33 5 0
192 6 33 5 3 0
6 33 5 3 197 0
33 5 3 197 192 0
5 3 197 192 192 0
3 197 192 192 192 0
197 192 192 192 6 0
192 192 192 6 192 0
192 192 6 192 192 0
192 6 192 192 243 0
6 192 192 243 125 0
192 192 243 125 125 0
192 243 125 125 125 0
243 125 125 125 125 0
125 125 125 125 125 0
125 125 125 125 125 0
125 125 125 125 125 0
125 125 125 125 125 0
125 125 125 125 125 0
125 125 125 125 91 0
125 125 125 91 258 0
125 125 91 258 311 0
125 91 258 311 240 0
91 258 311 240 240 0
258 311 240 240 174 0
311 240 240 174 174 0
240 240 174 174 175 0
240 174 174 175 191 0
174 174 175 191 122 0
174 175 191 122 268 0
175 191 122 268 45 0
191 122 268 45 45 0
122 268 45 45 5 0
268 45 45 5 197 0
45 45 5 197 192 0
45 5 197 192 3 0
5 197 192 3 3 0
197 192 3 3 6 0
192 3 3 6 91 0
3 3 6 91 5 0
3 6 91 5 197 0
6 91 5 197 192 0
91 5 197 192 3 0
5 197 192 3 3 0
197 192 3 3 6 0
192 3 3 6 91 0
3 3 6 91 201 0
3 6 91 201 54 0
6 91 201 54 195 0
91 201 54 195 196 0
201 54 195 196 196 0
54 195 196 196 38 0
195 196 196 38 10 0
196 196 38 10 5 0
196 38 10 5 197 0
38 10 5 197 5 0
10 5 197 5 197 0
5 197 5 197 3 0
197 5 197 3 4 0
5 197 3 4 3 0
197 3 4 3 320 0
3 4 3 320 234 0
4 3 320 234 234 0
3 320 234 234 231 0
320 234 234 231 228 0
234 234 231 228 6 0
234 231 228 6 6 0
231 228 6 6 196 0
228 6 6 196 300 0
6 6 196 300 301 0
6 196 300 301 6 0
196 300 301 6 6 0
300 301 6 6 6 0
new
175 174 174 174 57 0
174 174 174 57 175 0
174 174 57 175 54 0
174 57 175 54 175 0
57 175 54 175 6 0
175 54 175 6 3 0
54 175 6 3 6 0
175 6 3 6 174 0
6 3 6 174 174 0
3 6 174 174 174 0
6 174 174 174 174 0
174 174 174 174 174 0
174 174 174 174 174 0
174 174 174 174 174 0
174 174 174 174 174 0
174 174 174 174 174 0
174 174 174 174 174 0
174 174 174 174 174 0
174 174 174 174 174 0
174 174 174 174 174 0
174 174 174 174 174 0
174 174 174 174 174 0
174 174 174 174 174 0
174 174 174 174 174 0
174 174 174 174 174 0
174 174 174 174 174 0
174 174 174 174 11 0
174 174 174 11 45 0
174 174 11 45 33 0
174 11 45 33 192 0
11 45 33 192 33 0
45 33 192 33 5 0
33 192 33 5 197 0
192 33 5 197 192 0
33 5 197 192 6 0
5 197 192 6 33 0
197 192 6 33 5 0
192 6 33 5 3 0
6 33 5 3 197 0
33 5 3 197 192 0
5 3 197 192 192 0
3 197 192 192 6 0
197 192 192 6 33 0
192 192 6 33 5 0
192 6 33 5 3 0
6 33 5 3 197 0
33 5 3 197 192 0
5 3 197 192 192 0
3 197 192 192 6 0
197 192 192 6 33 0
192 192 6 33 5 0
192 6 33 5 3 0
6 33 5 3 197 0
33 5 3 197 192 0
5 3 197 192 192 0
3 197 192 192 192 0
197 192 192 192 192 0
192 192 192 192 6 0
192 192 192 6 33 0
192 192 6 33 5 0
192 6 33 5 3 0
6 33 5 3 197 0
33 5 3 197 192 0
5 3 197 192 192 0
3 197 192 192 6 0
197 192 192 6 33 0
192 192 6 33 5 0
192 6 33 5 3 0
6 33 5 3 197 0
33 5 3 197 192 0
5 3 197 192 192 0
3 197 192 192 6 0
197 192 192 6 33 0
192 192 6 33 5 0
192 6 33 5 3 0
6 33 5 3 197 0
33 5 3 197 192 0
5 3 197 192 192 0
3 197 192 192 192 0
197 192 192 192 6 0
192 192 192 6 33 0
192 192 6 33 5 0
192 6 33 5 3 0
6 33 5 3 197 0
33 5 3 197 192 0
5 3 197 192 192 0
3 197 192 192 6 0
197 192 192 6 33 0
192 192 6 33 5 0
192 6 33 5 3 0
6 33 5 3 197 0
33 5 3 197 192 0
5 3 197 192 192 0
3 197 192 192 192 0
197 192 192 192 6 0
192 192 192 6 192 0
192 192 6 192 243 0
192 6 192 243 125 0
6 192 243 125 125 0
192 243 125 125 125 0
243 125 125 125 125 0
125 125 125 125 125 0
125 125 125 125 192 0
125 125 125 192 125 0
125 125 192 125 125 0
125 192 125 125 125 0
192 125 125 125 125 0
125 125 125 125 125 0
125 125 125 125 91 0
125 125 125 91 45 0
125 125 91 45 45 0
125 91 45 45 5 0
91 45 45 5 5 0
45 45 5 5 197 0
45 5 5 197 192 0
5 5 197 192 192 0
5 197 192 192 6 0
197 192 192 6 195 0
192 192 6 195 195 0
192 6 195 195 195 0
6 195 195 195 5 0
195 195 195 5 5 0
195 195 5 5 197 0
195 5 5 197 192 0
5 5 197 192 3 0
5 197 192 3 3 0
197 192 3 3 3 0
192 3 3 3 3 0
3 3 3 3 3 0
3 3 3 3 3 0
3 3 3 3 3 0
3 3 3 3 3 0
3 3 3 3 3 0
3 3 3 3 3 0
3 3 3 3 3 0
3 3 3 3 3 0
3 3 3 3 3 0
3 3 3 3 3 0
3 3 3 3 3 0
3 3 3 3 6 0
3 3 3 6 91 0
3 3 6 91 5 0
3 6 91 5 221 0
6 91 5 221 45 0
91 5 221 45 141 0
5 221 45 141 141 0
221 45 141 141 45 0
45 141 141 45 6 0
141 141 45 6 5 0
141 45 6 5 3 0
45 6 5 3 3 0
6 5 3 3 6 0
5 3 3 6 5 0
3 3 6 5 3 0
3 6 5 3 3 0
6 5 3 3 6 0
5 3 3 6 5 0
3 3 6 5 3 0
3 6 5 3 3 0
6 5 3 3 6 0
5 3 3 6 5 0
3 3 6 5 3 0
3 6 5 3 3 0
6 5 3 3 6 0
5 3 3 6 5 0
3 3 6 5 3 0
3 6 5 3 3 0
6 5 3 3 6 0
5 3 3 6 5 0
3 3 6 5 3 0
3 6 5 3 3 0
6 5 3 3 6 0
5 3 3 6 5 0
3 3 6 5 3 0
3 6 5 3 3 0
6 5 3 3 6 0
5 3 3 6 5 0
3 3 6 5 3 0
3 6 5 3 3 0
6 5 3 3 6 0
5 3 3 6 5 0
3 3 6 5 3 0
3 6 5 3 3 0
6 5 3 3 6 0
5 3 3 6 5 0
3 3 6 5 3 0
3 6 5 3 3 0
6 5 3 3 6 0
5 3 3 6 5 0
3 3 6 5 3 0
3 6 5 3 3 0
6 5 3 3 6 0
5 3 3 6 195 0
3 3 6 195 195 0
3 6 195 195 195 0
6 195 195 195 195 0
195 195 195 195 199 0
195 195 195 199 54 0
195 195 199 54 174 0
195 199 54 174 174 0
199 54 174 174 54 0
54 174 174 54 5 0
174 174 54 5 221 0
174 54 5 221 221 0
54 5 221 221 5 0
5 221 221 5 141 0
221 221 5 141 141 0
221 5 141 141 6 0
5 141 141 6 195 0
141 141 6 195 5 0
141 6 195 5 3 0
6 195 5 3 331 0
195 5 3 331 120 0
5 3 331 120 6 0
3 331 120 6 221 0
331 120 6 221 197 0
120 6 221 197 192 0
6 221 197 192 3 0
221 197 192 3 7 0
197 192 3 7 91 0
192 3 7 91 3 0
3 7 91 3 5 0
7 91 3 5 195 0
91 3 5 195 195 0
3 5 195 195 195 0
5 195 195 195 195 0
195 195 195 195 3 0
195 195 195 3 5 0
195 195 3 5 120 0
195 3 5 120 6 0
3 5 120 6 3 0
5 120 6 3 7 0
120 6 3 7 195 0
6 3 7 195 195 0
3 7 195 195 195 0
7 195 195 195 195 0
195 195 195 195 5 0
195 195 195 5 4 0
195 195 5 4 4 0
195 5 4 4 78 0
5 4 4 78 78 0
4 4 78 78 78 0
4 78 78 78 78 0
78 78 78 78 78 0
78 78 78 78 78 0
78 78 78 78 78 0
78 78 78 78 78 0
78 78 78 78 78 0
78 78 78 78 78 0
78 78 78 78 78 0
78 78 78 78 78 0
78 78 78 78 78 0
78 78 78 78 78 0
78 78 78 78 78 0
78 78 78 78 78 0
78 78 78 78 78 0
78 78 78 78 78 0
78 78 78 78 78 0
78 78 78 78 78 0
78 78 78 78 78 0
78 78 78 78 78 0
78 78 78 78 78 0
78 78 78 78 78 0
78 78 78 78 78 0
78 78 78 78 78 0
78 78 78 78 78 0
78 78 78 78 78 0
78 78 78 78 78 0
78 78 78 78 78 0
78 78 78 78 78 0
78 78 78 78 78 0
78 78 78 78 78 0
78 78 78 78 78 0
78 78 78 78 78 0
78 78 78 78 78 0
78 78 78 78 78 0
78 78 78 78 78 0
78 78 78 78 78 0
78 78 78 78 78 0
78 78 78 78 78 0
78 78 78 78 78 0
78 78 78 78 78 0
78 78 78 78 78 0
78 78 78 78 78 0
78 78 78 78 78 0
78 78 78 78 78 0
78 78 78 78 78 0
78 78 78 78 78 0
78 78 78 78 4 0
78 78 78 4 4 0
78 78 4 4 78 0
78 4 4 78 78 0
4 4 78 78 78 0
4 78 78 78 78 0
78 78 78 78 78 0
78 78 78 78 78 0
78 78 78 78 78 0
78 78 78 78 78 0
78 78 78 78 78 0
78 78 78 78 78 0
78 78 78 78 78 0
78 78 78 78 78 0
78 78 78 78 78 0
78 78 78 78 78 0
78 78 78 78 78 0
78 78 78 78 78 0
78 78 78 78 78 0
78 78 78 78 78 0
78 78 78 78 78 0
78 78 78 78 78 0
78 78 78 78 78 0
78 78 78 78 78 0
78 78 78 78 78 0
78 78 78 78 78 0
78 78 78 78 78 0
78 78 78 78 78 0
78 78 78 78 78 0
78 78 78 78 78 0
78 78 78 78 78 0
78 78 78 78 78 0
78 78 78 78 78 0
78 78 78 78 78 0
78 78 78 78 78 0
78 78 78 78 78 0
78 78 78 78 78 0
78 78 78 78 78 0
78 78 78 78 78 0
78 78 78 78 78 0
78 78 78 78 78 0
78 78 78 78 78 0
78 78 78 78 78 0
78 78 78 78 78 0
78 78 78 78 78 0
78 78 78 78 78 0
78 78 78 78 78 0
78 78 78 78 78 0
78 78 78 78 78 0
78 78 78 78 78 0
78 78 78 78 78 0
78 78 78 78 78 0
78 78 78 78 78 0
78 78 78 78 195 0
78 78 78 195 5 0
78 78 195 5 221 0
78 195 5 221 197 0
195 5 221 197 4 0
5 221 197 4 4 0
221 197 4 4 4 0
197 4 4 4 3 0
4 4 4 3 3 0
4 4 3 3 4 0
4 3 3 4 78 0
3 3 4 78 78 0
3 4 78 78 78 0
4 78 78 78 78 0
78 78 78 78 78 0
78 78 78 78 78 0
78 78 78 78 78 0
78 78 78 78 78 0
78 78 78 78 78 0
78 78 78 78 78 0
78 78 78 78 78 0
78 78 78 78 78 0
78 78 78 78 78 0
78 78 78 78 78 0
78 78 78 78 78 0
78 78 78 78 78 0
78 78 78 78 78 0
78 78 78 78 78 0
78 78 78 78 78 0
78 78 78 78 78 0
78 78 78 78 78 0
78 78 78 78 78 0
78 78 78 78 78 0
78 78 78 78 78 0
78 78 78 78 78 0
78 78 78 78 78 0
78 78 78 78 78 0
78 78 78 78 78 0
78 78 78 78 78 0
78 78 78 78 78 0
78 78 78 78 78 0
78 78 78 78 78 0
78 78 78 78 78 0
78 78 78 78 78 0
78 78 78 78 78 0
78 78 78 78 78 0
78 78 78 78 78 0
78 78 78 78 78 0
78 78 78 78 78 0
78 78 78 78 78 0
78 78 78 78 78 0
78 78 78 78 78 0
78 78 78 78 78 0
78 78 78 78 78 0
78 78 78 78 78 0
78 78 78 78 78 0
78 78 78 78 78 0
78 78 78 78 78 0
78 78 78 78 6 0
78 78 78 6 4 0
78 78 6 4 4 0
78 6 4 4 192 0
6 4 4 192 5 0
4 4 192 5 197 0
4 192 5 197 192 0
192 5 197 192 3 0
5 197 192 3 6 0
197 192 3 6 91 0
192 3 6 91 192 0
3 6 91 192 91 0
6 91 192 91 45 0
91 192 91 45 45 0
192 91 45 45 45 0
91 45 45 45 45 0
45 45 45 45 5 0
45 45 45 5 5 0
45 45 5 5 5 0
45 5 5 5 5 0
5 5 5 5 4 0
5 5 5 4 4 0
5 5 4 4 4 0
5 4 4 4 4 0
4 4 4 4 4 0
4 4 4 4 4 0
4 4 4 4 4 0
4 4 4 4 5 0
4 4 4 5 221 0
4 4 5 221 197 0
4 5 221 197 192 0
5 221 197 192 140 0
221 197 192 140 3 0
197 192 140 3 221 0
192 140 3 221 3 0
140 3 221 3 3 0
3 221 3 3 5 0
221 3 3 5 221 0
3 3 5 221 197 0
3 5 221 197 192 0
5 221 197 192 140 0
221 197 192 140 3 0
197 192 140 3 221 0
192 140 3 221 5 0
140 3 221 5 221 0
3 221 5 221 197 0
221 5 221 197 192 0
5 221 197 192 140 0
221 197 192 140 3 0
197 192 140 3 3 0
192 140 3 3 221 0
140 3 3 221 5 0
3 3 221 5 221 0
3 221 5 221 197 0
221 5 221 197 192 0
5 221 197 192 140 0
221 197 192 140 3 0
197 192 140 3 221 0
192 140 3 221 3 0
140 3 221 3 3 0
3 221 3 3 5 0
221 3 3 5 45 0
3 3 5 45 221 0
3 5 45 221 197 0
5 45 221 197 192 0
45 221 197 192 140 0
221 197 192 140 3 0
197 192 140 3 221 0
192 140 3 221 3 0
140 3 221 3 3 0
3 221 3 3 5 0
221 3 3 5 221 0
3 3 5 221 197 0
3 5 221 197 192 0
5 221 197 192 140 0
221 197 192 140 3 0
197 192 140 3 221 0
192 140 3 221 3 0
140 3 221 3 3 0
3 221 3 3 5 0
221 3 3 5 221 0
3 3 5 221 197 0
3 5 221 197 192 0
5 221 197 192 140 0
221 197 192 140 3 0
197 192 140 3 221 0
192 140 3 221 45 0
140 3 221 45 3 0
3 221 45 3 3 0
221 45 3 3 5 0
45 3 3 5 221 0
3 3 5 221 197 0
3 5 221 197 192 0
5 221 197 192 140 0
221 197 192 140 3 0
197 192 140 3 221 0
192 140 3 221 3 0
140 3 221 3 3 0
3 221 3 3 5 0
221 3 3 5 221 0
3 3 5 221 197 0
3 5 221 197 192 0
5 221 197 192 140 0
221 197 192 140 3 0
197 192 140 3 221 0
192 140 3 221 3 0
140 3 221 3 3 0
3 221 3 3 5 0
221 3 3 5 45 0
3 3 5 45 221 0
3 5 45 221 197 0
5 45 221 197 192 0
45 221 197 192 140 0
221 197 192 140 3 0
197 192 140 3 221 0
192 140 3 221 3 0
140 3 221 3 3 0
3 221 3 3 5 0
221 3 3 5 221 0
3 3 5 221 197 0
3 5 221 197 192 0
5 221 197 192 140 0
221 197 192 140 3 0
197 192 140 3 221 0
192 140 3 221 3 0
140 3 221 3 3 0
3 221 3 3 5 0
221 3 3 5 221 0
3 3 5 221 197 0
3 5 221 197 192 0
5 221 197 192 140 0
221 197 192 140 3 0
197 192 140 3 221 0
192 140 3 221 45 0
140 3 221 45 3 0
3 221 45 3 3 0
221 45 3 3 5 0
45 3 3 5 221 0
3 3 5 221 197 0
3 5 221 197 192 0
5 221 197 192 140 0
221 197 192 140 3 0
197 192 140 3 221 0
192 140 3 221 3 0
140 3 221 3 3 0
3 221 3 3 5 0
221 3 3 5 221 0
3 3 5 221 197 0
3 5 221 197 192 0
5 221 197 192 140 0
221 197 192 140 3 0
197 192 140 3 221 0
192 140 3 221 3 0
140 3 221 3 3 0
3 221 3 3 78 0
221 3 3 78 78 0
3 3 78 78 195 0
3 78 78 195 195 0
78 78 195 195 5 0
78 195 195 5 221 0
195 195 5 221 221 0
195 5 221 221 45 0
5 221 221 45 45 0
221 221 45 45 45 0
221 45 45 45 45 0
45 45 45 45 45 0
45 45 45 45 45 0
45 45 45 45 45 0
45 45 45 45 45 0
45 45 45 45 140 0
45 45 45 140 3 0
45 45 140 3 3 0
45 140 3 3 4 0
140 3 3 4 4 0
3 3 4 4 4 0
3 4 4 4 195 0
4 4 4 195 42 0
4 4 195 42 42 0
4 195 42 42 221 0
195 42 42 221 221 0
42 42 221 221 221 0
42 221 221 221 221 0
221 221 221 221 120 0
221 221 221 120 221 0
221 221 120 221 221 0
221 120 221 221 221 0
120 221 221 221 221 0
221 221 221 221 6 0
221 221 221 6 6 0
221 221 6 6 142 0
221 6 6 142 3 0
6 6 142 3 4 0
6 142 3 4 195 0
142 3 4 195 78 0
3 4 195 78 175 0
4 195 78 175 175 0
195 78 175 175 4 0
78 175 175 4 142 0
175 175 4 142 3 0
175 4 142 3 38 0
4 142 3 38 78 0
142 3 38 78 175 0
3 38 78 175 175 0
38 78 175 175 4 0
78 175 175 4 142 0
175 175 4 142 3 0
175 4 142 3 142 0
4 142 3 142 3 0
142 3 142 3 4 0
3 142 3 4 195 0
142 3 4 195 78 0
3 4 195 78 175 0
4 195 78 175 175 0
195 78 175 175 4 0
78 175 175 4 142 0
175 175 4 142 3 0
175 4 142 3 78 0
4 142 3 78 78 0
142 3 78 78 142 0
3 78 78 142 4 0
78 78 142 4 78 0
78 142 4 78 175 0
142 4 78 175 175 0
4 78 175 175 4 0
78 175 175 4 142 0
175 175 4 142 142 0
175 4 142 142 3 0
4 142 142 3 38 0
142 142 3 38 78 0
142 3 38 78 175 0
3 38 78 175 175 0
38 78 175 175 4 0
78 175 175 4 142 0
175 175 4 142 3 0
175 4 142 3 142 0
4 142 3 142 3 0
142 3 142 3 142 0
3 142 3 142 78 0
142 3 142 78 175 0
3 142 78 175 175 0
142 78 175 175 4 0
78 175 175 4 142 0
175 175 4 142 3 0
175 4 142 3 4 0
4 142 3 4 195 0
142 3 4 195 78 0
3 4 195 78 175 0
4 195 78 175 175 0
195 78 175 175 4 0
78 175 175 4 142 0
175 175 4 142 3 0
175 4 142 3 38 0
4 142 3 38 78 0
142 3 38 78 175 0
3 38 78 175 175 0
38 78 175 175 4 0
78 175 175 4 142 0
175 175 4 142 3 0
175 4 142 3 142 0
4 142 3 142 3 0
142 3 142 3 4 0
3 142 3 4 195 0
142 3 4 195 78 0
3 4 195 78 175 0
4 195 78 175 175 0
195 78 175 175 4 0
78 175 175 4 142 0
175 175 4 142 195 0
175 4 142 195 78 0
4 142 195 78 175 0
142 195 78 175 175 0
195 78 175 175 4 0
78 175 175 4 142 0
175 175 4 142 195 0
175 4 142 195 78 0
4 142 195 78 175 0
142 195 78 175 175 0
195 78 175 175 4 0
78 175 175 4 142 0
175 175 4 142 3 0
175 4 142 3 38 0
4 142 3 38 78 0
142 3 38 78 175 0
3 38 78 175 175 0
38 78 175 175 4 0
78 175 175 4 78 0
175 175 4 78 4 0
175 4 78 4 4 0
4 78 4 4 6 0
78 4 4 6 6 0
4 4 6 6 37 0
4 6 6 37 7 0
6 6 37 7 6 0
6 37 7 6 45 0
37 7 6 45 45 0
7 6 45 45 45 0
6 45 45 45 45 0
45 45 45 45 45 0
45 45 45 45 45 0
45 45 45 45 45 0
45 45 45 45 45 0
45 45 45 45 45 0
45 45 45 45 45 0
45 45 45 45 42 0
45 45 45 42 221 0
45 45 42 221 221 0
45 42 221 221 120 0
42 221 221 120 6 0
221 221 120 6 221 0
221 120 6 221 197 0
120 6 221 197 192 0
6 221 197 192 140 0
221 197 192 140 4 0
197 192 140 4 6 0
192 140 4 6 91 0
140 4 6 91 7 0
4 6 91 7 195 0
6 91 7 195 13 0
91 7 195 13 5 0
7 195 13 5 197 0
195 13 5 197 197 0
13 5 197 197 192 0
5 197 197 192 3 0
197 197 192 3 140 0
197 192 3 140 3 0
192 3 140 3 6 0
3 140 3 6 91 0
140 3 6 91 5 0
3 6 91 5 197 0
6 91 5 197 192 0
91 5 197 192 197 0
5 197 192 197 140 0
197 192 197 140 91 0
192 197 140 91 221 0
197 140 91 221 15 0
140 91 221 15 4 0
91 221 15 4 5 0
221 15 4 5 197 0
15 4 5 197 192 0
4 5 197 192 197 0
5 197 192 197 140 0
197 192 197 140 15 0
192 197 140 15 4 0
197 140 15 4 42 0
140 15 4 42 174 0
15 4 42 174 174 0
4 42 174 174 174 0
42 174 174 174 54 0
174 174 174 54 54 0
174 174 54 54 5 0
174 54 54 5 99 0
54 54 5 99 54 0
54 5 99 54 54 0
5 99 54 54 195 0
99 54 54 195 199 0
54 54 195 199 102 0
54 195 199 102 102 0
195 199 102 102 6 0
199 102 102 6 102 0
102 102 6 102 102 0
102 6 102 102 6 0
6 102 102 6 5 0
102 102 6 5 197 0
102 6 5 197 192 0
6 5 197 192 3 0
5 197 192 3 3 0
197 192 3 3 6 0
192 3 3 6 91 0
3 3 6 91 5 0
3 6 91 5 197 0
6 91 5 197 192 0
91 5 197 192 6 0
5 197 192 6 33 0
197 192 6 33 5 0
192 6 33 5 3 0
6 33 5 3 197 0
33 5 3 197 192 0
5 3 197 192 192 0
3 197 192 192 6 0
197 192 192 6 33 0
192 192 6 33 5 0
192 6 33 5 3 0
6 33 5 3 197 0
33 5 3 197 192 0
5 3 197 192 192 0
3 197 192 192 192 0
197 192 192 192 6 0
192 192 192 6 125 0
192 192 6 125 125 0
192 6 125 125 91 0
6 125 125 91 5 0
125 125 91 5 197 0
125 91 5 197 192 0
91 5 197 192 6 0
5 197 192 6 33 0
197 192 6 33 5 0
192 6 33 5 3 0
6 33 5 3 197 0
33 5 3 197 192 0
5 3 197 192 192 0
3 197 192 192 6 0
197 192 192 6 33 0
192 192 6 33 5 0
192 6 33 5 3 0
6 33 5 3 197 0
33 5 3 197 192 0
5 3 197 192 192 0
3 197 192 192 6 0
197 192 192 6 125 0
192 192 6 125 125 0
192 6 125 125 91 0
6 125 125 91 5 0
125 125 91 5 221 0
125 91 5 221 140 0
91 5 221 140 197 0
5 221 140 197 192 0
221 140 197 192 140 0
140 197 192 140 91 0
197 192 140 91 6 0
192 140 91 6 54 0
140 91 6 54 54 0
91 6 54 54 54 0
6 54 54 54 195 0
54 54 54 195 5 0
54 54 195 5 54 0
54 195 5 54 54 0
195 5 54 54 54 0
5 54 54 54 54 0
54 54 54 54 175 0
54 54 54 175 54 0
54 54 175 54 54 0
54 175 54 54 54 0
175 54 54 54 175 0
54 54 54 175 120 0
54 54 175 120 6 0
54 175 120 6 6 0
175 120 6 6 175 0
120 6 6 175 7 0
6 6 175 7 7 0
6 175 7 7 4 0
175 7 7 4 3 0
7 7 4 3 308 0
7 4 3 308 3 0
4 3 308 3 308 0
3 308 3 308 3 0
308 3 308 3 7 0
3 308 3 7 7 0
308 3 7 7 4 0
3 7 7 4 308 0
7 7 4 308 308 0
7 4 308 308 308 0
4 308 308 308 3 0
308 308 308 3 7 0
308 308 3 7 308 0
308 3 7 308 4 0
3 7 308 4 7 0
7 308 4 7 308 0
308 4 7 308 3 0
4 7 308 3 7 0
7 308 3 7 7 0
308 3 7 7 308 0
3 7 7 308 3 0
7 7 308 3 308 0
7 308 3 308 3 0
308 3 308 3 4 0
3 308 3 4 308 0
308 3 4 308 3 0
3 4 308 3 4 0
4 308 3 4 308 0
308 3 4 308 3 0
3 4 308 3 4 0
4 308 3 4 4 0
308 3 4 4 308 0
3 4 4 308 3 0
4 4 308 3 4 0
4 308 3 4 4 0
308 3 4 4 308 0
3 4 4 308 3 0
4 4 308 3 4 0
4 308 3 4 4 0
308 3 4 4 7 0
3 4 4 7 308 0
4 4 7 308 3 0
4 7 308 3 4 0
7 308 3 4 4 0
308 3 4 4 3 0
3 4 4 3 7 0
4 4 3 7 308 0
4 3 7 308 3 0
3 7 308 3 7 0
7 308 3 7 308 0
308 3 7 308 3 0
3 7 308 3 4 0
7 308 3 4 4 0
308 3 4 4 7 0
3 4 4 7 308 0
4 4 7 308 3 0
4 7 308 3 4 0
7 308 3 4 4 0
308 3 4 4 3 0
3 4 4 3 7 0
4 4 3 7 308 0
4 3 7 308 3 0
3 7 308 3 7 0
7 308 3 7 308 0
308 3 7 308 3 0
3 7 308 3 7 0
7 308 3 7 308 0
308 3 7 308 308 0
3 7 308 308 3 0
7 308 308 3 4 0
308 308 3 4 4 0
308 3 4 4 3 0
3 4 4 3 7 0
4 4 3 7 3 0
4 3 7 3 308 0
3 7 3 308 3 0
7 3 308 3 7 0
3 308 3 7 308 0
308 3 7 308 308 0
3 7 308 308 3 0
7 308 308 3 4 0
308 308 3 4 4 0
308 3 4 4 3 0
3 4 4 3 7 0
4 4 3 7 308 0
4 3 7 308 3 0
3 7 308 3 7 0
7 308 3 7 308 0
308 3 7 308 3 0
3 7 308 3 7 0
7 308 3 7 308 0
308 3 7 308 308 0
3 7 308 308 162 0
7 308 308 162 7 0
308 308 162 7 6 0
308 162 7 6 174 0
162 7 6 174 174 0
7 6 174 174 174 0
6 174 174 174 54 0
174 174 174 54 54 0
174 174 54 54 54 0
174 54 54 54 6 0
54 54 54 6 42 0
54 54 6 42 174 0
54 6 42 174 174 0
6 42 174 174 174 0
42 174 174 174 54 0
174 174 174 54 54 0
174 174 54 54 5 0
174 54 54 5 54 0
54 54 5 54 54 0
54 5 54 54 195 0
5 54 54 195 199 0
54 54 195 199 54 0
54 195 199 54 54 0
195 199 54 54 54 0
199 54 54 54 195 0
54 54 54 195 5 0
54 54 195 5 54 0
54 195 5 54 54 0
195 5 54 54 54 0
5 54 54 54 54 0
54 54 54 54 175 0
54 54 54 175 54 0
54 54 175 54 54 0
54 175 54 54 54 0
175 54 54 54 175 0
54 54 54 175 120 0
54 54 175 120 6 0
54 175 120 6 6 0
175 120 6 6 175 0
120 6 6 175 7 0
6 6 175 7 308 0
6 175 7 308 3 0
175 7 308 3 4 0
7 308 3 4 4 0
308 3 4 4 3 0
3 4 4 3 7 0
4 4 3 7 308 0
4 3 7 308 3 0
3 7 308 3 162 0
7 308 3 162 3 0
308 3 162 3 7 0
3 162 3 7 6 0
162 3 7 6 174 0
3 7 6 174 174 0
7 6 174 174 174 0
6 174 174 174 54 0
174 174 174 54 54 0
174 174 54 54 54 0
174 54 54 54 6 0
54 54 54 6 13 0
54 54 6 13 195 0
54 6 13 195 4 0
6 13 195 4 4 0
13 195 4 4 4 0
195 4 4 4 6 0
4 4 4 6 4 0
4 4 6 4 6 0
4 6 4 6 91 0
6 4 6 91 120 0
4 6 91 120 7 0
6 91 120 7 174 0
91 120 7 174 174 0
120 7 174 174 195 0
7 174 174 195 5 0
174 174 195 5 221 0
174 195 5 221 5 0
195 5 221 5 3 0
5 221 5 3 3 0
221 5 3 3 197 0
5 3 3 197 192 0
3 3 197 192 4 0
3 197 192 4 6 0
197 192 4 6 91 0
192 4 6 91 38 0
4 6 91 38 15 0
6 91 38 15 6 0
91 38 15 6 6 0
38 15 6 6 6 0
15 6 6 6 91 0
6 6 6 91 6 0
6 6 91 6 91 0
6 91 6 91 6 0
91 6 91 6 91 0
6 91 6 91 6 0
91 6 91 6 91 0
6 91 6 91 6 0
91 6 91 6 91 0
6 91 6 91 6 0
91 6 91 6 91 0
6 91 6 91 6 0
91 6 91 6 91 0
6 91 6 91 6 0
91 6 91 6 91 0
6 91 6 91 6 0
91 6 91 6 91 0
6 91 6 91 6 0
91 6 91 6 91 0
6 91 6 91 6 0
91 6 91 6 91 0
6 91 6 91 6 0
91 6 91 6 91 0
6 91 6 91 6 0
91 6 91 6 91 0
6 91 6 91 6 0
91 6 91 6 91 0
6 91 6 91 91 0
91 6 91 91 91 0
6 91 91 91 91 0
91 91 91 91 91 0
91 91 91 91 144 0
91 91 91 144 91 0
91 91 144 91 6 0
new
6 11 45 33 192 0
11 45 33 192 33 0
45 33 192 33 5 0
33 192 33 5 197 0
192 33 5 197 192 0
33 5 197 192 6 0
5 197 192 6 33 0
197 192 6 33 5 0
192 6 33 5 3 0
6 33 5 3 197 0
33 5 3 197 192 0
5 3 197 192 192 0
3 197 192 192 6 0
197 192 192 6 33 0
192 192 6 33 5 0
192 6 33 5 3 0
6 33 5 3 197 0
33 5 3 197 192 0
5 3 197 192 192 0
3 197 192 192 192 0
197 192 192 192 6 0
192 192 192 6 33 0
192 192 6 33 5 0
192 6 33 5 3 0
6 33 5 3 197 0
33 5 3 197 192 0
5 3 197 192 192 0
3 197 192 192 192 0
197 192 192 192 6 0
192 192 192 6 33 0
192 192 6 33 5 0
192 6 33 5 3 0
6 33 5 3 197 0
33 5 3 197 192 0
5 3 197 192 192 0
3 197 192 192 6 0
197 192 192 6 33 0
192 192 6 33 5 0
192 6 33 5 3 0
6 33 5 3 197 0
33 5 3 197 192 0
5 3 197 192 192 0
3 197 192 192 6 0
197 192 192 6 33 0
192 192 6 33 5 0
192 6 33 5 3 0
6 33 5 3 197 0
33 5 3 197 192 0
5 3 197 192 192 0
3 197 192 192 192 0
197 192 192 192 6 0
192 192 192 6 192 0
192 192 6 192 192 0
192 6 192 192 243 0
6 192 192 243 125 0
192 192 243 125 125 0
192 243 125 125 125 0
243 125 125 125 125 0
125 125 125 125 125 0
125 125 125 125 125 0
125 125 125 125 125 0
125 125 125 125 125 0
125 125 125 125 91 0
125 125 125 91 258 0
125 125 91 258 311 0
125 91 258 311 240 0
91 258 311 240 240 0
258 311 240 240 174 0
311 240 240 174 174 0
240 240 174 174 175 0
240 174 174 175 191 0
174 174 175 191 122 0
174 175 191 122 174 0
175 191 122 174 45 0
191 122 174 45 45 0
122 174 45 45 254 0
174 45 45 254 42 0
45 45 254 42 221 0
45 254 42 221 221 0
254 42 221 221 255 0
42 221 221 255 255 0
221 221 255 255 5 0
221 255 255 5 3 0
255 255 5 3 6 0
255 5 3 6 102 0
5 3 6 102 221 0
3 6 102 221 102 0
6 102 221 102 102 0
102 221 102 102 255 0
221 102 102 255 255 0
102 102 255 255 255 0
102 255 255 255 256 0
255 255 255 256 265 0
255 255 256 265 102 0
255 256 265 102 255 0
256 265 102 255 255 0
265 102 255 255 256 0
102 255 255 256 265 0
255 255 256 265 3 0
255 256 265 3 255 0
256 265 3 255 255 0
265 3 255 255 255 0
3 255 255 255 265 0
255 255 255 265 6 0
255 255 265 6 6 0
255 265 6 6 6 0
new
174 5 220 11 45 0
5 220 11 45 33 0
220 11 45 33 192 0
11 45 33 192 6 0
45 33 192 6 192 0
33 192 6 192 6 0
192 6 192 6 6 0
6 192 6 6 33 0
192 6 6 33 6 0
6 6 33 6 6 0
6 33 6 6 5 0
33 6 6 5 192 0
6 6 5 192 5 0
6 5 192 5 6 0
5 192 5 6 5 0
192 5 6 5 192 0
5 6 5 192 6 0
6 5 192 6 6 0
5 192 6 6 33 0
192 6 6 33 6 0
6 6 33 6 5 0
6 33 6 5 6 0
33 6 5 6 6 0
6 5 6 6 33 0
5 6 6 33 192 0
6 6 33 192 6 0
6 33 192 6 6 0
33 192 6 6 33 0
192 6 6 33 6 0
6 6 33 6 3 0
6 33 6 3 192 0
33 6 3 192 192 0
6 3 192 192 6 0
3 192 192 6 6 0
192 192 6 6 6 0
192 6 6 6 197 0
6 6 6 197 6 0
6 6 197 6 5 0
6 197 6 5 6 0
197 6 5 6 6 0
6 5 6 6 33 0
5 6 6 33 6 0
6 6 33 6 3 0
6 33 6 3 6 0
33 6 3 6 192 0
6 3 6 192 6 0
3 6 192 6 3 0
6 192 6 3 6 0
192 6 3 6 6 0
6 3 6 6 6 0
3 6 6 6 33 0
6 6 6 33 6 0
6 6 33 6 5 0
6 33 6 5 6 0
33 6 5 6 6 0
6 5 6 6 33 0
5 6 6 33 6 0
6 6 33 6 33 0
6 33 6 33 6 0
33 6 33 6 192 0
6 33 6 192 33 0
33 6 192 33 192 0
6 192 33 192 6 0
192 33 192 6 192 0
33 192 6 192 6 0
192 6 192 6 33 0
6 192 6 33 6 0
192 6 33 6 33 0
6 33 6 33 6 0
33 6 33 6 33 0
6 33 6 33 6 0
33 6 33 6 192 0
6 33 6 192 6 0
33 6 192 6 192 0
6 192 6 192 192 0
192 6 192 192 192 0
6 192 192 192 192 0
192 192 192 192 243 0
192 192 192 243 125 0
192 192 243 125 125 0
192 243 125 125 125 0
243 125 125 125 125 0
125 125 125 125 125 0
125 125 125 125 192 0
125 125 125 192 125 0
125 125 192 125 125 0
125 192 125 125 125 0
192 125 125 125 125 0
125 125 125 125 125 0
125 125 125 125 125 0
125 125 125 125 125 0
125 125 125 125 125 0
125 125 125 125 125 0
125 125 125 125 125 0
125 125 125 125 125 0
125 125 125 125 125 0
125 125 125 125 125 0
125 125 125 125 125 0
125 125 125 125 125 0
125 125 125 125 125 0
125 125 125 125 125 0
125 125 125 125 125 0
125 125 125 125 125 0
125 125 125 125 125 0
125 125 125 125 174 0
125 125 125 174 122 0
125 125 174 122 268 0
125 174 122 268 45 0
174 122 268 45 5 0
122 268 45 5 3 0
268 45 5 3 155 0
45 5 3 155 157 0
5 3 155 157 5 0
3 155 157 5 5 0
155 157 5 5 3 0
157 5 5 3 5 0
5 5 3 5 197 0
5 3 5 197 3 0
3 5 197 3 5 0
5 197 3 5 3 0
197 3 5 3 3 0
3 5 3 3 3 0
5 3 3 3 3 0
3 3 3 3 3 0
3 3 3 3 3 0
3 3 3 3 5 0
3 3 3 5 3 0
3 3 5 3 3 0
3 5 3 3 3 0
5 3 3 3 3 0
3 3 3 3 3 0
3 3 3 3 3 0
3 3 3 3 192 0
3 3 3 192 3 0
3 3 192 3 3 0
3 192 3 3 174 0
192 3 3 174 33 0
3 3 174 33 6 0
3 174 33 6 5 0
174 33 6 5 6 0
33 6 5 6 6 0
6 5 6 6 125 0
5 6 6 125 5 0
6 6 125 5 125 0
6 125 5 125 33 0
125 5 125 33 33 0
5 125 33 33 6 0
125 33 33 6 3 0
33 33 6 3 6 0
33 6 3 6 192 0
6 3 6 192 6 0
3 6 192 6 33 0
6 192 6 33 5 0
192 6 33 5 6 0
6 33 5 6 33 0
33 5 6 33 192 0
5 6 33 192 6 0
6 33 192 6 192 0
33 192 6 192 6 0
192 6 192 6 33 0
6 192 6 33 6 0
192 6 33 6 33 0
6 33 6 33 192 0
33 6 33 192 6 0
6 33 192 6 125 0
33 192 6 125 125 0
192 6 125 125 125 0
6 125 125 125 102 0
125 125 125 102 102 0
125 125 102 102 197 0
125 102 102 197 6 0
102 102 197 6 221 0
102 197 6 221 146 0
197 6 221 146 3 0
6 221 146 3 3 0
221 146 3 3 168 0
146 3 3 168 3 0
3 3 168 3 168 0
3 168 3 168 146 0
168 3 168 146 3 0
3 168 146 3 146 0
168 146 3 146 3 0
146 3 146 3 168 0
3 146 3 168 168 0
146 3 168 168 146 0
3 168 168 146 3 0
168 168 146 3 146 0
168 146 3 146 168 0
146 3 146 168 146 0
3 146 168 146 3 0
146 168 146 3 146 0
168 146 3 146 3 0
146 3 146 3 168 0
3 146 3 168 146 0
146 3 168 146 168 0
3 168 146 168 146 0
168 146 168 146 168 0
146 168 146 168 168 0
168 146 168 168 168 0
146 168 168 168 3 0
168 168 168 3 122 0
168 168 3 122 146 0
168 3 122 146 146 0
3 122 146 146 146 0
122 146 146 146 146 0
146 146 146 146 3 0
146 146 146 3 146 0
146 146 3 146 3 0
146 3 146 3 146 0
3 146 3 146 168 0
146 3 146 168 146 0
3 146 168 146 168 0
146 168 146 168 146 0
168 146 168 146 168 0
146 168 146 168 168 0
168 146 168 168 331 0
146 168 168 331 168 0
168 168 331 168 146 0
168 331 168 146 168 0
331 168 146 168 3 0
168 146 168 3 168 0
146 168 3 168 168 0
168 3 168 168 196 0
3 168 168 196 33 0
168 168 196 33 3 0
168 196 33 3 33 0
196 33 3 33 33 0
33 3 33 33 195 0
3 33 33 195 6 0
33 33 195 6 125 0
33 195 6 125 3 0
195 6 125 3 3 0
6 125 3 3 3 0
125 3 3 3 3 0
3 3 3 3 45 0
3 3 3 45 45 0
3 3 45 45 33 0
3 45 45 33 5 0
45 45 33 5 3 0
45 33 5 3 3 0
33 5 3 3 6 0
5 3 3 6 3 0
3 3 6 3 33 0
3 6 3 33 6 0
6 3 33 6 125 0
3 33 6 125 33 0
33 6 125 33 33 0
6 125 33 33 33 0
125 33 33 33 3 0
33 33 33 3 3 0
33 33 3 3 3 0
33 3 3 3 33 0
3 3 3 33 33 0
3 3 33 33 5 0
3 33 33 5 168 0
33 33 5 168 146 0
33 5 168 146 168 0
5 168 146 168 3 0
168 146 168 3 3 0
146 168 3 3 3 0
168 3 3 3 168 0
3 3 3 168 3 0
3 3 168 3 45 0
3 168 3 45 168 0
168 3 45 168 168 0
3 45 168 168 3 0
45 168 168 3 3 0
168 168 3 3 168 0
168 3 3 168 45 0
3 3 168 45 201 0
3 168 45 201 3 0
168 45 201 3 3 0
45 201 3 3 3 0
201 3 3 3 3 0
3 3 3 3 3 0
3 3 3 3 3 0
3 3 3 3 3 0
3 3 3 3 3 0
3 3 3 3 3 0
3 3 3 3 3 0
3 3 3 3 3 0
3 3 3 3 45 0
3 3 3 45 3 0
3 3 45 3 3 0
3 45 3 3 3 0
45 3 3 3 6 0
3 3 3 6 240 0
3 3 6 240 5 0
3 6 240 5 197 0
6 240 5 197 5 0
240 5 197 5 6 0
5 197 5 6 192 0
197 5 6 192 125 0
5 6 192 125 125 0
6 192 125 125 125 0
192 125 125 125 168 0
125 125 125 168 146 0
125 125 168 146 4 0
new
102 4 102 4 3 0
4 102 4 3 4 0
102 4 3 4 168 0
4 3 4 168 3 0
3 4 168 3 102 0
4 168 3 102 4 0
168 3 102 4 4 0
3 102 4 4 168 0
102 4 4 168 45 0
4 4 168 45 4 0
4 168 45 4 240 0
168 45 4 240 42 0
45 4 240 42 102 0
4 240 42 102 102 0
240 42 102 102 4 0
42 102 102 4 168 0
102 102 4 168 240 0
102 4 168 240 102 0
4 168 240 102 168 0
168 240 102 168 4 0
240 102 168 4 168 0
102 168 4 168 102 0
168 4 168 102 102 0
4 168 102 102 4 0
168 102 102 4 168 0
102 102 4 168 168 0
102 4 168 168 168 0
4 168 168 168 168 0
168 168 168 168 102 0
168 168 168 102 102 0
168 168 102 102 6 0
168 102 102 6 6 0
102 102 6 6 168 0
102 6 6 168 4 0
6 6 168 4 168 0
6 168 4 168 42 0
168 4 168 42 221 0
4 168 42 221 221 0
168 42 221 221 221 0
42 221 221 221 221 0
221 221 221 221 221 0
221 221 221 221 221 0
221 221 221 221 221 0
221 221 221 221 221 0
221 221 221 221 168 0
221 221 221 168 3 0
221 221 168 3 102 0
221 168 3 102 168 0
168 3 102 168 102 0
3 102 168 102 168 0
102 168 102 168 102 0
168 102 168 102 6 0
102 168 102 6 6 0
168 102 6 6 168 0
102 6 6 168 4 0
6 6 168 4 168 0
6 168 4 168 42 0
168 4 168 42 221 0
4 168 42 221 221 0
168 42 221 221 221 0
42 221 221 221 221 0
221 221 221 221 221 0
221 221 221 221 221 0
221 221 221 221 221 0
221 221 221 221 221 0
221 221 221 221 168 0
221 221 221 168 3 0
221 221 168 3 102 0
221 168 3 102 168 0
168 3 102 168 102 0
3 102 168 102 168 0
102 168 102 168 102 0
168 102 168 102 6 0
102 168 102 6 6 0
168 102 6 6 168 0
102 6 6 168 4 0
6 6 168 4 168 0
6 168 4 168 42 0
168 4 168 42 221 0
4 168 42 221 221 0
168 42 221 221 221 0
42 221 221 221 221 0
221 221 221 221 221 0
221 221 221 221 221 0
221 221 221 221 221 0
221 221 221 221 221 0
221 221 221 221 168 0
221 221 221 168 3 0
221 221 168 3 102 0
221 168 3 102 240 0
168 3 102 240 240 0
3 102 240 240 168 0
102 240 240 168 240 0
240 240 168 240 3 0
240 168 240 3 240 0
168 240 3 240 240 0
240 3 240 240 240 0
3 240 240 240 240 0
240 240 240 240 240 0
240 240 240 240 102 0
240 240 240 102 168 0
240 240 102 168 240 0
240 102 168 240 3 0
102 168 240 3 240 0
168 240 3 240 240 0
240 3 240 240 240 0
3 240 240 240 240 0
240 240 240 240 240 0
240 240 240 240 102 0
240 240 240 102 168 0
240 240 102 168 3 0
240 102 168 3 102 0
102 168 3 102 168 0
168 3 102 168 102 0
3 102 168 102 168 0
102 168 102 168 102 0
168 102 168 102 6 0
102 168 102 6 6 0
168 102 6 6 168 0
102 6 6 168 4 0
6 6 168 4 168 0
6 168 4 168 42 0
168 4 168 42 221 0
4 168 42 221 221 0
168 42 221 221 221 0
42 221 221 221 221 0
221 221 221 221 221 0
221 221 221 221 221 0
221 221 221 221 221 0
221 221 221 221 221 0
221 221 221 221 168 0
221 221 221 168 3 0
221 221 168 3 102 0
221 168 3 102 168 0
168 3 102 168 102 0
3 102 168 102 168 0
102 168 102 168 102 0
168 102 168 102 6 0
102 168 102 6 6 0
168 102 6 6 168 0
102 6 6 168 4 0
6 6 168 4 168 0
6 168 4 168 42 0
168 4 168 42 221 0
4 168 42 221 221 0
168 42 221 221 221 0
42 221 221 221 221 0
221 221 221 221 221 0
221 221 221 221 221 0
221 221 221 221 221 0
221 221 221 221 221 0
221 221 221 221 168 0
221 221 221 168 3 0
221 221 168 3 102 0
221 168 3 102 168 0
168 3 102 168 102 0
3 102 168 102 168 0
102 168 102 168 102 0
168 102 168 102 6 0
102 168 102 6 6 0
168 102 6 6 168 0
102 6 6 168 4 0
6 6 168 4 168 0
6 168 4 168 42 0
168 4 168 42 221 0
4 168 42 221 221 0
168 42 221 221 221 0
42 221 221 221 221 0
221 221 221 221 221 0
221 221 221 221 221 0
221 221 221 221 221 0
221 221 221 221 221 0
221 221 221 221 240 0
221 221 221 240 240 0
221 221 240 240 168 0
221 240 240 168 240 0
240 240 168 240 3 0
240 168 240 3 240 0
168 240 3 240 102 0
240 3 240 102 168 0
3 240 102 168 240 0
240 102 168 240 3 0
102 168 240 3 240 0
168 240 3 240 102 0
240 3 240 102 102 0
3 240 102 102 168 0
240 102 102 168 4 0
102 102 168 4 42 0
102 168 4 42 168 0
168 4 42 168 3 0
4 42 168 3 102 0
42 168 3 102 102 0
168 3 102 102 168 0
3 102 102 168 102 0
102 102 168 102 6 0
102 168 102 6 6 0
168 102 6 6 168 0
102 6 6 168 4 0
6 6 168 4 168 0
6 168 4 168 42 0
168 4 168 42 221 0
4 168 42 221 221 0
168 42 221 221 221 0
42 221 221 221 221 0
221 221 221 221 221 0
221 221 221 221 221 0
221 221 221 221 221 0
221 221 221 221 221 0
221 221 221 221 240 0
221 221 221 240 168 0
221 221 240 168 3 0
221 240 168 3 102 0
240 168 3 102 168 0
168 3 102 168 102 0
3 102 168 102 168 0
102 168 102 168 102 0
168 102 168 102 6 0
102 168 102 6 6 0
168 102 6 6 168 0
102 6 6 168 4 0
6 6 168 4 168 0
6 168 4 168 42 0
168 4 168 42 221 0
4 168 42 221 221 0
168 42 221 221 221 0
42 221 221 221 221 0
221 221 221 221 221 0
221 221 221 221 221 0
221 221 221 221 221 0
221 221 221 221 221 0
221 221 221 221 168 0
221 221 221 168 3 0
221 221 168 3 102 0
221 168 3 102 168 0
168 3 102 168 168 0
3 102 168 168 102 0
102 168 168 102 102 0
168 168 102 102 6 0
168 102 102 6 6 0
102 102 6 6 168 0
102 6 6 168 4 0
6 6 168 4 168 0
6 168 4 168 42 0
168 4 168 42 221 0
4 168 42 221 221 0
168 42 221 221 221 0
42 221 221 221 221 0
221 221 221 221 221 0
221 221 221 221 221 0
221 221 221 221 221 0
221 221 221 221 221 0
221 221 221 221 168 0
221 221 221 168 240 0
221 221 168 240 3 0
221 168 240 3 240 0
168 240 3 240 102 0
240 3 240 102 168 0
3 240 102 168 102 0
240 102 168 102 168 0
102 168 102 168 102 0
168 102 168 102 6 0
102 168 102 6 6 0
168 102 6 6 168 0
102 6 6 168 4 0
6 6 168 4 168 0
6 168 4 168 42 0
168 4 168 42 221 0
4 168 42 221 221 0
168 42 221 221 221 0
42 221 221 221 221 0
221 221 221 221 221 0
221 221 221 221 221 0
221 221 221 221 221 0
221 221 221 221 221 0
221 221 221 221 168 0
221 221 221 168 3 0
221 221 168 3 102 0
221 168 3 102 168 0
168 3 102 168 168 0
3 102 168 168 102 0
102 168 168 102 102 0
168 168 102 102 6 0
168 102 102 6 6 0
102 102 6 6 168 0
102 6 6 168 4 0
6 6 168 4 168 0
6 168 4 168 42 0
168 4 168 42 221 0
4 168 42 221 221 0
168 42 221 221 221 0
42 221 221 221 221 0
221 221 221 221 221 0
221 221 221 221 221 0
221 221 221 221 221 0
221 221 221 221 221 0
221 221 221 221 168 0
221 221 221 168 3 0
221 221 168 3 102 0
221 168 3 102 168 0
new
