168 54 265 0
54 265 197 0
265 197 102 0
197 102 168 0
102 168 54 0
168 54 102 0
54 102 6 0
102 6 102 0
6 102 102 0
102 102 102 0
102 102 102 0
102 102 102 0
102 102 102 0
102 102 168 0
102 168 54 0
168 54 102 0
54 102 6 0
102 6 102 0
6 102 102 0
102 102 102 0
102 102 102 0
102 102 78 0
102 78 192 0
78 192 102 0
192 102 168 0
102 168 54 0
168 54 102 0
54 102 102 0
102 102 102 0
102 102 168 0
102 168 54 0
168 54 102 0
54 102 6 0
102 6 265 0
6 265 195 0
265 195 102 0
195 102 168 0
102 168 54 0
168 54 102 0
54 102 6 0
102 6 265 0
6 265 78 0
265 78 78 0
78 78 265 0
78 265 102 0
265 102 102 0
102 102 102 0
102 102 91 0
102 91 168 0
91 168 168 0
168 168 54 0
168 54 102 0
54 102 6 0
102 6 265 0
6 265 78 0
265 78 78 0
78 78 78 0
78 78 265 0
78 265 102 0
265 102 168 0
102 168 54 0
168 54 102 0
54 102 6 0
102 6 265 0
6 265 78 0
265 78 4 0
78 4 78 0
4 78 78 0
78 78 265 0
78 265 240 0
265 240 240 0
240 240 78 0
240 78 265 0
78 265 102 0
265 102 102 0
102 102 102 0
102 102 13 0
102 13 102 0
13 102 102 0
102 102 102 0
102 102 102 0
102 102 6 0
102 6 195 0
6 195 5 0
195 5 197 0
5 197 192 0
197 192 3 0
192 3 3 0
3 3 6 0
3 6 91 0
6 91 195 0
91 195 102 0
195 102 102 0
102 102 78 0
102 78 168 0
78 168 102 0
168 102 54 0
102 54 265 0
54 265 4 0
265 4 78 0
4 78 78 0
78 78 265 0
78 265 102 0
265 102 168 0
102 168 54 0
168 54 102 0
54 102 6 0
102 6 265 0
6 265 78 0
265 78 78 0
78 78 78 0
78 78 265 0
78 265 102 0
265 102 91 0
102 91 102 0
91 102 168 0
102 168 54 0
168 54 102 0
54 102 6 0
102 6 265 0
6 265 78 0
265 78 4 0
78 4 78 0
4 78 78 0
78 78 265 0
78 265 240 0
265 240 240 0
240 240 78 0
240 78 219 0
new
311 78 240 0
78 240 196 0
240 196 240 0
196 240 240 0
240 240 240 0
240 240 240 0
240 240 240 0
240 240 78 0
240 78 265 0
78 265 240 0
265 240 240 0
240 240 265 0
240 265 240 0
265 240 240 0
240 240 240 0
240 240 240 0
240 240 265 0
240 265 240 0
265 240 240 0
240 240 265 0
240 265 240 0
265 240 240 0
240 240 240 0
240 240 265 0
240 265 240 0
265 240 240 0
240 240 265 0
240 265 240 0
265 240 240 0
240 240 240 0
240 240 240 0
240 240 265 0
240 265 240 0
265 240 240 0
240 240 240 0
240 240 240 0
240 240 196 0
240 196 78 0
196 78 196 0
78 196 78 0
196 78 265 0
78 265 240 0
265 240 240 0
240 240 196 0
240 196 240 0
196 240 240 0
240 240 78 0
240 78 265 0
78 265 240 0
265 240 240 0
240 240 196 0
240 196 240 0
196 240 78 0
240 78 265 0
78 265 240 0
265 240 240 0
240 240 196 0
240 196 78 0
196 78 265 0
78 265 240 0
265 240 240 0
240 240 240 0
240 240 196 0
240 196 78 0
196 78 265 0
78 265 240 0
265 240 240 0
240 240 240 0
240 240 196 0
240 196 78 0
196 78 265 0
78 265 240 0
265 240 240 0
240 240 240 0
240 240 196 0
240 196 78 0
196 78 265 0
78 265 240 0
265 240 240 0
240 240 240 0
240 240 196 0
240 196 240 0
196 240 240 0
240 240 240 0
240 240 240 0
240 240 78 0
240 78 240 0
78 240 265 0
240 265 240 0
265 240 240 0
240 240 196 0
240 196 78 0
196 78 265 0
78 265 240 0
265 240 240 0
240 240 240 0
240 240 265 0
240 265 240 0
265 240 240 0
240 240 240 0
240 240 265 0
240 265 240 0
265 240 240 0
240 240 240 0
240 240 240 0
240 240 240 0
240 240 196 0
240 196 240 0
196 240 240 0
240 240 240 0
240 240 240 0
240 240 240 0
240 240 78 0
240 78 265 0
78 265 240 0
265 240 240 0
240 240 196 0
240 196 78 0
196 78 240 0
78 240 196 0
240 196 240 0
196 240 240 0
240 240 78 0
240 78 265 0
78 265 240 0
265 240 240 0
240 240 240 0
240 240 196 0
240 196 240 0
196 240 240 0
240 240 78 0
240 78 240 0
78 240 265 0
240 265 240 0
265 240 240 0
240 240 240 0
240 240 240 0
240 240 196 0
240 196 240 0
196 240 78 0
240 78 240 0
78 240 196 0
240 196 240 0
196 240 78 0
240 78 240 0
78 240 196 0
240 196 240 0
196 240 78 0
240 78 240 0
78 240 196 0
240 196 240 0
196 240 240 0
240 240 240 0
240 240 78 0
240 78 265 0
78 265 240 0
265 240 240 0
240 240 196 0
240 196 78 0
196 78 265 0
78 265 240 0
265 240 240 0
240 240 240 0
240 240 240 0
240 240 196 0
240 196 78 0
196 78 265 0
78 265 240 0
265 240 240 0
240 240 265 0
240 265 240 0
265 240 240 0
240 240 265 0
240 265 240 0
265 240 240 0
240 240 265 0
240 265 240 0
265 240 240 0
240 240 240 0
240 240 196 0
240 196 240 0
196 240 78 0
240 78 265 0
78 265 240 0
265 240 240 0
240 240 240 0
240 240 240 0
240 240 265 0
240 265 240 0
265 240 240 0
240 240 240 0
240 240 265 0
240 265 240 0
265 240 240 0
240 240 78 0
240 78 219 0
new
240 13 78 0
13 78 240 0
78 240 240 0
240 240 78 0
240 78 265 0
78 265 240 0
265 240 240 0
240 240 240 0
240 240 78 0
240 78 240 0
78 240 240 0
240 240 13 0
240 13 78 0
13 78 265 0
78 265 240 0
265 240 240 0
240 240 240 0
240 240 13 0
240 13 78 0
13 78 265 0
78 265 240 0
265 240 240 0
240 240 240 0
240 240 13 0
240 13 221 0
13 221 221 0
221 221 221 0
221 221 33 0
221 33 197 0
33 197 140 0
197 140 3 0
140 3 197 0
3 197 33 0
197 33 197 0
33 197 221 0
197 221 195 0
221 195 5 0
195 5 5 0
5 5 221 0
5 221 221 0
221 221 221 0
221 221 221 0
221 221 160 0
221 160 159 0
160 159 120 0
159 120 140 0
120 140 4 0
140 4 140 0
4 140 4 0
140 4 140 0
4 140 4 0
140 4 140 0
4 140 4 0
140 4 140 0
4 140 4 0
140 4 140 0
4 140 4 0
140 4 140 0
4 140 4 0
140 4 140 0
4 140 4 0
140 4 140 0
4 140 4 0
140 4 140 0
4 140 4 0
140 4 221 0
4 221 240 0
221 240 240 0
240 240 10 0
240 10 4 0
10 4 78 0
4 78 221 0
78 221 221 0
221 221 120 0
221 120 140 0
120 140 140 0
140 140 4 0
140 4 4 0
4 4 240 0
4 240 240 0
240 240 6 0
240 6 10 0
6 10 4 0
10 4 78 0
4 78 221 0
78 221 221 0
221 221 221 0
221 221 221 0
221 221 78 0
221 78 240 0
78 240 240 0
240 240 78 0
240 78 219 0
new
311 175 199 0
175 199 85 0
199 85 3 0
85 3 240 0
3 240 240 0
240 240 102 0
240 102 168 0
102 168 102 0
168 102 265 0
102 265 102 0
265 102 265 0
102 265 240 0
265 240 168 0
240 168 240 0
168 240 168 0
240 168 265 0
168 265 102 0
265 102 265 0
102 265 240 0
265 240 168 0
240 168 102 0
168 102 168 0
102 168 102 0
168 102 168 0
102 168 3 0
168 3 102 0
3 102 265 0
102 265 168 0
265 168 265 0
168 265 102 0
265 102 265 0
102 265 168 0
265 168 265 0
168 265 265 0
265 265 102 0
265 102 265 0
102 265 168 0
265 168 265 0
168 265 102 0
265 102 240 0
102 240 240 0
240 240 168 0
240 168 240 0
168 240 102 0
240 102 240 0
102 240 168 0
240 168 102 0
168 102 168 0
102 168 240 0
168 240 102 0
240 102 168 0
102 168 168 0
168 168 102 0
168 102 3 0
102 3 265 0
3 265 168 0
265 168 265 0
168 265 102 0
265 102 265 0
102 265 168 0
265 168 265 0
168 265 265 0
265 265 168 0
265 168 102 0
168 102 3 0
102 3 265 0
3 265 168 0
265 168 265 0
168 265 102 0
265 102 265 0
102 265 168 0
265 168 265 0
168 265 265 0
265 265 168 0
265 168 102 0
168 102 168 0
102 168 102 0
168 102 168 0
102 168 102 0
168 102 168 0
102 168 102 0
168 102 3 0
102 3 265 0
3 265 168 0
265 168 265 0
168 265 102 0
265 102 265 0
102 265 168 0
265 168 265 0
168 265 265 0
265 265 240 0
265 240 240 0
240 240 168 0
240 168 102 0
168 102 168 0
102 168 102 0
168 102 168 0
102 168 102 0
168 102 168 0
102 168 102 0
168 102 102 0
102 102 265 0
102 265 102 0
265 102 265 0
102 265 168 0
265 168 102 0
168 102 265 0
102 265 102 0
265 102 240 0
102 240 240 0
240 240 168 0
240 168 240 0
168 240 102 0
240 102 240 0
102 240 168 0
240 168 102 0
168 102 168 0
102 168 102 0
168 102 3 0
102 3 265 0
3 265 168 0
265 168 265 0
168 265 102 0
265 102 265 0
102 265 168 0
265 168 265 0
168 265 265 0
265 265 168 0
265 168 102 0
168 102 3 0
102 3 265 0
3 265 168 0
265 168 265 0
168 265 102 0
265 102 265 0
102 265 168 0
265 168 265 0
168 265 265 0
265 265 168 0
265 168 265 0
168 265 102 0
265 102 265 0
102 265 168 0
265 168 265 0
168 265 102 0
265 102 240 0
102 240 240 0
240 240 168 0
240 168 240 0
168 240 102 0
240 102 240 0
102 240 168 0
240 168 102 0
168 102 168 0
102 168 102 0
168 102 168 0
102 168 102 0
168 102 168 0
102 168 102 0
168 102 168 0
102 168 102 0
168 102 102 0
102 102 240 0
102 240 168 0
240 168 102 0
168 102 168 0
102 168 168 0
168 168 102 0
168 102 3 0
102 3 265 0
3 265 168 0
265 168 265 0
168 265 102 0
new
11 192 3 0
192 3 192 0
3 192 6 0
192 6 5 0
6 5 3 0
5 3 192 0
3 192 5 0
192 5 192 0
5 192 6 0
192 6 192 0
6 192 6 0
192 6 197 0
6 197 192 0
197 192 192 0
192 192 33 0
192 33 5 0
33 5 192 0
5 192 5 0
192 5 197 0
5 197 5 0
197 5 33 0
5 33 125 0
33 125 125 0
125 125 125 0
125 125 125 0
125 125 125 0
125 125 125 0
125 125 45 0
125 45 157 0
45 157 5 0
157 5 5 0
5 5 3 0
5 3 3 0
3 3 3 0
3 3 5 0
3 5 3 0
5 3 3 0
3 3 3 0
3 3 3 0
3 3 5 0
3 5 3 0
5 3 3 0
3 3 5 0
3 5 91 0
5 91 102 0
91 102 192 0
102 192 192 0
192 192 91 0
192 91 91 0
91 91 33 0
91 33 33 0
33 33 5 0
33 5 192 0
5 192 33 0
192 33 6 0
33 6 33 0
6 33 192 0
33 192 6 0
192 6 192 0
6 192 197 0
192 197 125 0
197 125 91 0
125 91 102 0
91 102 122 0
102 122 146 0
122 146 168 0
146 168 146 0
168 146 3 0
146 3 146 0
3 146 168 0
146 168 146 0
168 146 168 0
146 168 146 0
168 146 168 0
146 168 3 0
168 3 168 0
3 168 168 0
168 168 146 0
168 146 168 0
146 168 146 0
168 146 146 0
146 146 3 0
146 3 168 0
3 168 146 0
168 146 146 0
146 146 122 0
146 122 168 0
122 168 146 0
168 146 168 0
146 168 168 0
168 168 168 0
168 168 168 0
168 168 196 0
168 196 33 0
196 33 33 0
33 33 33 0
33 33 33 0
33 33 125 0
33 125 3 0
125 3 3 0
3 3 3 0
3 3 3 0
3 3 33 0
3 33 196 0
33 196 3 0
196 3 3 0
3 3 33 0
3 33 125 0
33 125 33 0
125 33 33 0
33 33 6 0
33 6 3 0
6 3 6 0
3 6 33 0
6 33 33 0
33 33 168 0
33 168 122 0
168 122 5 0
122 5 5 0
5 5 3 0
5 3 3 0
3 3 5 0
3 5 3 0
5 3 5 0
3 5 5 0
5 5 3 0
5 3 220 0
3 220 33 0
220 33 3 0
33 3 3 0
3 3 5 0
3 5 195 0
5 195 201 0
195 201 202 0
201 202 201 0
202 201 202 0
201 202 168 0
202 168 168 0
168 168 102 0
168 102 331 0
102 331 120 0
331 120 6 0
120 6 5 0
6 5 5 0
5 5 125 0
5 125 125 0
125 125 6 0
125 6 195 0
6 195 5 0
195 5 6 0
5 6 5 0
6 5 6 0
5 6 192 0
6 192 168 0
192 168 102 0
168 102 12 0
102 12 4 0
12 4 4 0
4 4 265 0
4 265 265 0
265 265 3 0
265 3 265 0
3 265 3 0
265 3 195 0
3 195 195 0
195 195 195 0
195 195 195 0
195 195 3 0
195 3 195 0
3 195 3 0
195 3 3 0
3 3 195 0
3 195 195 0
195 195 195 0
195 195 195 0
195 195 3 0
195 3 3 0
3 3 3 0
3 3 195 0
3 195 45 0
195 45 78 0
45 78 195 0
78 195 195 0
195 195 3 0
195 3 3 0
3 3 3 0
3 3 3 0
3 3 45 0
3 45 3 0
45 3 3 0
3 3 6 0
3 6 195 0
6 195 220 0
195 220 195 0
220 195 195 0
195 195 195 0
195 195 195 0
195 195 195 0
195 195 195 0
195 195 195 0
195 195 195 0
195 195 195 0
195 195 195 0
195 195 195 0
195 195 195 0
195 195 195 0
195 195 195 0
195 195 195 0
195 195 195 0
195 195 195 0
195 195 195 0
195 195 195 0
195 195 195 0
195 195 195 0
195 195 195 0
195 195 195 0
195 195 195 0
195 195 195 0
195 195 195 0
195 195 195 0
195 195 195 0
195 195 195 0
195 195 195 0
195 195 195 0
195 195 195 0
195 195 195 0
195 195 195 0
195 195 195 0
195 195 195 0
195 195 195 0
195 195 195 0
195 195 195 0
195 195 195 0
195 195 195 0
195 195 195 0
195 195 195 0
195 195 195 0
195 195 195 0
195 195 195 0
195 195 195 0
195 195 195 0
195 195 220 0
195 220 195 0
220 195 195 0
195 195 78 0
195 78 78 0
78 78 78 0
78 78 220 0
78 220 195 0
220 195 220 0
195 220 220 0
220 220 78 0
220 78 78 0
78 78 78 0
78 78 78 0
78 78 78 0
78 78 78 0
78 78 78 0
78 78 78 0
78 78 78 0
78 78 78 0
78 78 78 0
78 78 78 0
78 78 78 0
78 78 78 0
78 78 78 0
78 78 78 0
78 78 78 0
78 78 78 0
78 78 5 0
78 5 33 0
5 33 332 0
33 332 33 0
332 33 33 0
33 33 33 0
33 33 33 0
33 33 33 0
33 33 5 0
33 5 192 0
5 192 6 0
192 6 125 0
6 125 125 0
125 125 125 0
125 125 265 0
125 265 265 0
265 265 265 0
265 265 265 0
265 265 265 0
265 265 265 0
265 265 265 0
265 265 265 0
265 265 265 0
265 265 265 0
265 265 265 0
265 265 265 0
265 265 265 0
265 265 265 0
265 265 265 0
265 265 265 0
265 265 265 0
265 265 265 0
265 265 265 0
265 265 265 0
265 265 265 0
265 265 265 0
265 265 265 0
265 265 265 0
265 265 265 0
265 265 265 0
265 265 265 0
265 265 265 0
265 265 265 0
265 265 265 0
265 265 265 0
265 265 265 0
265 265 265 0
265 265 265 0
265 265 265 0
265 265 265 0
265 265 265 0
265 265 265 0
265 265 265 0
265 265 265 0
265 265 265 0
265 265 265 0
265 265 265 0
265 265 5 0
265 5 5 0
5 5 5 0
5 5 5 0
5 5 45 0
5 45 5 0
45 5 5 0
5 5 33 0
5 33 5 0
33 5 220 0
5 220 5 0
220 5 197 0
5 197 192 0
197 192 3 0
192 3 3 0
3 3 3 0
3 3 3 0
3 3 6 0
3 6 91 0
6 91 220 0
91 220 6 0
220 6 13 0
6 13 33 0
13 33 3 0
33 3 33 0
3 33 141 0
33 141 33 0
141 33 5 0
33 5 195 0
5 195 3 0
195 3 3 0
3 3 5 0
3 5 5 0
5 5 3 0
5 3 3 0
3 3 3 0
3 3 3 0
3 3 3 0
3 3 6 0
3 6 6 0
6 6 3 0
6 3 6 0
3 6 3 0
6 3 3 0
3 3 3 0
3 3 3 0
3 3 6 0
3 6 33 0
6 33 33 0
33 33 3 0
33 3 33 0
3 33 195 0
33 195 195 0
195 195 5 0
195 5 6 0
5 6 5 0
6 5 195 0
5 195 5 0
195 5 5 0
5 5 195 0
5 195 5 0
195 5 3 0
5 3 5 0
3 5 221 0
5 221 197 0
221 197 5 0
197 5 197 0
5 197 5 0
197 5 221 0
5 221 197 0
221 197 192 0
197 192 6 0
192 6 5 0
6 5 3 0
5 3 6 0
3 6 265 0
6 265 265 0
265 265 265 0
265 265 265 0
265 265 265 0
265 265 265 0
265 265 265 0
265 265 265 0
265 265 265 0
265 265 265 0
265 265 265 0
265 265 265 0
265 265 265 0
265 265 265 0
265 265 265 0
265 265 45 0
265 45 265 0
45 265 265 0
265 265 265 0
265 265 265 0
265 265 265 0
265 265 265 0
265 265 265 0
265 265 265 0
265 265 265 0
265 265 265 0
265 265 265 0
265 265 265 0
265 265 265 0
265 265 265 0
265 265 265 0
265 265 265 0
265 265 265 0
265 265 33 0
265 33 33 0
33 33 33 0
33 33 33 0
33 33 199 0
33 199 78 0
199 78 196 0
78 196 3 0
196 3 240 0
3 240 13 0
240 13 45 0
13 45 3 0
45 3 5 0
3 5 6 0
5 6 78 0
6 78 196 0
78 196 3 0
196 3 6 0
3 6 78 0
6 78 196 0
78 196 78 0
196 78 5 0
78 5 3 0
5 3 6 0
3 6 5 0
6 5 78 0
5 78 78 0
78 78 265 0
78 265 265 0
265 265 265 0
265 265 265 0
265 265 265 0
265 265 265 0
265 265 33 0
265 33 195 0
33 195 140 0
195 140 6 0
140 6 33 0
6 33 6 0
33 6 265 0
6 265 265 0
265 265 265 0
265 265 265 0
265 265 265 0
265 265 265 0
265 265 265 0
265 265 265 0
265 265 265 0
265 265 265 0
265 265 265 0
265 265 265 0
265 265 265 0
265 265 265 0
265 265 265 0
265 265 265 0
265 265 265 0
265 265 265 0
265 265 265 0
265 265 265 0
265 265 265 0
265 265 265 0
265 265 265 0
265 265 265 0
265 265 265 0
265 265 265 0
265 265 265 0
265 265 265 0
265 265 265 0
265 265 265 0
265 265 265 0
265 265 265 0
265 265 265 0
265 265 265 0
265 265 265 0
265 265 265 0
265 265 265 0
265 265 265 0
265 265 265 0
265 265 265 0
265 265 5 0
265 5 5 0
5 5 5 0
5 5 197 0
5 197 192 0
197 192 6 0
192 6 195 0
6 195 5 0
195 5 3 0
5 3 197 0
3 197 192 0
197 192 192 0
192 192 6 0
192 6 125 0
6 125 5 0
125 5 99 0
5 99 33 0
99 33 195 0
33 195 33 0
195 33 195 0
33 195 33 0
195 33 195 0
33 195 33 0
195 33 195 0
33 195 78 0
195 78 240 0
78 240 240 0
240 240 196 0
240 196 195 0
196 195 5 0
195 5 192 0
5 192 160 0
192 160 125 0
160 125 120 0
125 120 3 0
120 3 6 0
3 6 78 0
6 78 196 0
78 196 78 0
196 78 5 0
78 5 197 0
5 197 3 0
197 3 3 0
3 3 6 0
3 6 240 0
6 240 240 0
240 240 240 0
240 240 240 0
240 240 240 0
240 240 240 0
240 240 240 0
240 240 240 0
240 240 240 0
240 240 240 0
240 240 240 0
240 240 240 0
240 240 240 0
240 240 265 0
240 265 122 0
265 122 78 0
122 78 168 0
78 168 146 0
168 146 3 0
146 3 78 0
3 78 78 0
78 78 196 0
78 196 196 0
196 196 196 0
196 196 196 0
196 196 196 0
196 196 146 0
196 146 5 0
146 5 6 0
5 6 168 0
6 168 146 0
168 146 168 0
146 168 3 0
168 3 168 0
3 168 265 0
168 265 265 0
265 265 33 0
265 33 5 0
33 5 197 0
5 197 192 0
197 192 3 0
192 3 195 0
3 195 5 0
195 5 125 0
5 125 125 0
125 125 91 0
125 91 45 0
91 45 5 0
45 5 6 0
5 6 195 0
6 195 240 0
195 240 265 0
240 265 146 0
265 146 168 0
146 168 168 0
168 168 45 0
168 45 45 0
45 45 45 0
45 45 45 0
45 45 45 0
45 45 45 0
45 45 45 0
45 45 45 0
45 45 168 0
45 168 146 0
168 146 45 0
146 45 117 0
45 117 45 0
117 45 265 0
45 265 4 0
265 4 265 0
4 265 168 0
265 168 3 0
168 3 168 0
3 168 146 0
168 146 3 0
146 3 168 0
3 168 168 0
168 168 3 0
168 3 3 0
3 3 3 0
3 3 168 0
3 168 146 0
168 146 265 0
146 265 240 0
265 240 140 0
240 140 140 0
140 140 265 0
140 265 265 0
265 265 265 0
265 265 265 0
265 265 265 0
265 265 265 0
265 265 265 0
265 265 78 0
265 78 265 0
78 265 265 0
265 265 265 0
265 265 265 0
265 265 265 0
265 265 265 0
265 265 265 0
265 265 265 0
265 265 265 0
265 265 265 0
265 265 265 0
265 265 265 0
265 265 265 0
265 265 265 0
265 265 4 0
265 4 240 0
4 240 240 0
240 240 168 0
240 168 146 0
168 146 168 0
146 168 146 0
168 146 240 0
146 240 45 0
240 45 78 0
45 78 269 0
78 269 118 0
269 118 118 0
118 118 6 0
118 6 3 0
6 3 45 0
3 45 265 0
45 265 168 0
265 168 265 0
168 265 168 0
265 168 4 0
168 4 240 0
4 240 78 0
240 78 196 0
78 196 78 0
196 78 3 0
78 3 3 0
3 3 6 0
3 6 265 0
6 265 265 0
265 265 5 0
265 5 221 0
5 221 197 0
221 197 192 0
197 192 6 0
192 6 265 0
6 265 265 0
265 265 265 0
265 265 265 0
265 265 265 0
265 265 265 0
265 265 265 0
265 265 78 0
265 78 196 0
78 196 78 0
196 78 5 0
78 5 197 0
5 197 3 0
197 3 45 0
3 45 3 0
45 3 78 0
3 78 6 0
78 6 168 0
6 168 146 0
168 146 5 0
146 5 199 0
5 199 78 0
199 78 102 0
78 102 102 0
102 102 146 0
102 146 146 0
146 146 146 0
146 146 5 0
146 5 4 0
5 4 3 0
4 3 265 0
3 265 265 0
265 265 265 0
265 265 168 0
265 168 265 0
168 265 240 0
265 240 168 0
240 168 3 0
168 3 3 0
3 3 3 0
3 3 78 0
3 78 168 0
78 168 265 0
168 265 168 0
265 168 146 0
168 146 168 0
146 168 146 0
168 146 168 0
146 168 146 0
168 146 45 0
146 45 168 0
45 168 146 0
168 146 45 0
146 45 45 0
45 45 168 0
45 168 146 0
168 146 45 0
146 45 168 0
45 168 146 0
168 146 45 0
146 45 168 0
45 168 146 0
168 146 45 0
146 45 45 0
45 45 168 0
45 168 146 0
168 146 168 0
146 168 146 0
168 146 168 0
146 168 146 0
168 146 240 0
146 240 168 0
240 168 146 0
168 146 168 0
146 168 146 0
168 146 168 0
146 168 146 0
168 146 168 0
146 168 146 0
168 146 168 0
146 168 146 0
168 146 168 0
146 168 146 0
168 146 168 0
146 168 146 0
168 146 168 0
146 168 146 0
168 146 168 0
146 168 168 0
168 168 146 0
168 146 168 0
146 168 146 0
168 146 265 0
146 265 265 0
265 265 168 0
265 168 168 0
168 168 146 0
168 146 168 0
146 168 3 0
168 3 168 0
3 168 168 0
168 168 3 0
168 3 146 0
3 146 168 0
146 168 168 0
168 168 146 0
168 146 146 0
146 146 146 0
146 146 146 0
146 146 168 0
146 168 168 0
168 168 146 0
168 146 168 0
146 168 168 0
168 168 146 0
168 146 146 0
146 146 168 0
146 168 168 0
168 168 146 0
168 146 146 0
146 146 146 0
146 146 146 0
146 146 146 0
146 146 146 0
146 146 168 0
146 168 168 0
168 168 146 0
168 146 168 0
146 168 146 0
168 146 168 0
146 168 146 0
168 146 146 0
146 146 146 0
146 146 168 0
146 168 146 0
168 146 146 0
146 146 146 0
146 146 146 0
146 146 146 0
146 146 168 0
146 168 146 0
168 146 146 0
146 146 146 0
146 146 146 0
146 146 146 0
146 146 146 0
146 146 168 0
146 168 3 0
168 3 265 0
3 265 168 0
265 168 146 0
168 146 168 0
146 168 146 0
168 146 168 0
146 168 146 0
168 146 168 0
146 168 146 0
168 146 3 0
146 3 3 0
3 3 265 0
3 265 168 0
265 168 265 0
168 265 3 0
265 3 265 0
3 265 168 0
265 168 3 0
168 3 3 0
3 3 265 0
3 265 265 0
265 265 3 0
265 3 265 0
3 265 168 0
265 168 3 0
168 3 3 0
3 3 265 0
3 265 265 0
265 265 3 0
265 3 265 0
3 265 168 0
265 168 3 0
168 3 3 0
3 3 265 0
3 265 265 0
265 265 168 0
265 168 146 0
168 146 3 0
146 3 265 0
3 265 168 0
265 168 265 0
168 265 78 0
265 78 78 0
78 78 78 0
78 78 78 0
78 78 78 0
78 78 78 0
78 78 78 0
78 78 78 0
78 78 78 0
78 78 78 0
78 78 3 0
78 3 265 0
3 265 168 0
265 168 5 0
168 5 197 0
5 197 3 0
197 3 6 0
3 6 78 0
6 78 195 0
78 195 78 0
195 78 78 0
78 78 78 0
78 78 5 0
78 5 197 0
5 197 3 0
197 3 6 0
3 6 78 0
6 78 195 0
78 195 78 0
195 78 78 0
78 78 78 0
78 78 3 0
78 3 265 0
3 265 168 0
265 168 4 0
168 4 240 0
4 240 240 0
240 240 240 0
240 240 78 0
240 78 196 0
78 196 195 0
196 195 85 0
195 85 78 0
85 78 5 0
78 5 197 0
5 197 3 0
197 3 3 0
3 3 6 0
3 6 45 0
6 45 45 0
45 45 3 0
45 3 265 0
3 265 168 0
265 168 4 0
168 4 240 0
4 240 240 0
240 240 240 0
240 240 3 0
240 3 265 0
3 265 168 0
265 168 3 0
168 3 3 0
3 3 265 0
3 265 168 0
265 168 146 0
168 146 168 0
146 168 3 0
168 3 3 0
3 3 168 0
3 168 146 0
168 146 168 0
146 168 3 0
168 3 3 0
3 3 3 0
3 3 265 0
3 265 3 0
265 3 265 0
3 265 168 0
265 168 3 0
168 3 3 0
3 3 265 0
3 265 168 0
265 168 146 0
168 146 168 0
146 168 3 0
168 3 3 0
3 3 3 0
3 3 168 0
3 168 146 0
168 146 168 0
146 168 3 0
168 3 3 0
3 3 3 0
3 3 265 0
3 265 3 0
265 3 265 0
3 265 168 0
265 168 3 0
168 3 3 0
3 3 265 0
3 265 168 0
265 168 146 0
168 146 168 0
146 168 3 0
168 3 3 0
3 3 3 0
3 3 168 0
3 168 146 0
168 146 168 0
146 168 3 0
168 3 3 0
3 3 3 0
3 3 265 0
3 265 3 0
265 3 265 0
3 265 168 0
265 168 3 0
168 3 3 0
3 3 265 0
3 265 168 0
265 168 146 0
168 146 168 0
146 168 3 0
168 3 3 0
3 3 3 0
3 3 168 0
3 168 146 0
168 146 168 0
146 168 3 0
168 3 3 0
3 3 3 0
3 3 265 0
3 265 3 0
265 3 265 0
3 265 168 0
265 168 3 0
168 3 3 0
3 3 265 0
3 265 168 0
265 168 146 0
168 146 168 0
146 168 3 0
168 3 3 0
3 3 3 0
3 3 168 0
3 168 146 0
168 146 168 0
146 168 3 0
168 3 3 0
3 3 3 0
3 3 265 0
3 265 3 0
265 3 265 0
3 265 168 0
265 168 3 0
168 3 3 0
3 3 265 0
3 265 168 0
265 168 265 0
168 265 168 0
265 168 146 0
168 146 3 0
146 3 265 0
3 265 168 0
265 168 3 0
168 3 3 0
3 3 265 0
3 265 265 0
265 265 265 0
265 265 265 0
265 265 265 0
265 265 265 0
265 265 168 0
265 168 3 0
168 3 265 0
3 265 168 0
265 168 3 0
168 3 3 0
3 3 265 0
3 265 265 0
265 265 168 0
265 168 3 0
168 3 265 0
3 265 168 0
265 168 265 0
168 265 3 0
265 3 168 0
3 168 3 0
168 3 3 0
3 3 168 0
3 168 3 0
168 3 168 0
3 168 3 0
168 3 3 0
3 3 265 0
3 265 265 0
265 265 168 0
265 168 265 0
168 265 265 0
265 265 168 0
265 168 168 0
168 168 146 0
168 146 168 0
146 168 3 0
168 3 3 0
3 3 265 0
3 265 3 0
265 3 265 0
3 265 168 0
265 168 3 0
168 3 3 0
3 3 265 0
3 265 168 0
265 168 265 0
168 265 168 0
265 168 146 0
168 146 3 0
146 3 265 0
3 265 168 0
265 168 3 0
168 3 3 0
3 3 265 0
3 265 168 0
265 168 265 0
168 265 168 0
265 168 146 0
168 146 3 0
146 3 265 0
3 265 168 0
265 168 3 0
168 3 3 0
3 3 265 0
3 265 168 0
265 168 146 0
168 146 168 0
146 168 3 0
168 3 3 0
3 3 168 0
3 168 146 0
168 146 168 0
146 168 3 0
168 3 3 0
3 3 3 0
3 3 265 0
3 265 3 0
265 3 265 0
3 265 168 0
265 168 3 0
168 3 3 0
3 3 265 0
3 265 168 0
265 168 146 0
168 146 168 0
146 168 3 0
168 3 3 0
3 3 3 0
3 3 168 0
3 168 146 0
168 146 168 0
146 168 3 0
168 3 3 0
3 3 3 0
3 3 265 0
3 265 3 0
265 3 265 0
3 265 168 0
265 168 3 0
168 3 3 0
3 3 265 0
3 265 168 0
265 168 146 0
168 146 168 0
146 168 3 0
168 3 3 0
3 3 3 0
3 3 122 0
3 122 78 0
122 78 168 0
78 168 146 0
168 146 168 0
146 168 3 0
168 3 3 0
3 3 168 0
3 168 146 0
168 146 168 0
146 168 3 0
168 3 3 0
3 3 3 0
3 3 78 0
3 78 168 0
78 168 146 0
168 146 168 0
146 168 3 0
168 3 3 0
3 3 168 0
3 168 146 0
168 146 168 0
146 168 3 0
168 3 3 0
3 3 168 0
3 168 146 0
168 146 168 0
146 168 3 0
168 3 3 0
3 3 168 0
3 168 146 0
168 146 168 0
146 168 3 0
168 3 3 0
3 3 3 0
3 3 168 0
3 168 146 0
168 146 168 0
146 168 3 0
168 3 3 0
3 3 3 0
3 3 168 0
3 168 146 0
168 146 168 0
146 168 3 0
168 3 3 0
3 3 3 0
3 3 168 0
3 168 146 0
168 146 168 0
146 168 3 0
168 3 3 0
3 3 265 0
3 265 168 0
265 168 3 0
168 3 146 0
3 146 168 0
146 168 3 0
168 3 3 0
3 3 265 0
3 265 168 0
265 168 146 0
168 146 168 0
146 168 3 0
168 3 3 0
3 3 168 0
3 168 146 0
168 146 168 0
146 168 3 0
168 3 3 0
3 3 3 0
3 3 168 0
3 168 146 0
168 146 168 0
146 168 3 0
168 3 3 0
3 3 3 0
3 3 265 0
3 265 3 0
265 3 265 0
3 265 168 0
265 168 3 0
168 3 3 0
3 3 265 0
3 265 168 0
265 168 146 0
168 146 168 0
146 168 3 0
168 3 3 0
3 3 3 0
3 3 168 0
3 168 146 0
168 146 168 0
146 168 3 0
168 3 3 0
3 3 3 0
3 3 168 0
3 168 146 0
168 146 168 0
146 168 3 0
168 3 3 0
3 3 3 0
3 3 265 0
3 265 3 0
265 3 265 0
3 265 168 0
265 168 3 0
168 3 3 0
3 3 265 0
3 265 168 0
265 168 146 0
168 146 168 0
146 168 3 0
168 3 3 0
3 3 3 0
3 3 168 0
3 168 146 0
168 146 168 0
146 168 3 0
168 3 3 0
3 3 3 0
3 3 168 0
3 168 146 0
168 146 168 0
146 168 3 0
168 3 3 0
3 3 3 0
3 3 265 0
3 265 3 0
265 3 265 0
3 265 168 0
265 168 3 0
168 3 3 0
3 3 265 0
3 265 168 0
265 168 146 0
168 146 168 0
146 168 3 0
168 3 3 0
3 3 3 0
3 3 168 0
3 168 146 0
168 146 168 0
146 168 3 0
168 3 3 0
3 3 3 0
3 3 168 0
3 168 146 0
168 146 168 0
146 168 3 0
168 3 3 0
3 3 3 0
3 3 265 0
3 265 3 0
265 3 265 0
3 265 168 0
265 168 3 0
168 3 3 0
3 3 265 0
3 265 168 0
265 168 146 0
168 146 168 0
146 168 3 0
168 3 3 0
3 3 3 0
3 3 168 0
3 168 146 0
168 146 168 0
146 168 3 0
168 3 3 0
3 3 3 0
3 3 168 0
3 168 146 0
168 146 168 0
146 168 3 0
168 3 3 0
3 3 3 0
3 3 265 0
3 265 3 0
265 3 265 0
3 265 168 0
265 168 3 0
168 3 3 0
3 3 265 0
3 265 168 0
265 168 265 0
168 265 265 0
265 265 168 0
265 168 265 0
168 265 168 0
265 168 168 0
168 168 146 0
168 146 3 0
146 3 3 0
3 3 265 0
3 265 168 0
265 168 3 0
168 3 265 0
3 265 168 0
265 168 3 0
168 3 3 0
3 3 265 0
3 265 168 0
265 168 146 0
168 146 168 0
146 168 3 0
168 3 3 0
3 3 265 0
3 265 3 0
265 3 265 0
3 265 168 0
265 168 3 0
168 3 3 0
3 3 265 0
3 265 168 0
265 168 146 0
168 146 168 0
146 168 3 0
168 3 3 0
3 3 3 0
3 3 265 0
3 265 3 0
265 3 265 0
3 265 168 0
265 168 3 0
168 3 3 0
3 3 265 0
3 265 168 0
265 168 146 0
168 146 168 0
146 168 3 0
168 3 3 0
3 3 3 0
3 3 265 0
3 265 3 0
265 3 265 0
3 265 168 0
265 168 3 0
168 3 3 0
3 3 265 0
3 265 168 0
265 168 146 0
168 146 168 0
146 168 3 0
168 3 3 0
3 3 3 0
3 3 265 0
3 265 3 0
265 3 265 0
3 265 168 0
265 168 3 0
168 3 3 0
3 3 265 0
3 265 168 0
265 168 265 0
168 265 168 0
265 168 146 0
168 146 3 0
146 3 265 0
3 265 168 0
265 168 3 0
168 3 3 0
3 3 265 0
3 265 168 0
265 168 146 0
168 146 168 0
146 168 3 0
168 3 3 0
3 3 265 0
3 265 3 0
265 3 265 0
3 265 168 0
265 168 3 0
168 3 3 0
3 3 265 0
3 265 168 0
265 168 146 0
168 146 168 0
146 168 3 0
168 3 3 0
3 3 3 0
3 3 265 0
3 265 3 0
265 3 265 0
3 265 168 0
265 168 3 0
168 3 3 0
3 3 265 0
3 265 168 0
265 168 146 0
168 146 168 0
146 168 3 0
168 3 3 0
3 3 3 0
3 3 265 0
3 265 3 0
265 3 265 0
3 265 168 0
265 168 3 0
168 3 3 0
3 3 265 0
3 265 265 0
265 265 265 0
265 265 265 0
265 265 265 0
265 265 265 0
265 265 168 0
265 168 3 0
168 3 265 0
3 265 168 0
265 168 265 0
168 265 3 0
265 3 168 0
3 168 3 0
168 3 3 0
3 3 265 0
3 265 265 0
265 265 168 0
265 168 265 0
168 265 265 0
265 265 168 0
265 168 168 0
168 168 146 0
168 146 168 0
146 168 3 0
168 3 3 0
3 3 3 0
3 3 265 0
3 265 3 0
265 3 265 0
3 265 168 0
265 168 3 0
168 3 3 0
3 3 265 0
3 265 168 0
265 168 146 0
168 146 168 0
146 168 3 0
168 3 3 0
3 3 3 0
3 3 265 0
3 265 3 0
265 3 265 0
3 265 168 0
265 168 3 0
168 3 3 0
3 3 265 0
3 265 265 0
265 265 265 0
265 265 265 0
265 265 265 0
265 265 265 0
265 265 168 0
265 168 3 0
168 3 265 0
3 265 168 0
265 168 168 0
168 168 3 0
168 3 3 0
3 3 265 0
3 265 265 0
265 265 168 0
265 168 3 0
168 3 265 0
3 265 168 0
265 168 265 0
168 265 3 0
265 3 168 0
3 168 3 0
168 3 3 0
3 3 168 0
3 168 3 0
168 3 3 0
3 3 3 0
3 3 78 0
3 78 4 0
78 4 240 0
4 240 240 0
240 240 240 0
240 240 293 0
240 293 4 0
293 4 240 0
4 240 240 0
240 240 265 0
240 265 240 0
265 240 4 0
240 4 240 0
4 240 240 0
240 240 240 0
240 240 265 0
240 265 240 0
265 240 240 0
240 240 240 0
240 240 78 0
240 78 78 0
78 78 78 0
78 78 78 0
78 78 78 0
78 78 240 0
78 240 240 0
240 240 240 0
240 240 240 0
240 240 240 0
240 240 240 0
240 240 240 0
240 240 240 0
240 240 240 0
240 240 240 0
240 240 78 0
240 78 78 0
78 78 78 0
78 78 78 0
78 78 78 0
78 78 78 0
78 78 78 0
78 78 78 0
78 78 78 0
78 78 78 0
78 78 78 0
78 78 78 0
78 78 78 0
78 78 78 0
78 78 91 0
78 91 140 0
91 140 3 0
140 3 6 0
3 6 91 0
6 91 78 0
91 78 331 0
78 331 4 0
331 4 265 0
4 265 265 0
265 265 78 0
265 78 5 0
78 5 4 0
5 4 4 0
4 4 4 0
4 4 6 0
4 6 6 0
new
66 33 5 0
33 5 192 0
5 192 192 0
192 192 192 0
192 192 5 0
192 5 125 0
5 125 5 0
125 5 102 0
5 102 102 0
102 102 91 0
102 91 195 0
91 195 5 0
195 5 33 0
5 33 125 0
33 125 125 0
125 125 268 0
125 268 91 0
268 91 6 0
91 6 125 0
6 125 3 0
125 3 125 0
3 125 195 0
125 195 197 0
195 197 5 0
197 5 195 0
5 195 6 0
195 6 6 0
6 6 5 0
6 5 125 0
5 125 3 0
125 3 192 0
3 192 5 0
192 5 5 0
5 5 174 0
5 174 91 0
174 91 5 0
91 5 91 0
5 91 199 0
91 199 5 0
199 5 140 0
5 140 197 0
140 197 192 0
197 192 140 0
192 140 91 0
140 91 6 0
91 6 5 0
6 5 140 0
5 140 197 0
140 197 192 0
197 192 140 0
192 140 91 0
140 91 6 0
91 6 13 0
6 13 174 0
13 174 204 0
174 204 203 0
204 203 195 0
203 195 203 0
195 203 213 0
203 213 204 0
213 204 13 0
204 13 102 0
13 102 102 0
102 102 102 0
102 102 6 0
102 6 6 0
6 6 91 0
6 91 174 0
91 174 174 0
174 174 174 0
174 174 102 0
174 102 174 0
102 174 174 0
174 174 174 0
174 174 174 0
174 174 174 0
174 174 174 0
174 174 174 0
174 174 120 0
174 120 6 0
120 6 142 0
6 142 7 0
142 7 119 0
7 119 91 0
119 91 91 0
91 91 91 0
91 91 91 0
91 91 91 0
91 91 91 0
91 91 91 0
91 91 91 0
91 91 91 0
91 91 91 0
new
240 240 78 0
240 78 265 0
78 265 240 0
265 240 240 0
240 240 240 0
240 240 240 0
240 240 240 0
240 240 78 0
240 78 240 0
78 240 13 0
240 13 78 0
13 78 265 0
78 265 240 0
265 240 240 0
240 240 240 0
240 240 13 0
240 13 78 0
13 78 265 0
78 265 240 0
265 240 240 0
240 240 78 0
240 78 265 0
78 265 240 0
265 240 78 0
240 78 5 0
78 5 5 0
5 5 197 0
5 197 78 0
197 78 5 0
78 5 207 0
5 207 94 0
207 94 6 0
94 6 78 0
6 78 265 0
78 265 240 0
265 240 240 0
240 240 4 0
240 4 78 0
4 78 265 0
78 265 240 0
265 240 240 0
240 240 118 0
240 118 38 0
118 38 197 0
38 197 6 0
197 6 4 0
6 4 78 0
4 78 265 0
78 265 240 0
265 240 240 0
240 240 78 0
240 78 265 0
78 265 240 0
265 240 240 0
240 240 240 0
240 240 240 0
240 240 78 0
240 78 240 0
78 240 5 0
240 5 221 0
5 221 78 0
221 78 5 0
78 5 6 0
5 6 9 0
6 9 195 0
9 195 10 0
195 10 195 0
10 195 5 0
195 5 140 0
5 140 3 0
140 3 195 0
3 195 3 0
195 3 3 0
3 3 3 0
3 3 10 0
3 10 221 0
10 221 6 0
221 6 6 0
6 6 78 0
6 78 78 0
78 78 265 0
78 265 240 0
265 240 240 0
240 240 78 0
240 78 265 0
78 265 240 0
265 240 240 0
240 240 78 0
240 78 4 0
78 4 240 0
4 240 5 0
240 5 221 0
5 221 78 0
221 78 5 0
78 5 6 0
5 6 9 0
6 9 195 0
9 195 10 0
195 10 195 0
10 195 5 0
195 5 140 0
5 140 3 0
140 3 3 0
3 3 195 0
3 195 10 0
195 10 221 0
10 221 6 0
221 6 6 0
6 6 78 0
6 78 78 0
78 78 265 0
78 265 240 0
265 240 240 0
240 240 78 0
240 78 265 0
78 265 240 0
265 240 240 0
240 240 240 0
240 240 240 0
240 240 78 0
240 78 240 0
78 240 5 0
240 5 221 0
5 221 78 0
221 78 5 0
78 5 6 0
5 6 9 0
6 9 195 0
9 195 10 0
195 10 195 0
10 195 5 0
195 5 140 0
5 140 3 0
140 3 195 0
3 195 3 0
195 3 10 0
3 10 221 0
10 221 6 0
221 6 6 0
6 6 78 0
6 78 78 0
78 78 265 0
78 265 240 0
265 240 240 0
240 240 240 0
240 240 4 0
240 4 240 0
4 240 5 0
240 5 221 0
5 221 78 0
221 78 5 0
78 5 6 0
5 6 9 0
6 9 195 0
9 195 10 0
195 10 195 0
10 195 5 0
195 5 140 0
5 140 3 0
140 3 240 0
3 240 240 0
240 240 240 0
240 240 240 0
240 240 3 0
240 3 195 0
3 195 10 0
195 10 221 0
10 221 6 0
221 6 6 0
6 6 78 0
6 78 78 0
78 78 265 0
78 265 240 0
265 240 240 0
240 240 4 0
240 4 5 0
4 5 221 0
5 221 78 0
221 78 5 0
78 5 6 0
5 6 9 0
6 9 195 0
9 195 10 0
195 10 195 0
10 195 5 0
195 5 240 0
5 240 140 0
240 140 3 0
140 3 240 0
3 240 240 0
240 240 240 0
240 240 240 0
240 240 240 0
240 240 240 0
240 240 240 0
240 240 240 0
240 240 195 0
240 195 3 0
195 3 3 0
3 3 3 0
3 3 10 0
3 10 221 0
10 221 6 0
221 6 6 0
6 6 78 0
6 78 78 0
78 78 265 0
78 265 240 0
265 240 240 0
240 240 78 0
240 78 265 0
78 265 240 0
265 240 240 0
240 240 78 0
240 78 4 0
78 4 5 0
4 5 221 0
5 221 78 0
221 78 5 0
78 5 6 0
5 6 9 0
6 9 195 0
9 195 10 0
195 10 195 0
10 195 5 0
195 5 140 0
5 140 3 0
140 3 240 0
3 240 240 0
240 240 195 0
240 195 3 0
195 3 10 0
3 10 221 0
10 221 6 0
221 6 6 0
6 6 78 0
6 78 78 0
78 78 265 0
78 265 240 0
265 240 240 0
240 240 78 0
240 78 265 0
78 265 240 0
265 240 240 0
240 240 78 0
240 78 5 0
78 5 5 0
5 5 197 0
5 197 78 0
197 78 5 0
78 5 207 0
5 207 94 0
207 94 6 0
94 6 78 0
6 78 265 0
78 265 240 0
265 240 240 0
240 240 240 0
240 240 4 0
240 4 78 0
4 78 265 0
78 265 240 0
265 240 240 0
240 240 240 0
240 240 118 0
240 118 38 0
118 38 197 0
38 197 6 0
197 6 4 0
6 4 78 0
4 78 265 0
78 265 240 0
265 240 240 0
240 240 78 0
240 78 265 0
78 265 240 0
265 240 240 0
240 240 78 0
240 78 13 0
78 13 78 0
13 78 13 0
78 13 240 0
13 240 240 0
240 240 78 0
240 78 265 0
78 265 240 0
265 240 240 0
240 240 240 0
240 240 78 0
240 78 265 0
78 265 240 0
265 240 78 0
240 78 5 0
78 5 221 0
5 221 78 0
221 78 5 0
78 5 6 0
5 6 9 0
6 9 195 0
9 195 10 0
195 10 195 0
10 195 5 0
195 5 140 0
5 140 3 0
140 3 195 0
3 195 240 0
195 240 240 0
240 240 240 0
240 240 3 0
240 3 3 0
3 3 10 0
3 10 221 0
10 221 6 0
221 6 240 0
6 240 6 0
240 6 78 0
6 78 78 0
78 78 265 0
78 265 240 0
265 240 240 0
240 240 78 0
240 78 265 0
78 265 240 0
265 240 78 0
240 78 240 0
78 240 5 0
240 5 5 0
5 5 197 0
5 197 78 0
197 78 5 0
78 5 207 0
5 207 94 0
207 94 6 0
94 6 78 0
6 78 265 0
78 265 240 0
265 240 240 0
240 240 4 0
240 4 4 0
4 4 240 0
4 240 78 0
240 78 265 0
78 265 240 0
265 240 240 0
240 240 118 0
240 118 38 0
118 38 197 0
38 197 6 0
197 6 78 0
6 78 265 0
78 265 240 0
265 240 240 0
240 240 78 0
240 78 265 0
78 265 240 0
265 240 240 0
240 240 240 0
240 240 240 0
240 240 78 0
240 78 240 0
78 240 13 0
240 13 221 0
13 221 221 0
221 221 221 0
221 221 33 0
221 33 197 0
33 197 140 0
197 140 3 0
140 3 197 0
3 197 33 0
197 33 197 0
33 197 221 0
197 221 195 0
221 195 5 0
195 5 5 0
5 5 221 0
5 221 221 0
221 221 221 0
221 221 221 0
221 221 160 0
221 160 159 0
160 159 120 0
159 120 140 0
120 140 4 0
140 4 140 0
4 140 4 0
140 4 140 0
4 140 4 0
140 4 140 0
4 140 4 0
140 4 140 0
4 140 4 0
140 4 140 0
4 140 4 0
140 4 140 0
4 140 4 0
140 4 140 0
4 140 4 0
140 4 140 0
4 140 4 0
140 4 140 0
4 140 4 0
140 4 221 0
4 221 221 0
221 221 140 0
221 140 4 0
140 4 140 0
4 140 4 0
140 4 140 0
4 140 4 0
140 4 140 0
4 140 3 0
140 3 265 0
3 265 4 0
265 4 140 0
4 140 4 0
140 4 265 0
4 265 140 0
265 140 4 0
140 4 140 0
4 140 4 0
140 4 140 0
4 140 4 0
140 4 140 0
4 140 4 0
140 4 265 0
4 265 240 0
265 240 240 0
240 240 6 0
240 6 10 0
6 10 221 0
10 221 221 0
221 221 221 0
221 221 240 0
221 240 240 0
240 240 13 0
240 13 240 0
13 240 240 0
240 240 240 0
240 240 78 0
240 78 78 0
78 78 219 0
new
33 5 5 0
5 5 3 0
5 3 197 0
3 197 192 0
197 192 5 0
192 5 192 0
5 192 6 0
192 6 5 0
6 5 5 0
5 5 33 0
5 33 5 0
33 5 192 0
5 192 6 0
192 6 6 0
6 6 33 0
6 33 5 0
33 5 192 0
5 192 5 0
192 5 125 0
5 125 192 0
125 192 6 0
192 6 5 0
6 5 33 0
5 33 5 0
33 5 192 0
5 192 33 0
192 33 3 0
33 3 33 0
3 33 192 0
33 192 33 0
192 33 5 0
33 5 5 0
5 5 192 0
5 192 192 0
192 192 125 0
192 125 125 0
125 125 125 0
125 125 125 0
125 125 125 0
125 125 125 0
125 125 125 0
125 125 125 0
125 125 125 0
125 125 125 0
125 125 125 0
125 125 125 0
125 125 125 0
125 125 125 0
125 125 125 0
125 125 125 0
125 125 125 0
125 125 5 0
125 5 221 0
5 221 220 0
221 220 195 0
220 195 5 0
195 5 5 0
5 5 33 0
5 33 3 0
33 3 6 0
3 6 192 0
6 192 6 0
192 6 6 0
6 6 33 0
6 33 33 0
33 33 5 0
33 5 3 0
5 3 197 0
3 197 5 0
197 5 192 0
5 192 6 0
192 6 3 0
6 3 192 0
3 192 192 0
192 192 6 0
192 6 6 0
6 6 33 0
6 33 5 0
33 5 5 0
5 5 192 0
5 192 192 0
192 192 197 0
192 197 33 0
197 33 3 0
33 3 125 0
3 125 192 0
125 192 197 0
192 197 192 0
197 192 192 0
192 192 192 0
192 192 3 0
192 3 192 0
3 192 192 0
192 192 6 0
192 6 33 0
6 33 192 0
33 192 192 0
192 192 192 0
192 192 6 0
192 6 6 0
6 6 33 0
6 33 33 0
33 33 5 0
33 5 5 0
5 5 5 0
5 5 3 0
5 3 192 0
3 192 125 0
192 125 125 0
125 125 125 0
125 125 125 0
125 125 125 0
125 125 125 0
125 125 125 0
125 125 125 0
125 125 125 0
125 125 125 0
125 125 125 0
125 125 91 0
125 91 195 0
91 195 5 0
195 5 6 0
5 6 125 0
6 125 195 0
125 195 125 0
195 125 195 0
125 195 5 0
195 5 5 0
5 5 33 0
5 33 125 0
33 125 125 0
125 125 91 0
125 91 195 0
91 195 5 0
195 5 5 0
5 5 192 0
5 192 5 0
192 5 6 0
5 6 5 0
6 5 5 0
5 5 6 0
5 6 5 0
6 5 5 0
5 5 5 0
5 5 125 0
5 125 125 0
125 125 125 0
125 125 125 0
125 125 125 0
125 125 125 0
125 125 125 0
125 125 125 0
125 125 125 0
125 125 125 0
125 125 45 0
125 45 125 0
45 125 195 0
125 195 192 0
195 192 125 0
192 125 195 0
125 195 192 0
195 192 125 0
192 125 195 0
125 195 5 0
195 5 6 0
5 6 125 0
6 125 195 0
125 195 5 0
195 5 3 0
5 3 6 0
3 6 195 0
6 195 125 0
195 125 125 0
125 125 195 0
125 195 5 0
195 5 125 0
5 125 195 0
125 195 6 0
195 6 125 0
6 125 220 0
125 220 6 0
220 6 5 0
6 5 197 0
5 197 3 0
197 3 3 0
3 3 3 0
3 3 3 0
3 3 3 0
3 3 3 0
3 3 3 0
3 3 3 0
3 3 3 0
3 3 3 0
3 3 6 0
3 6 91 0
6 91 240 0
91 240 4 0
240 4 4 0
4 4 4 0
4 4 91 0
4 91 91 0
91 91 91 0
91 91 91 0
91 91 331 0
91 331 174 0
331 174 102 0
174 102 221 0
102 221 221 0
221 221 102 0
221 102 168 0
102 168 168 0
168 168 168 0
168 168 120 0
168 120 158 0
120 158 4 0
158 4 266 0
4 266 168 0
266 168 240 0
168 240 265 0
240 265 168 0
265 168 91 0
168 91 122 0
91 122 5 0
122 5 220 0
5 220 199 0
220 199 102 0
199 102 146 0
102 146 146 0
146 146 125 0
146 125 54 0
125 54 240 0
54 240 4 0
240 4 168 0
4 168 4 0
168 4 168 0
4 168 168 0
168 168 4 0
168 4 265 0
4 265 3 0
265 3 265 0
3 265 168 0
265 168 265 0
168 265 168 0
265 168 265 0
168 265 168 0
265 168 265 0
168 265 168 0
265 168 265 0
168 265 3 0
265 3 3 0
3 3 265 0
3 265 168 0
265 168 265 0
168 265 168 0
265 168 265 0
168 265 3 0
265 3 3 0
3 3 265 0
3 265 168 0
265 168 265 0
168 265 168 0
265 168 168 0
168 168 331 0
168 331 265 0
331 265 4 0
265 4 265 0
4 265 265 0
265 265 168 0
265 168 240 0
168 240 3 0
240 3 240 0
3 240 6 0
240 6 6 0
6 6 146 0
6 146 6 0
146 6 146 0
6 146 6 0
146 6 6 0
6 6 6 0
6 6 10 0
6 10 6 0
10 6 4 0
new
240 240 33 0
240 33 196 0
33 196 196 0
196 196 196 0
196 196 4 0
196 4 311 0
4 311 240 0
311 240 240 0
240 240 240 0
240 240 78 0
240 78 78 0
78 78 265 0
78 265 265 0
265 265 6 0
265 6 240 0
6 240 240 0
240 240 265 0
240 265 265 0
265 265 19 0
265 19 3 0
19 3 240 0
3 240 78 0
240 78 78 0
78 78 265 0
78 265 240 0
265 240 240 0
240 240 265 0
240 265 265 0
265 265 19 0
265 19 3 0
19 3 78 0
3 78 78 0
78 78 265 0
78 265 240 0
265 240 240 0
240 240 265 0
240 265 265 0
265 265 19 0
265 19 3 0
19 3 78 0
3 78 78 0
78 78 265 0
78 265 240 0
265 240 240 0
240 240 265 0
240 265 265 0
265 265 78 0
265 78 265 0
78 265 265 0
265 265 78 0
265 78 265 0
78 265 265 0
265 265 33 0
265 33 39 0
33 39 5 0
39 5 4 0
5 4 265 0
4 265 265 0
265 265 78 0
265 78 265 0
78 265 265 0
265 265 4 0
265 4 4 0
4 4 265 0
4 265 265 0
265 265 78 0
265 78 265 0
78 265 265 0
265 265 4 0
265 4 265 0
4 265 265 0
265 265 265 0
265 265 4 0
265 4 6 0
4 6 265 0
6 265 4 0
265 4 78 0
4 78 78 0
78 78 265 0
78 265 240 0
265 240 240 0
240 240 240 0
240 240 265 0
240 265 265 0
265 265 78 0
265 78 265 0
78 265 265 0
265 265 78 0
265 78 265 0
78 265 265 0
265 265 33 0
265 33 39 0
33 39 5 0
39 5 4 0
5 4 265 0
4 265 265 0
265 265 78 0
265 78 265 0
78 265 265 0
265 265 4 0
265 4 4 0
4 4 265 0
4 265 265 0
265 265 78 0
265 78 265 0
78 265 265 0
265 265 4 0
265 4 4 0
4 4 265 0
4 265 265 0
265 265 265 0
265 265 4 0
265 4 6 0
4 6 265 0
6 265 4 0
265 4 78 0
4 78 78 0
78 78 265 0
78 265 240 0
265 240 240 0
240 240 33 0
240 33 196 0
33 196 196 0
196 196 196 0
196 196 196 0
196 196 196 0
196 196 196 0
196 196 195 0
196 195 5 0
195 5 5 0
5 5 6 0
5 6 5 0
6 5 4 0
5 4 4 0
4 4 4 0
4 4 4 0
4 4 4 0
4 4 4 0
4 4 4 0
4 4 4 0
4 4 4 0
4 4 4 0
4 4 4 0
4 4 118 0
4 118 6 0
118 6 38 0
6 38 4 0
38 4 78 0
4 78 78 0
78 78 265 0
78 265 240 0
265 240 78 0
240 78 240 0
78 240 4 0
240 4 240 0
4 240 240 0
240 240 240 0
240 240 240 0
240 240 4 0
240 4 219 0
new
174 6 5 0
6 5 220 0
5 220 221 0
220 221 221 0
221 221 221 0
221 221 221 0
221 221 221 0
221 221 221 0
221 221 221 0
221 221 221 0
221 221 221 0
221 221 221 0
221 221 221 0
221 221 221 0
221 221 221 0
221 221 221 0
221 221 11 0
221 11 45 0
11 45 33 0
45 33 5 0
33 5 3 0
5 3 125 0
3 125 5 0
125 5 192 0
5 192 6 0
192 6 6 0
6 6 192 0
6 192 5 0
192 5 5 0
5 5 192 0
5 192 6 0
192 6 5 0
6 5 33 0
5 33 6 0
33 6 33 0
6 33 197 0
33 197 197 0
197 197 6 0
197 6 6 0
6 6 33 0
6 33 6 0
33 6 5 0
6 5 192 0
5 192 192 0
192 192 125 0
192 125 125 0
125 125 125 0
125 125 125 0
125 125 125 0
125 125 125 0
125 125 125 0
125 125 125 0
125 125 125 0
125 125 125 0
125 125 125 0
125 125 125 0
125 125 125 0
125 125 125 0
125 125 125 0
125 125 125 0
125 125 125 0
125 125 125 0
125 125 125 0
125 125 125 0
125 125 3 0
125 3 78 0
3 78 155 0
78 155 157 0
155 157 266 0
157 266 5 0
266 5 5 0
5 5 3 0
5 3 5 0
3 5 221 0
5 221 220 0
221 220 5 0
220 5 3 0
5 3 3 0
3 3 5 0
3 5 6 0
5 6 3 0
6 3 5 0
3 5 195 0
5 195 6 0
195 6 195 0
6 195 195 0
195 195 197 0
195 197 5 0
197 5 6 0
5 6 6 0
6 6 125 0
6 125 125 0
125 125 91 0
125 91 91 0
91 91 195 0
91 195 5 0
195 5 6 0
5 6 33 0
6 33 6 0
33 6 197 0
6 197 33 0
197 33 125 0
33 125 266 0
125 266 102 0
266 102 102 0
102 102 102 0
102 102 102 0
102 102 102 0
102 102 5 0
102 5 125 0
5 125 33 0
125 33 6 0
33 6 6 0
6 6 5 0
6 5 331 0
5 331 5 0
331 5 3 0
5 3 3 0
3 3 3 0
3 3 3 0
3 3 3 0
3 3 3 0
3 3 3 0
3 3 45 0
3 45 3 0
45 3 3 0
3 3 3 0
3 3 3 0
3 3 3 0
3 3 240 0
3 240 196 0
240 196 78 0
196 78 195 0
78 195 197 0
195 197 195 0
197 195 197 0
195 197 5 0
197 5 6 0
5 6 192 0
6 192 33 0
192 33 5 0
33 5 125 0
5 125 125 0
125 125 125 0
125 125 125 0
125 125 125 0
125 125 125 0
125 125 125 0
125 125 125 0
125 125 91 0
125 91 45 0
91 45 5 0
45 5 5 0
5 5 5 0
5 5 5 0
5 5 195 0
5 195 5 0
195 5 197 0
5 197 192 0
197 192 197 0
192 197 140 0
197 140 3 0
140 3 197 0
3 197 140 0
197 140 3 0
140 3 140 0
3 140 3 0
140 3 140 0
3 140 140 0
140 140 140 0
140 140 197 0
140 197 140 0
197 140 3 0
140 3 140 0
3 140 140 0
140 140 3 0
140 3 140 0
3 140 140 0
140 140 140 0
140 140 3 0
140 3 140 0
3 140 3 0
140 3 195 0
3 195 5 0
195 5 3 0
5 3 3 0
3 3 6 0
3 6 45 0
6 45 140 0
45 140 140 0
140 140 3 0
140 3 192 0
3 192 3 0
192 3 3 0
3 3 3 0
3 3 140 0
3 140 3 0
140 3 91 0
3 91 140 0
91 140 3 0
140 3 3 0
3 3 3 0
3 3 140 0
3 140 3 0
140 3 78 0
3 78 140 0
78 140 3 0
140 3 78 0
3 78 78 0
78 78 5 0
78 5 33 0
5 33 5 0
33 5 3 0
5 3 3 0
3 3 3 0
3 3 125 0
3 125 4 0
125 4 6 0
4 6 91 0
6 91 140 0
91 140 3 0
140 3 6 0
3 6 91 0
new
6 11 45 0
11 45 33 0
45 33 192 0
33 192 33 0
192 33 5 0
33 5 197 0
5 197 192 0
197 192 6 0
192 6 33 0
6 33 5 0
33 5 3 0
5 3 197 0
3 197 192 0
197 192 192 0
192 192 6 0
192 6 33 0
6 33 5 0
33 5 3 0
5 3 197 0
3 197 192 0
197 192 192 0
192 192 192 0
192 192 6 0
192 6 33 0
6 33 5 0
33 5 3 0
5 3 197 0
3 197 192 0
197 192 192 0
192 192 192 0
192 192 6 0
192 6 33 0
6 33 5 0
33 5 3 0
5 3 197 0
3 197 192 0
197 192 192 0
192 192 6 0
192 6 33 0
6 33 5 0
33 5 3 0
5 3 197 0
3 197 192 0
197 192 192 0
192 192 6 0
192 6 33 0
6 33 5 0
33 5 3 0
5 3 197 0
3 197 192 0
197 192 192 0
192 192 192 0
192 192 6 0
192 6 192 0
6 192 192 0
192 192 243 0
192 243 125 0
243 125 125 0
125 125 125 0
125 125 125 0
125 125 125 0
125 125 125 0
125 125 125 0
125 125 125 0
125 125 91 0
125 91 258 0
91 258 311 0
258 311 240 0
311 240 240 0
240 240 174 0
240 174 174 0
174 174 175 0
174 175 191 0
175 191 122 0
191 122 174 0
122 174 45 0
174 45 45 0
45 45 254 0
45 254 42 0
254 42 221 0
42 221 221 0
221 221 255 0
221 255 255 0
255 255 5 0
255 5 3 0
5 3 6 0
3 6 102 0
6 102 221 0
102 221 102 0
221 102 102 0
102 102 255 0
102 255 255 0
255 255 255 0
255 255 256 0
255 256 265 0
256 265 102 0
265 102 255 0
102 255 255 0
255 255 256 0
255 256 265 0
256 265 3 0
265 3 255 0
3 255 255 0
255 255 255 0
255 255 265 0
255 265 6 0
265 6 6 0
6 6 6 0
new
6 11 45 0
11 45 33 0
45 33 192 0
33 192 33 0
192 33 5 0
33 5 197 0
5 197 192 0
197 192 6 0
192 6 33 0
6 33 5 0
33 5 3 0
5 3 197 0
3 197 192 0
197 192 192 0
192 192 6 0
192 6 33 0
6 33 5 0
33 5 3 0
5 3 197 0
3 197 192 0
197 192 192 0
192 192 6 0
192 6 33 0
6 33 5 0
33 5 3 0
5 3 197 0
3 197 192 0
197 192 192 0
192 192 192 0
192 192 6 0
192 6 33 0
6 33 5 0
33 5 3 0
5 3 197 0
3 197 192 0
197 192 192 0
192 192 6 0
192 6 33 0
6 33 5 0
33 5 3 0
5 3 197 0
3 197 192 0
197 192 192 0
192 192 192 0
192 192 6 0
192 6 33 0
6 33 5 0
33 5 3 0
5 3 197 0
3 197 192 0
197 192 192 0
192 192 6 0
192 6 33 0
6 33 5 0
33 5 3 0
5 3 197 0
3 197 192 0
197 192 192 0
192 192 192 0
192 192 6 0
192 6 192 0
6 192 192 0
192 192 243 0
192 243 125 0
243 125 125 0
125 125 125 0
125 125 125 0
125 125 125 0
125 125 125 0
125 125 125 0
125 125 125 0
125 125 125 0
125 125 91 0
125 91 258 0
91 258 311 0
258 311 240 0
311 240 240 0
240 240 174 0
240 174 174 0
174 174 175 0
174 175 191 0
175 191 122 0
191 122 268 0
122 268 45 0
268 45 45 0
45 45 5 0
45 5 197 0
5 197 192 0
197 192 3 0
192 3 3 0
3 3 6 0
3 6 91 0
6 91 5 0
91 5 197 0
5 197 192 0
197 192 3 0
192 3 3 0
3 3 6 0
3 6 91 0
6 91 201 0
91 201 54 0
201 54 195 0
54 195 196 0
195 196 196 0
196 196 38 0
196 38 10 0
38 10 5 0
10 5 197 0
5 197 5 0
197 5 197 0
5 197 3 0
197 3 4 0
3 4 3 0
4 3 320 0
3 320 234 0
320 234 234 0
234 234 231 0
234 231 228 0
231 228 6 0
228 6 6 0
6 6 196 0
6 196 300 0
196 300 301 0
300 301 6 0
301 6 6 0
6 6 6 0
new
