311 240 240 0
240 240 78 0
240 78 240 0
78 240 265 0
240 265 240 0
265 240 240 0
240 240 240 0
240 240 196 0
240 196 78 0
196 78 265 0
78 265 240 0
265 240 240 0
240 240 196 0
240 196 240 0
196 240 78 0
240 78 240 0
78 240 265 0
240 265 240 0
265 240 240 0
240 240 240 0
240 240 265 0
240 265 240 0
265 240 240 0
240 240 240 0
240 240 265 0
240 265 240 0
265 240 240 0
240 240 196 0
240 196 78 0
196 78 240 0
78 240 265 0
240 265 240 0
265 240 240 0
240 240 265 0
240 265 240 0
265 240 240 0
240 240 240 0
240 240 265 0
240 265 240 0
265 240 240 0
240 240 240 0
240 240 196 0
240 196 78 0
196 78 265 0
78 265 240 0
265 240 240 0
240 240 196 0
240 196 78 0
196 78 265 0
78 265 240 0
265 240 240 0
240 240 196 0
240 196 240 0
196 240 240 0
240 240 240 0
240 240 240 0
240 240 78 0
240 78 265 0
78 265 240 0
265 240 240 0
240 240 240 0
240 240 196 0
240 196 240 0
196 240 78 0
240 78 240 0
78 240 265 0
240 265 240 0
265 240 240 0
240 240 196 0
240 196 78 0
196 78 265 0
78 265 240 0
265 240 240 0
240 240 196 0
240 196 78 0
196 78 196 0
78 196 78 0
196 78 240 0
78 240 265 0
240 265 240 0
265 240 240 0
240 240 240 0
240 240 196 0
240 196 240 0
196 240 240 0
240 240 78 0
240 78 265 0
78 265 240 0
265 240 240 0
240 240 265 0
240 265 240 0
265 240 240 0
240 240 240 0
240 240 265 0
240 265 240 0
265 240 240 0
240 240 240 0
240 240 78 0
240 78 265 0
78 265 240 0
265 240 240 0
240 240 78 0
240 78 219 0
new
311 240 78 0
240 78 240 0
78 240 265 0
240 265 240 0
265 240 240 0
240 240 78 0
240 78 265 0
78 265 240 0
265 240 240 0
240 240 78 0
240 78 196 0
78 196 4 0
196 4 78 0
4 78 265 0
78 265 240 0
265 240 240 0
240 240 5 0
240 5 5 0
5 5 197 0
5 197 78 0
197 78 5 0
78 5 207 0
5 207 94 0
207 94 6 0
94 6 78 0
6 78 265 0
78 265 240 0
265 240 240 0
240 240 4 0
240 4 78 0
4 78 265 0
78 265 240 0
265 240 240 0
240 240 118 0
240 118 38 0
118 38 197 0
38 197 6 0
197 6 4 0
6 4 78 0
4 78 265 0
78 265 240 0
265 240 240 0
240 240 240 0
240 240 196 0
240 196 78 0
196 78 78 0
78 78 240 0
78 240 196 0
240 196 240 0
196 240 240 0
240 240 78 0
240 78 265 0
78 265 240 0
265 240 240 0
240 240 240 0
240 240 240 0
240 240 78 0
240 78 240 0
78 240 196 0
240 196 78 0
196 78 265 0
78 265 240 0
265 240 240 0
240 240 240 0
240 240 196 0
240 196 78 0
196 78 265 0
78 265 240 0
265 240 240 0
240 240 240 0
240 240 196 0
240 196 78 0
196 78 265 0
78 265 240 0
265 240 240 0
240 240 240 0
240 240 196 0
240 196 78 0
196 78 195 0
78 195 195 0
195 195 195 0
195 195 195 0
195 195 195 0
195 195 195 0
195 195 195 0
195 195 195 0
195 195 195 0
195 195 195 0
195 195 78 0
195 78 265 0
78 265 240 0
265 240 240 0
240 240 240 0
240 240 196 0
240 196 78 0
196 78 265 0
78 265 240 0
265 240 240 0
240 240 240 0
240 240 196 0
240 196 78 0
196 78 265 0
78 265 240 0
265 240 240 0
240 240 240 0
240 240 196 0
240 196 78 0
196 78 265 0
78 265 240 0
265 240 240 0
240 240 240 0
240 240 196 0
240 196 78 0
196 78 78 0
78 78 265 0
78 265 240 0
265 240 240 0
240 240 78 0
240 78 265 0
78 265 240 0
265 240 78 0
240 78 240 0
78 240 219 0
new
168 54 102 0
54 102 6 0
102 6 102 0
6 102 102 0
102 102 102 0
102 102 102 0
102 102 168 0
102 168 54 0
168 54 102 0
54 102 6 0
102 6 102 0
6 102 102 0
102 102 102 0
102 102 102 0
102 102 91 0
102 91 102 0
91 102 168 0
102 168 54 0
168 54 102 0
54 102 6 0
102 6 102 0
6 102 102 0
102 102 102 0
102 102 102 0
102 102 168 0
102 168 54 0
168 54 102 0
54 102 6 0
102 6 102 0
6 102 102 0
102 102 102 0
102 102 78 0
102 78 240 0
78 240 240 0
240 240 240 0
240 240 168 0
240 168 54 0
168 54 102 0
54 102 6 0
102 6 265 0
6 265 78 0
265 78 78 0
78 78 78 0
78 78 265 0
78 265 240 0
265 240 240 0
240 240 78 0
240 78 240 0
78 240 265 0
240 265 102 0
265 102 102 0
102 102 102 0
102 102 13 0
102 13 102 0
13 102 102 0
102 102 102 0
102 102 102 0
102 102 6 0
102 6 195 0
6 195 5 0
195 5 197 0
5 197 192 0
197 192 3 0
192 3 3 0
3 3 6 0
3 6 91 0
6 91 240 0
91 240 195 0
240 195 102 0
195 102 102 0
102 102 78 0
102 78 168 0
78 168 102 0
168 102 168 0
102 168 54 0
168 54 102 0
54 102 6 0
102 6 195 0
6 195 5 0
195 5 197 0
5 197 192 0
197 192 3 0
192 3 3 0
3 3 6 0
3 6 91 0
6 91 195 0
91 195 102 0
195 102 102 0
102 102 78 0
102 78 168 0
78 168 102 0
168 102 168 0
102 168 54 0
168 54 102 0
54 102 6 0
102 6 265 0
6 265 78 0
265 78 78 0
78 78 265 0
78 265 102 0
265 102 102 0
102 102 102 0
102 102 13 0
102 13 102 0
13 102 102 0
102 102 102 0
102 102 102 0
102 102 6 0
102 6 195 0
6 195 5 0
195 5 197 0
5 197 192 0
197 192 3 0
192 3 3 0
3 3 6 0
3 6 91 0
6 91 195 0
91 195 102 0
195 102 102 0
102 102 78 0
102 78 168 0
78 168 102 0
168 102 168 0
102 168 54 0
168 54 102 0
54 102 6 0
102 6 265 0
6 265 78 0
265 78 78 0
78 78 265 0
78 265 102 0
265 102 102 0
102 102 102 0
102 102 13 0
102 13 102 0
13 102 102 0
102 102 102 0
102 102 102 0
102 102 6 0
102 6 195 0
6 195 5 0
195 5 197 0
5 197 192 0
197 192 3 0
192 3 3 0
3 3 6 0
3 6 91 0
6 91 195 0
91 195 102 0
195 102 102 0
102 102 78 0
102 78 168 0
78 168 102 0
168 102 168 0
102 168 54 0
168 54 102 0
54 102 6 0
102 6 265 0
6 265 78 0
265 78 78 0
78 78 265 0
78 265 102 0
265 102 102 0
102 102 102 0
102 102 13 0
102 13 102 0
13 102 102 0
102 102 102 0
102 102 102 0
102 102 6 0
102 6 195 0
6 195 5 0
195 5 197 0
5 197 192 0
197 192 3 0
192 3 3 0
3 3 6 0
3 6 91 0
6 91 195 0
91 195 102 0
195 102 102 0
102 102 78 0
102 78 168 0
78 168 102 0
168 102 6 0
102 6 168 0
6 168 54 0
168 54 102 0
54 102 6 0
102 6 102 0
6 102 102 0
102 102 102 0
102 102 102 0
102 102 102 0
102 102 102 0
102 102 6 0
102 6 265 0
6 265 78 0
265 78 240 0
78 240 78 0
240 78 240 0
78 240 265 0
240 265 102 0
265 102 102 0
102 102 102 0
102 102 13 0
102 13 102 0
13 102 102 0
102 102 102 0
102 102 102 0
102 102 6 0
102 6 195 0
6 195 5 0
195 5 197 0
5 197 192 0
197 192 3 0
192 3 3 0
3 3 6 0
3 6 91 0
6 91 195 0
91 195 102 0
195 102 102 0
102 102 78 0
102 78 168 0
78 168 102 0
168 102 168 0
102 168 54 0
168 54 102 0
54 102 6 0
102 6 265 0
6 265 78 0
265 78 4 0
78 4 78 0
4 78 78 0
78 78 265 0
78 265 240 0
265 240 78 0
240 78 240 0
78 240 265 0
240 265 102 0
265 102 102 0
102 102 102 0
102 102 13 0
102 13 102 0
13 102 102 0
102 102 102 0
102 102 102 0
102 102 6 0
102 6 195 0
6 195 5 0
195 5 197 0
5 197 192 0
197 192 3 0
192 3 3 0
3 3 6 0
3 6 91 0
6 91 195 0
91 195 102 0
195 102 102 0
102 102 78 0
102 78 168 0
78 168 102 0
168 102 168 0
102 168 54 0
168 54 102 0
54 102 6 0
102 6 102 0
6 102 102 0
102 102 102 0
102 102 168 0
102 168 54 0
168 54 102 0
54 102 6 0
102 6 195 0
6 195 5 0
195 5 197 0
5 197 192 0
197 192 3 0
192 3 3 0
3 3 6 0
3 6 91 0
6 91 195 0
91 195 102 0
195 102 102 0
102 102 78 0
102 78 168 0
78 168 102 0
168 102 168 0
102 168 54 0
168 54 102 0
54 102 6 0
102 6 265 0
6 265 78 0
265 78 4 0
78 4 78 0
4 78 78 0
78 78 265 0
78 265 240 0
265 240 78 0
240 78 240 0
78 240 265 0
240 265 102 0
265 102 102 0
102 102 102 0
102 102 13 0
102 13 102 0
13 102 102 0
102 102 102 0
102 102 102 0
102 102 6 0
102 6 195 0
6 195 5 0
195 5 197 0
5 197 192 0
197 192 3 0
192 3 3 0
3 3 6 0
3 6 91 0
6 91 195 0
91 195 102 0
195 102 102 0
102 102 78 0
102 78 168 0
78 168 102 0
168 102 168 0
102 168 54 0
168 54 102 0
54 102 6 0
102 6 102 0
6 102 102 0
102 102 102 0
102 102 102 0
102 102 102 0
102 102 102 0
102 102 6 0
102 6 265 0
6 265 78 0
265 78 4 0
78 4 78 0
4 78 78 0
78 78 265 0
78 265 240 0
265 240 240 0
240 240 78 0
240 78 219 0
new
11 45 33 0
45 33 192 0
33 192 33 0
192 33 5 0
33 5 197 0
5 197 192 0
197 192 6 0
192 6 33 0
6 33 5 0
33 5 3 0
5 3 197 0
3 197 192 0
197 192 192 0
192 192 6 0
192 6 33 0
6 33 5 0
33 5 3 0
5 3 197 0
3 197 192 0
197 192 192 0
192 192 6 0
192 6 33 0
6 33 5 0
33 5 3 0
5 3 197 0
3 197 192 0
197 192 192 0
192 192 192 0
192 192 6 0
192 6 33 0
6 33 5 0
33 5 3 0
5 3 197 0
3 197 192 0
197 192 192 0
192 192 6 0
192 6 33 0
6 33 5 0
33 5 3 0
5 3 197 0
3 197 192 0
197 192 192 0
192 192 192 0
192 192 6 0
192 6 33 0
6 33 5 0
33 5 3 0
5 3 197 0
3 197 192 0
197 192 192 0
192 192 192 0
192 192 6 0
192 6 192 0
6 192 192 0
192 192 243 0
192 243 125 0
243 125 125 0
125 125 125 0
125 125 125 0
125 125 125 0
125 125 125 0
125 125 125 0
125 125 125 0
125 125 91 0
125 91 258 0
91 258 311 0
258 311 240 0
311 240 240 0
240 240 174 0
240 174 174 0
174 174 175 0
174 175 191 0
175 191 122 0
191 122 174 0
122 174 174 0
174 174 174 0
174 174 45 0
174 45 45 0
45 45 13 0
45 13 5 0
13 5 197 0
5 197 197 0
197 197 192 0
197 192 3 0
192 3 140 0
3 140 3 0
140 3 6 0
3 6 91 0
6 91 5 0
91 5 197 0
5 197 192 0
197 192 3 0
192 3 3 0
3 3 3 0
3 3 6 0
3 6 91 0
6 91 201 0
91 201 102 0
201 102 102 0
102 102 6 0
102 6 102 0
6 102 102 0
102 102 6 0
102 6 5 0
6 5 197 0
5 197 192 0
197 192 3 0
192 3 3 0
3 3 6 0
3 6 91 0
6 91 5 0
91 5 197 0
5 197 192 0
197 192 6 0
192 6 33 0
6 33 5 0
33 5 3 0
5 3 197 0
3 197 192 0
197 192 192 0
192 192 6 0
192 6 33 0
6 33 5 0
33 5 3 0
5 3 197 0
3 197 192 0
197 192 192 0
192 192 192 0
192 192 6 0
192 6 125 0
6 125 125 0
125 125 91 0
125 91 5 0
91 5 197 0
5 197 192 0
197 192 6 0
192 6 33 0
6 33 5 0
33 5 3 0
5 3 197 0
3 197 192 0
197 192 192 0
192 192 6 0
192 6 33 0
6 33 5 0
33 5 3 0
5 3 197 0
3 197 192 0
197 192 192 0
192 192 6 0
192 6 125 0
6 125 125 0
125 125 91 0
125 91 5 0
91 5 221 0
5 221 140 0
221 140 197 0
140 197 192 0
197 192 140 0
192 140 91 0
140 91 6 0
91 6 5 0
6 5 221 0
5 221 197 0
221 197 174 0
197 174 6 0
174 6 6 0
6 6 5 0
6 5 220 0
5 220 221 0
220 221 221 0
221 221 221 0
221 221 221 0
221 221 221 0
221 221 221 0
221 221 221 0
221 221 221 0
221 221 221 0
221 221 221 0
221 221 221 0
221 221 221 0
221 221 221 0
221 221 221 0
221 221 221 0
221 221 221 0
221 221 221 0
221 221 221 0
221 221 221 0
221 221 221 0
221 221 221 0
221 221 221 0
221 221 221 0
221 221 221 0
221 221 221 0
221 221 221 0
221 221 221 0
221 221 221 0
221 221 221 0
221 221 221 0
221 221 221 0
221 221 221 0
221 221 221 0
221 221 221 0
221 221 221 0
221 221 221 0
221 221 221 0
221 221 221 0
221 221 221 0
221 221 221 0
221 221 221 0
221 221 221 0
221 221 221 0
221 221 221 0
221 221 221 0
221 221 221 0
221 221 221 0
221 221 221 0
221 221 221 0
221 221 221 0
221 221 221 0
221 221 221 0
221 221 221 0
221 221 221 0
221 221 221 0
221 221 221 0
221 221 221 0
221 221 221 0
221 221 221 0
221 221 221 0
221 221 221 0
221 221 221 0
221 221 221 0
221 221 221 0
221 221 221 0
221 221 221 0
221 221 221 0
221 221 221 0
221 221 221 0
221 221 221 0
221 221 221 0
221 221 221 0
221 221 220 0
221 220 6 0
220 6 63 0
6 63 6 0
63 6 5 0
6 5 63 0
5 63 6 0
new
175 174 174 0
174 174 174 0
174 174 57 0
174 57 175 0
57 175 54 0
175 54 175 0
54 175 6 0
175 6 3 0
6 3 6 0
3 6 174 0
6 174 174 0
174 174 174 0
174 174 174 0
174 174 174 0
174 174 174 0
174 174 174 0
174 174 174 0
174 174 174 0
174 174 174 0
174 174 174 0
174 174 174 0
174 174 174 0
174 174 174 0
174 174 174 0
174 174 174 0
174 174 174 0
174 174 174 0
174 174 174 0
174 174 11 0
174 11 45 0
11 45 33 0
45 33 192 0
33 192 33 0
192 33 5 0
33 5 197 0
5 197 192 0
197 192 6 0
192 6 33 0
6 33 5 0
33 5 3 0
5 3 197 0
3 197 192 0
197 192 192 0
192 192 6 0
192 6 33 0
6 33 5 0
33 5 3 0
5 3 197 0
3 197 192 0
197 192 192 0
192 192 6 0
192 6 33 0
6 33 5 0
33 5 3 0
5 3 197 0
3 197 192 0
197 192 192 0
192 192 192 0
192 192 192 0
192 192 6 0
192 6 33 0
6 33 5 0
33 5 3 0
5 3 197 0
3 197 192 0
197 192 192 0
192 192 6 0
192 6 33 0
6 33 5 0
33 5 3 0
5 3 197 0
3 197 192 0
197 192 192 0
192 192 6 0
192 6 33 0
6 33 5 0
33 5 3 0
5 3 197 0
3 197 192 0
197 192 192 0
192 192 192 0
192 192 6 0
192 6 33 0
6 33 5 0
33 5 3 0
5 3 197 0
3 197 192 0
197 192 192 0
192 192 6 0
192 6 33 0
6 33 5 0
33 5 3 0
5 3 197 0
3 197 192 0
197 192 192 0
192 192 192 0
192 192 6 0
192 6 192 0
6 192 243 0
192 243 125 0
243 125 125 0
125 125 125 0
125 125 125 0
125 125 125 0
125 125 192 0
125 192 125 0
192 125 125 0
125 125 125 0
125 125 125 0
125 125 125 0
125 125 91 0
125 91 45 0
91 45 45 0
45 45 5 0
45 5 5 0
5 5 197 0
5 197 192 0
197 192 192 0
192 192 6 0
192 6 195 0
6 195 195 0
195 195 195 0
195 195 5 0
195 5 5 0
5 5 197 0
5 197 192 0
197 192 3 0
192 3 3 0
3 3 3 0
3 3 3 0
3 3 3 0
3 3 3 0
3 3 3 0
3 3 3 0
3 3 3 0
3 3 3 0
3 3 3 0
3 3 3 0
3 3 3 0
3 3 3 0
3 3 3 0
3 3 6 0
3 6 91 0
6 91 5 0
91 5 221 0
5 221 45 0
221 45 141 0
45 141 141 0
141 141 45 0
141 45 6 0
45 6 5 0
6 5 3 0
5 3 3 0
3 3 6 0
3 6 5 0
6 5 3 0
5 3 3 0
3 3 6 0
3 6 5 0
6 5 3 0
5 3 3 0
3 3 6 0
3 6 5 0
6 5 3 0
5 3 3 0
3 3 6 0
3 6 5 0
6 5 3 0
5 3 3 0
3 3 6 0
3 6 5 0
6 5 3 0
5 3 3 0
3 3 6 0
3 6 5 0
6 5 3 0
5 3 3 0
3 3 6 0
3 6 5 0
6 5 3 0
5 3 3 0
3 3 6 0
3 6 5 0
6 5 3 0
5 3 3 0
3 3 6 0
3 6 5 0
6 5 3 0
5 3 3 0
3 3 6 0
3 6 5 0
6 5 3 0
5 3 3 0
3 3 6 0
3 6 195 0
6 195 195 0
195 195 195 0
195 195 195 0
195 195 5 0
195 5 5 0
5 5 5 0
new
168 168 168 0
168 168 102 0
168 102 168 0
102 168 240 0
168 240 240 0
240 240 240 0
240 240 240 0
240 240 102 0
240 102 240 0
102 240 240 0
240 240 240 0
240 240 240 0
240 240 240 0
240 240 240 0
240 240 102 0
240 102 168 0
102 168 240 0
168 240 102 0
240 102 221 0
102 221 168 0
221 168 240 0
168 240 3 0
240 3 240 0
3 240 240 0
240 240 240 0
240 240 240 0
240 240 240 0
240 240 102 0
240 102 102 0
102 102 168 0
102 168 168 0
168 168 3 0
168 3 102 0
3 102 168 0
102 168 168 0
168 168 3 0
168 3 102 0
3 102 240 0
102 240 240 0
240 240 168 0
240 168 3 0
168 3 102 0
3 102 3 0
102 3 102 0
3 102 240 0
102 240 168 0
240 168 3 0
168 3 240 0
3 240 168 0
240 168 240 0
168 240 3 0
240 3 240 0
3 240 240 0
240 240 240 0
240 240 240 0
240 240 240 0
240 240 102 0
240 102 168 0
102 168 102 0
168 102 168 0
102 168 102 0
168 102 6 0
102 6 6 0
6 6 168 0
6 168 240 0
168 240 240 0
240 240 168 0
240 168 42 0
168 42 221 0
42 221 221 0
221 221 221 0
221 221 221 0
221 221 221 0
221 221 221 0
221 221 221 0
221 221 221 0
221 221 168 0
221 168 102 0
168 102 168 0
102 168 102 0
168 102 168 0
102 168 102 0
168 102 6 0
102 6 6 0
6 6 168 0
6 168 168 0
168 168 42 0
168 42 221 0
42 221 221 0
221 221 221 0
221 221 221 0
221 221 221 0
221 221 221 0
221 221 221 0
221 221 221 0
221 221 168 0
221 168 240 0
168 240 3 0
240 3 240 0
3 240 240 0
240 240 240 0
240 240 240 0
240 240 240 0
240 240 102 0
240 102 168 0
102 168 102 0
168 102 168 0
102 168 102 0
168 102 6 0
102 6 6 0
6 6 168 0
6 168 4 0
168 4 168 0
4 168 42 0
168 42 221 0
42 221 221 0
221 221 221 0
221 221 221 0
221 221 221 0
221 221 221 0
221 221 221 0
221 221 221 0
221 221 168 0
221 168 240 0
168 240 168 0
240 168 168 0
168 168 168 0
new
6 91 6 0
91 6 63 0
6 63 6 0
63 6 6 0
6 6 11 0
6 11 11 0
11 11 11 0
11 11 11 0
11 11 45 0
11 45 33 0
45 33 192 0
33 192 33 0
192 33 5 0
33 5 197 0
5 197 192 0
197 192 6 0
192 6 33 0
6 33 5 0
33 5 3 0
5 3 197 0
3 197 192 0
197 192 125 0
192 125 192 0
125 192 6 0
192 6 33 0
6 33 5 0
33 5 3 0
5 3 197 0
3 197 192 0
197 192 192 0
192 192 6 0
192 6 33 0
6 33 5 0
33 5 3 0
5 3 197 0
3 197 192 0
197 192 192 0
192 192 192 0
192 192 6 0
192 6 33 0
6 33 5 0
33 5 3 0
5 3 197 0
3 197 192 0
197 192 192 0
192 192 6 0
192 6 33 0
6 33 5 0
33 5 3 0
5 3 197 0
3 197 192 0
197 192 192 0
192 192 6 0
192 6 33 0
6 33 5 0
33 5 3 0
5 3 197 0
3 197 192 0
197 192 125 0
192 125 192 0
125 192 197 0
192 197 192 0
197 192 192 0
192 192 197 0
192 197 192 0
197 192 192 0
192 192 6 0
192 6 3 0
6 3 197 0
3 197 192 0
197 192 6 0
192 6 192 0
6 192 192 0
192 192 33 0
192 33 192 0
33 192 6 0
192 6 192 0
6 192 6 0
192 6 33 0
6 33 6 0
33 6 33 0
6 33 192 0
33 192 6 0
192 6 33 0
6 33 6 0
33 6 192 0
6 192 192 0
192 192 125 0
192 125 125 0
125 125 125 0
125 125 125 0
125 125 125 0
125 125 5 0
125 5 3 0
5 3 5 0
3 5 197 0
5 197 6 0
197 6 102 0
6 102 102 0
102 102 6 0
102 6 221 0
6 221 146 0
221 146 3 0
146 3 168 0
3 168 146 0
168 146 3 0
146 3 168 0
3 168 168 0
168 168 3 0
168 3 3 0
3 3 5 0
3 5 197 0
5 197 3 0
197 3 3 0
3 3 3 0
3 3 3 0
3 3 3 0
3 3 3 0
3 3 91 0
3 91 168 0
91 168 122 0
168 122 33 0
122 33 5 0
33 5 3 0
5 3 45 0
3 45 168 0
45 168 146 0
168 146 199 0
146 199 192 0
199 192 5 0
192 5 168 0
5 168 146 0
168 146 168 0
146 168 3 0
168 3 3 0
3 3 3 0
3 3 168 0
3 168 146 0
168 146 168 0
146 168 3 0
168 3 3 0
3 3 3 0
3 3 3 0
3 3 3 0
3 3 168 0
3 168 146 0
168 146 168 0
146 168 3 0
168 3 3 0
3 3 3 0
3 3 168 0
3 168 146 0
168 146 168 0
146 168 3 0
168 3 3 0
3 3 3 0
3 3 168 0
3 168 146 0
168 146 168 0
146 168 3 0
168 3 3 0
3 3 3 0
3 3 3 0
3 3 3 0
3 3 168 0
3 168 146 0
168 146 168 0
146 168 3 0
168 3 3 0
3 3 3 0
3 3 168 0
3 168 146 0
168 146 168 0
146 168 3 0
168 3 3 0
3 3 3 0
3 3 168 0
3 168 146 0
168 146 120 0
146 120 221 0
120 221 192 0
221 192 3 0
192 3 6 0
3 6 91 0
6 91 7 0
91 7 195 0
7 195 168 0
195 168 146 0
168 146 5 0
146 5 5 0
5 5 3 0
5 3 3 0
3 3 3 0
3 3 195 0
3 195 192 0
195 192 192 0
192 192 6 0
192 6 125 0
6 125 175 0
125 175 3 0
175 3 45 0
3 45 192 0
45 192 3 0
192 3 3 0
3 3 3 0
3 3 3 0
3 3 6 0
3 6 91 0
6 91 192 0
91 192 91 0
192 91 168 0
91 168 146 0
168 146 168 0
146 168 3 0
168 3 3 0
3 3 3 0
3 3 168 0
3 168 146 0
168 146 168 0
146 168 3 0
168 3 3 0
3 3 3 0
3 3 168 0
3 168 146 0
168 146 168 0
146 168 146 0
168 146 168 0
146 168 168 0
168 168 146 0
168 146 168 0
146 168 146 0
168 146 168 0
146 168 146 0
168 146 168 0
146 168 146 0
168 146 168 0
146 168 168 0
168 168 168 0
168 168 146 0
168 146 168 0
146 168 146 0
168 146 146 0
146 146 146 0
146 146 168 0
146 168 168 0
168 168 146 0
168 146 168 0
146 168 146 0
168 146 146 0
146 146 168 0
146 168 146 0
168 146 146 0
146 146 168 0
146 168 168 0
168 168 146 0
168 146 168 0
146 168 146 0
168 146 168 0
146 168 146 0
168 146 168 0
146 168 168 0
168 168 168 0
168 168 168 0
168 168 168 0
168 168 146 0
168 146 168 0
146 168 168 0
168 168 146 0
168 146 146 0
146 146 168 0
146 168 146 0
168 146 146 0
146 146 168 0
146 168 168 0
168 168 146 0
168 146 168 0
146 168 168 0
168 168 168 0
168 168 146 0
168 146 168 0
146 168 146 0
168 146 168 0
146 168 168 0
168 168 168 0
168 168 146 0
168 146 3 0
new
311 240 78 0
240 78 240 0
78 240 265 0
240 265 240 0
265 240 240 0
240 240 78 0
240 78 265 0
78 265 240 0
265 240 240 0
240 240 78 0
240 78 196 0
78 196 4 0
196 4 78 0
4 78 265 0
78 265 240 0
265 240 240 0
240 240 5 0
240 5 5 0
5 5 197 0
5 197 78 0
197 78 5 0
78 5 207 0
5 207 94 0
207 94 6 0
94 6 78 0
6 78 265 0
78 265 240 0
265 240 240 0
240 240 4 0
240 4 78 0
4 78 265 0
78 265 240 0
265 240 240 0
240 240 118 0
240 118 38 0
118 38 197 0
38 197 6 0
197 6 4 0
6 4 78 0
4 78 265 0
78 265 240 0
265 240 240 0
240 240 240 0
240 240 196 0
240 196 78 0
196 78 78 0
78 78 240 0
78 240 196 0
240 196 240 0
196 240 240 0
240 240 78 0
240 78 265 0
78 265 240 0
265 240 240 0
240 240 240 0
240 240 240 0
240 240 78 0
240 78 240 0
78 240 196 0
240 196 78 0
196 78 265 0
78 265 240 0
265 240 240 0
240 240 240 0
240 240 196 0
240 196 78 0
196 78 265 0
78 265 240 0
265 240 240 0
240 240 240 0
240 240 196 0
240 196 78 0
196 78 265 0
78 265 240 0
265 240 240 0
240 240 240 0
240 240 196 0
240 196 78 0
196 78 195 0
78 195 195 0
195 195 195 0
195 195 195 0
195 195 195 0
195 195 195 0
195 195 195 0
195 195 195 0
195 195 195 0
195 195 195 0
195 195 78 0
195 78 265 0
78 265 240 0
265 240 240 0
240 240 240 0
240 240 196 0
240 196 78 0
196 78 265 0
78 265 240 0
265 240 240 0
240 240 240 0
240 240 196 0
240 196 78 0
196 78 265 0
78 265 240 0
265 240 240 0
240 240 240 0
240 240 196 0
240 196 78 0
196 78 265 0
78 265 240 0
265 240 240 0
240 240 240 0
240 240 196 0
240 196 78 0
196 78 78 0
78 78 265 0
78 265 240 0
265 240 240 0
240 240 78 0
240 78 265 0
78 265 240 0
265 240 78 0
240 78 240 0
78 240 219 0
new
174 6 5 0
6 5 220 0
5 220 221 0
220 221 221 0
221 221 221 0
221 221 221 0
221 221 221 0
221 221 221 0
221 221 221 0
221 221 221 0
221 221 221 0
221 221 221 0
221 221 221 0
221 221 221 0
221 221 221 0
221 221 221 0
221 221 11 0
221 11 45 0
11 45 33 0
45 33 5 0
33 5 3 0
5 3 125 0
3 125 5 0
125 5 192 0
5 192 6 0
192 6 6 0
6 6 192 0
6 192 5 0
192 5 5 0
5 5 192 0
5 192 6 0
192 6 5 0
6 5 33 0
5 33 6 0
33 6 33 0
6 33 197 0
33 197 197 0
197 197 6 0
197 6 6 0
6 6 33 0
6 33 6 0
33 6 5 0
6 5 192 0
5 192 192 0
192 192 125 0
192 125 125 0
125 125 125 0
125 125 125 0
125 125 125 0
125 125 125 0
125 125 125 0
125 125 125 0
125 125 125 0
125 125 125 0
125 125 125 0
125 125 125 0
125 125 125 0
125 125 125 0
125 125 125 0
125 125 125 0
125 125 125 0
125 125 125 0
125 125 125 0
125 125 125 0
125 125 3 0
125 3 78 0
3 78 155 0
78 155 157 0
155 157 266 0
157 266 5 0
266 5 5 0
5 5 3 0
5 3 5 0
3 5 221 0
5 221 220 0
221 220 5 0
220 5 3 0
5 3 3 0
3 3 5 0
3 5 6 0
5 6 3 0
6 3 5 0
3 5 195 0
5 195 6 0
195 6 195 0
6 195 195 0
195 195 197 0
195 197 5 0
197 5 6 0
5 6 6 0
6 6 125 0
6 125 125 0
125 125 91 0
125 91 91 0
91 91 195 0
91 195 5 0
195 5 6 0
5 6 33 0
6 33 6 0
33 6 197 0
6 197 33 0
197 33 125 0
33 125 266 0
125 266 102 0
266 102 102 0
102 102 102 0
102 102 102 0
102 102 102 0
102 102 5 0
102 5 125 0
5 125 33 0
125 33 6 0
33 6 6 0
6 6 5 0
6 5 331 0
5 331 5 0
331 5 3 0
5 3 3 0
3 3 3 0
3 3 3 0
3 3 3 0
3 3 3 0
3 3 3 0
3 3 45 0
3 45 3 0
45 3 3 0
3 3 3 0
3 3 3 0
3 3 3 0
3 3 240 0
3 240 196 0
240 196 78 0
196 78 195 0
78 195 197 0
195 197 195 0
197 195 197 0
195 197 5 0
197 5 6 0
5 6 192 0
6 192 33 0
192 33 5 0
33 5 125 0
5 125 125 0
125 125 125 0
125 125 125 0
125 125 125 0
125 125 125 0
125 125 125 0
125 125 125 0
125 125 91 0
125 91 45 0
91 45 5 0
45 5 5 0
5 5 5 0
5 5 5 0
5 5 195 0
5 195 5 0
195 5 197 0
5 197 192 0
197 192 197 0
192 197 140 0
197 140 3 0
140 3 197 0
3 197 140 0
197 140 3 0
140 3 140 0
3 140 3 0
140 3 140 0
3 140 140 0
140 140 140 0
140 140 197 0
140 197 140 0
197 140 3 0
140 3 140 0
3 140 140 0
140 140 3 0
140 3 140 0
3 140 140 0
140 140 140 0
140 140 3 0
140 3 140 0
3 140 3 0
140 3 195 0
3 195 5 0
195 5 3 0
5 3 3 0
3 3 6 0
3 6 45 0
6 45 140 0
45 140 140 0
140 140 3 0
140 3 192 0
3 192 3 0
192 3 3 0
3 3 3 0
3 3 140 0
3 140 3 0
140 3 91 0
3 91 140 0
91 140 3 0
140 3 3 0
3 3 3 0
3 3 140 0
3 140 3 0
140 3 78 0
3 78 140 0
78 140 3 0
140 3 78 0
3 78 78 0
78 78 5 0
78 5 33 0
5 33 5 0
33 5 3 0
5 3 3 0
3 3 3 0
3 3 125 0
3 125 4 0
125 4 6 0
4 6 91 0
6 91 140 0
91 140 3 0
140 3 6 0
3 6 91 0
new
311 78 4 0
78 4 240 0
4 240 240 0
240 240 240 0
240 240 33 0
240 33 33 0
33 33 195 0
33 195 5 0
195 5 221 0
5 221 221 0
221 221 197 0
221 197 160 0
197 160 159 0
160 159 120 0
159 120 140 0
120 140 3 0
140 3 221 0
3 221 221 0
221 221 221 0
221 221 33 0
221 33 197 0
33 197 33 0
197 33 197 0
33 197 140 0
197 140 3 0
140 3 221 0
3 221 195 0
221 195 5 0
195 5 221 0
5 221 221 0
221 221 197 0
221 197 160 0
197 160 159 0
160 159 120 0
159 120 140 0
120 140 3 0
140 3 221 0
3 221 221 0
221 221 221 0
221 221 33 0
221 33 197 0
33 197 33 0
197 33 197 0
33 197 140 0
197 140 3 0
140 3 221 0
3 221 33 0
221 33 33 0
33 33 195 0
33 195 33 0
195 33 195 0
33 195 33 0
195 33 195 0
33 195 33 0
195 33 195 0
33 195 33 0
195 33 195 0
33 195 33 0
195 33 195 0
33 195 33 0
195 33 195 0
33 195 33 0
195 33 195 0
33 195 78 0
195 78 42 0
78 42 42 0
42 42 160 0
42 160 159 0
160 159 120 0
159 120 168 0
120 168 3 0
168 3 6 0
3 6 6 0
6 6 78 0
6 78 102 0
78 102 221 0
102 221 221 0
221 221 42 0
221 42 221 0
42 221 221 0
221 221 221 0
221 221 221 0
221 221 102 0
221 102 78 0
102 78 168 0
78 168 102 0
168 102 78 0
102 78 168 0
78 168 102 0
168 102 78 0
102 78 168 0
78 168 102 0
168 102 78 0
102 78 168 0
78 168 102 0
168 102 4 0
102 4 240 0
4 240 240 0
240 240 78 0
240 78 168 0
78 168 102 0
168 102 78 0
102 78 168 0
78 168 102 0
168 102 102 0
102 102 6 0
102 6 240 0
6 240 240 0
240 240 6 0
240 6 240 0
6 240 240 0
240 240 6 0
240 6 13 0
6 13 78 0
13 78 4 0
78 4 78 0
4 78 265 0
78 265 240 0
265 240 240 0
240 240 78 0
240 78 265 0
78 265 240 0
265 240 240 0
240 240 78 0
240 78 240 0
78 240 78 0
240 78 265 0
78 265 240 0
265 240 78 0
240 78 265 0
78 265 240 0
265 240 240 0
240 240 168 0
240 168 240 0
168 240 3 0
240 3 6 0
3 6 6 0
6 6 78 0
6 78 168 0
78 168 102 0
168 102 102 0
102 102 102 0
102 102 13 0
102 13 102 0
13 102 102 0
102 102 168 0
102 168 102 0
168 102 102 0
102 102 102 0
102 102 102 0
102 102 102 0
102 102 102 0
102 102 168 0
102 168 102 0
168 102 102 0
102 102 168 0
102 168 102 0
168 102 102 0
102 102 168 0
102 168 102 0
168 102 221 0
102 221 221 0
221 221 221 0
221 221 33 0
221 33 197 0
33 197 140 0
197 140 3 0
140 3 197 0
3 197 33 0
197 33 197 0
33 197 221 0
197 221 221 0
221 221 221 0
221 221 221 0
221 221 33 0
221 33 197 0
33 197 140 0
197 140 3 0
140 3 197 0
3 197 33 0
197 33 197 0
33 197 221 0
197 221 221 0
221 221 221 0
221 221 221 0
221 221 33 0
221 33 197 0
33 197 140 0
197 140 3 0
140 3 197 0
3 197 33 0
197 33 197 0
33 197 221 0
197 221 221 0
221 221 221 0
221 221 221 0
221 221 33 0
221 33 197 0
33 197 140 0
197 140 3 0
140 3 197 0
3 197 33 0
197 33 197 0
33 197 221 0
197 221 221 0
221 221 221 0
221 221 221 0
221 221 33 0
221 33 197 0
33 197 140 0
197 140 3 0
140 3 197 0
3 197 33 0
197 33 197 0
33 197 221 0
197 221 221 0
221 221 221 0
221 221 221 0
221 221 33 0
221 33 197 0
33 197 140 0
197 140 3 0
140 3 197 0
3 197 33 0
197 33 197 0
33 197 221 0
197 221 78 0
221 78 221 0
78 221 221 0
221 221 221 0
221 221 33 0
221 33 197 0
33 197 140 0
197 140 3 0
140 3 197 0
3 197 33 0
197 33 197 0
33 197 221 0
197 221 78 0
221 78 78 0
78 78 221 0
78 221 221 0
221 221 221 0
221 221 33 0
221 33 197 0
33 197 140 0
197 140 3 0
140 3 197 0
3 197 33 0
197 33 197 0
33 197 221 0
197 221 78 0
221 78 78 0
78 78 221 0
78 221 221 0
221 221 221 0
221 221 33 0
221 33 197 0
33 197 140 0
197 140 3 0
140 3 197 0
3 197 33 0
197 33 197 0
33 197 221 0
197 221 78 0
221 78 78 0
78 78 221 0
78 221 221 0
221 221 221 0
221 221 33 0
221 33 197 0
33 197 140 0
197 140 3 0
140 3 197 0
3 197 33 0
197 33 197 0
33 197 221 0
197 221 78 0
221 78 102 0
78 102 6 0
102 6 102 0
6 102 102 0
102 102 102 0
102 102 102 0
102 102 168 0
102 168 102 0
168 102 102 0
102 102 102 0
102 102 102 0
102 102 13 0
102 13 102 0
13 102 78 0
102 78 168 0
78 168 102 0
168 102 102 0
102 102 78 0
102 78 78 0
78 78 42 0
78 42 160 0
42 160 159 0
160 159 120 0
159 120 168 0
120 168 240 0
168 240 3 0
240 3 6 0
3 6 6 0
6 6 78 0
6 78 78 0
78 78 168 0
78 168 102 0
168 102 78 0
102 78 168 0
78 168 102 0
168 102 102 0
102 102 78 0
102 78 78 0
78 78 168 0
78 168 102 0
168 102 78 0
102 78 168 0
78 168 102 0
168 102 102 0
102 102 102 0
102 102 102 0
102 102 6 0
102 6 78 0
6 78 4 0
78 4 78 0
4 78 265 0
78 265 240 0
265 240 78 0
240 78 265 0
78 265 240 0
265 240 240 0
240 240 240 0
240 240 240 0
240 240 78 0
240 78 240 0
78 240 78 0
240 78 265 0
78 265 240 0
265 240 240 0
240 240 78 0
240 78 265 0
78 265 240 0
265 240 78 0
240 78 240 0
78 240 196 0
240 196 78 0
196 78 265 0
78 265 240 0
265 240 240 0
240 240 196 0
240 196 240 0
196 240 78 0
240 78 265 0
78 265 240 0
265 240 240 0
240 240 240 0
240 240 196 0
240 196 78 0
196 78 265 0
78 265 240 0
265 240 240 0
240 240 240 0
240 240 196 0
240 196 78 0
196 78 265 0
78 265 240 0
265 240 240 0
240 240 240 0
240 240 196 0
240 196 78 0
196 78 265 0
78 265 240 0
265 240 240 0
240 240 240 0
240 240 196 0
240 196 240 0
196 240 240 0
240 240 78 0
240 78 265 0
78 265 240 0
265 240 240 0
240 240 78 0
240 78 240 0
78 240 4 0
240 4 240 0
4 240 33 0
240 33 33 0
33 33 195 0
33 195 221 0
195 221 120 0
221 120 168 0
120 168 3 0
168 3 6 0
3 6 6 0
6 6 78 0
6 78 102 0
78 102 221 0
102 221 221 0
221 221 42 0
221 42 221 0
42 221 221 0
221 221 221 0
221 221 221 0
221 221 102 0
221 102 78 0
102 78 168 0
78 168 102 0
168 102 78 0
102 78 168 0
78 168 102 0
168 102 78 0
102 78 168 0
78 168 102 0
168 102 78 0
102 78 168 0
78 168 102 0
168 102 4 0
102 4 240 0
4 240 240 0
240 240 240 0
240 240 78 0
240 78 168 0
78 168 102 0
168 102 78 0
102 78 168 0
78 168 102 0
168 102 102 0
102 102 6 0
102 6 240 0
6 240 240 0
240 240 6 0
240 6 240 0
6 240 240 0
240 240 6 0
240 6 13 0
6 13 78 0
13 78 4 0
78 4 78 0
4 78 265 0
78 265 240 0
265 240 78 0
240 78 265 0
78 265 240 0
265 240 240 0
240 240 240 0
240 240 240 0
240 240 78 0
240 78 240 0
78 240 195 0
240 195 3 0
195 3 168 0
3 168 3 0
168 3 6 0
3 6 6 0
6 6 78 0
6 78 102 0
78 102 221 0
102 221 221 0
221 221 42 0
221 42 221 0
42 221 221 0
221 221 221 0
221 221 221 0
221 221 102 0
221 102 78 0
102 78 168 0
78 168 102 0
168 102 78 0
102 78 168 0
78 168 102 0
168 102 78 0
102 78 168 0
78 168 102 0
168 102 78 0
102 78 168 0
78 168 102 0
168 102 4 0
102 4 240 0
4 240 240 0
240 240 240 0
240 240 78 0
240 78 168 0
78 168 102 0
168 102 78 0
102 78 168 0
78 168 102 0
168 102 102 0
102 102 6 0
102 6 240 0
6 240 240 0
240 240 6 0
240 6 240 0
6 240 240 0
240 240 6 0
240 6 13 0
6 13 78 0
13 78 4 0
78 4 78 0
4 78 265 0
78 265 240 0
265 240 240 0
240 240 78 0
240 78 265 0
78 265 240 0
265 240 78 0
240 78 240 0
78 240 78 0
240 78 219 0
new
174 174 174 0
174 174 174 0
174 174 174 0
174 174 174 0
174 174 221 0
174 221 221 0
221 221 221 0
221 221 221 0
221 221 221 0
221 221 221 0
221 221 221 0
221 221 221 0
221 221 221 0
221 221 221 0
221 221 221 0
221 221 221 0
221 221 221 0
221 221 221 0
221 221 221 0
221 221 221 0
221 221 221 0
221 221 221 0
221 221 221 0
221 221 221 0
221 221 221 0
221 221 221 0
221 221 221 0
221 221 221 0
221 221 221 0
221 221 221 0
221 221 221 0
221 221 221 0
221 221 221 0
221 221 221 0
221 221 221 0
221 221 221 0
221 221 221 0
221 221 221 0
221 221 221 0
221 221 221 0
221 221 221 0
221 221 63 0
221 63 221 0
63 221 221 0
221 221 221 0
221 221 11 0
221 11 45 0
11 45 33 0
45 33 192 0
33 192 33 0
192 33 5 0
33 5 197 0
5 197 192 0
197 192 6 0
192 6 33 0
6 33 5 0
33 5 3 0
5 3 197 0
3 197 192 0
197 192 192 0
192 192 192 0
192 192 6 0
192 6 192 0
6 192 243 0
192 243 125 0
243 125 125 0
125 125 125 0
125 125 91 0
125 91 20 0
91 20 174 0
20 174 201 0
174 201 45 0
201 45 45 0
45 45 64 0
45 64 195 0
64 195 195 0
195 195 174 0
195 174 174 0
174 174 174 0
174 174 174 0
174 174 174 0
174 174 174 0
174 174 120 0
174 120 114 0
new
174 5 220 0
5 220 11 0
220 11 45 0
11 45 33 0
45 33 192 0
33 192 6 0
192 6 192 0
6 192 6 0
192 6 6 0
6 6 33 0
6 33 6 0
33 6 6 0
6 6 5 0
6 5 192 0
5 192 5 0
192 5 6 0
5 6 5 0
6 5 192 0
5 192 6 0
192 6 6 0
6 6 33 0
6 33 6 0
33 6 5 0
6 5 6 0
5 6 6 0
6 6 33 0
6 33 192 0
33 192 6 0
192 6 6 0
6 6 33 0
6 33 6 0
33 6 3 0
6 3 192 0
3 192 192 0
192 192 6 0
192 6 6 0
6 6 6 0
6 6 197 0
6 197 6 0
197 6 5 0
6 5 6 0
5 6 6 0
6 6 33 0
6 33 6 0
33 6 3 0
6 3 6 0
3 6 192 0
6 192 6 0
192 6 3 0
6 3 6 0
3 6 6 0
6 6 6 0
6 6 33 0
6 33 6 0
33 6 5 0
6 5 6 0
5 6 6 0
6 6 33 0
6 33 6 0
33 6 33 0
6 33 6 0
33 6 192 0
6 192 33 0
192 33 192 0
33 192 6 0
192 6 192 0
6 192 6 0
192 6 33 0
6 33 6 0
33 6 33 0
6 33 6 0
33 6 33 0
6 33 6 0
33 6 192 0
6 192 6 0
192 6 192 0
6 192 192 0
192 192 192 0
192 192 192 0
192 192 243 0
192 243 125 0
243 125 125 0
125 125 125 0
125 125 125 0
125 125 125 0
125 125 192 0
125 192 125 0
192 125 125 0
125 125 125 0
125 125 125 0
125 125 125 0
125 125 125 0
125 125 125 0
125 125 125 0
125 125 125 0
125 125 125 0
125 125 125 0
125 125 125 0
125 125 125 0
125 125 125 0
125 125 125 0
125 125 125 0
125 125 125 0
125 125 125 0
125 125 125 0
125 125 125 0
125 125 174 0
125 174 122 0
174 122 268 0
122 268 45 0
268 45 5 0
45 5 3 0
5 3 155 0
3 155 157 0
155 157 5 0
157 5 5 0
5 5 3 0
5 3 5 0
3 5 197 0
5 197 3 0
197 3 5 0
3 5 3 0
5 3 3 0
3 3 3 0
3 3 3 0
3 3 3 0
3 3 3 0
3 3 5 0
3 5 3 0
5 3 3 0
3 3 3 0
3 3 3 0
3 3 3 0
3 3 3 0
3 3 192 0
3 192 3 0
192 3 3 0
3 3 174 0
3 174 33 0
174 33 6 0
33 6 5 0
6 5 6 0
5 6 6 0
6 6 125 0
6 125 5 0
125 5 125 0
5 125 33 0
125 33 33 0
33 33 6 0
33 6 3 0
6 3 6 0
3 6 192 0
6 192 6 0
192 6 33 0
6 33 5 0
33 5 6 0
5 6 33 0
6 33 192 0
33 192 6 0
192 6 192 0
6 192 6 0
192 6 33 0
6 33 6 0
33 6 33 0
6 33 192 0
33 192 6 0
192 6 125 0
6 125 125 0
125 125 125 0
125 125 102 0
125 102 102 0
102 102 197 0
102 197 6 0
197 6 221 0
6 221 146 0
221 146 3 0
146 3 3 0
3 3 168 0
3 168 3 0
168 3 168 0
3 168 146 0
168 146 3 0
146 3 146 0
3 146 3 0
146 3 168 0
3 168 168 0
168 168 146 0
168 146 3 0
146 3 146 0
3 146 168 0
146 168 146 0
168 146 3 0
146 3 146 0
3 146 3 0
146 3 168 0
3 168 146 0
168 146 168 0
146 168 146 0
168 146 168 0
146 168 168 0
168 168 168 0
168 168 3 0
168 3 122 0
3 122 146 0
122 146 146 0
146 146 146 0
146 146 146 0
146 146 3 0
146 3 146 0
3 146 3 0
146 3 146 0
3 146 168 0
146 168 146 0
168 146 168 0
146 168 146 0
168 146 168 0
146 168 168 0
168 168 331 0
168 331 168 0
331 168 146 0
168 146 168 0
146 168 3 0
168 3 168 0
3 168 168 0
168 168 196 0
168 196 33 0
196 33 3 0
33 3 33 0
3 33 33 0
33 33 195 0
33 195 6 0
195 6 125 0
6 125 3 0
125 3 3 0
3 3 3 0
3 3 3 0
3 3 45 0
3 45 45 0
45 45 33 0
45 33 5 0
33 5 3 0
5 3 3 0
3 3 6 0
3 6 3 0
6 3 33 0
3 33 6 0
33 6 125 0
6 125 33 0
125 33 33 0
33 33 33 0
33 33 3 0
33 3 3 0
3 3 3 0
3 3 33 0
3 33 33 0
33 33 5 0
33 5 168 0
5 168 146 0
168 146 168 0
146 168 3 0
168 3 3 0
3 3 3 0
3 3 168 0
3 168 3 0
168 3 45 0
3 45 168 0
45 168 168 0
168 168 3 0
168 3 3 0
3 3 168 0
3 168 45 0
168 45 201 0
45 201 3 0
201 3 3 0
3 3 3 0
3 3 3 0
3 3 3 0
3 3 3 0
3 3 3 0
3 3 3 0
3 3 3 0
3 3 3 0
3 3 3 0
3 3 45 0
3 45 3 0
45 3 3 0
3 3 3 0
3 3 6 0
3 6 240 0
6 240 5 0
240 5 197 0
5 197 5 0
197 5 6 0
5 6 192 0
6 192 125 0
192 125 125 0
125 125 125 0
125 125 168 0
125 168 146 0
168 146 4 0
new
