11 45 33 0
45 33 192 0
33 192 33 0
192 33 5 0
33 5 197 0
5 197 192 0
197 192 6 0
192 6 33 0
6 33 5 0
33 5 3 0
5 3 197 0
3 197 192 0
197 192 192 0
192 192 6 0
192 6 33 0
6 33 5 0
33 5 3 0
5 3 197 0
3 197 192 0
197 192 192 0
192 192 6 0
192 6 33 0
6 33 5 0
33 5 3 0
5 3 197 0
3 197 192 0
197 192 192 0
192 192 192 0
192 192 6 0
192 6 33 0
6 33 5 0
33 5 3 0
5 3 197 0
3 197 192 0
197 192 192 0
192 192 6 0
192 6 33 0
6 33 5 0
33 5 3 0
5 3 197 0
3 197 192 0
197 192 192 0
192 192 192 0
192 192 6 0
192 6 33 0
6 33 5 0
33 5 3 0
5 3 197 0
3 197 192 0
197 192 192 0
192 192 192 0
192 192 6 0
192 6 192 0
6 192 192 0
192 192 243 0
192 243 125 0
243 125 125 0
125 125 125 0
125 125 125 0
125 125 125 0
125 125 125 0
125 125 125 0
125 125 125 0
125 125 91 0
125 91 258 0
91 258 311 0
258 311 240 0
311 240 240 0
240 240 174 0
240 174 174 0
174 174 175 0
174 175 191 0
175 191 122 0
191 122 174 0
122 174 174 0
174 174 174 0
174 174 45 0
174 45 45 0
45 45 13 0
45 13 5 0
13 5 197 0
5 197 197 0
197 197 192 0
197 192 3 0
192 3 140 0
3 140 3 0
140 3 6 0
3 6 91 0
6 91 5 0
91 5 197 0
5 197 192 0
197 192 3 0
192 3 3 0
3 3 3 0
3 3 6 0
3 6 91 0
6 91 201 0
91 201 102 0
201 102 102 0
102 102 6 0
102 6 102 0
6 102 102 0
102 102 6 0
102 6 5 0
6 5 197 0
5 197 192 0
197 192 3 0
192 3 3 0
3 3 6 0
3 6 91 0
6 91 5 0
91 5 197 0
5 197 192 0
197 192 6 0
192 6 33 0
6 33 5 0
33 5 3 0
5 3 197 0
3 197 192 0
197 192 192 0
192 192 6 0
192 6 33 0
6 33 5 0
33 5 3 0
5 3 197 0
3 197 192 0
197 192 192 0
192 192 192 0
192 192 6 0
192 6 125 0
6 125 125 0
125 125 91 0
125 91 5 0
91 5 197 0
5 197 192 0
197 192 6 0
192 6 33 0
6 33 5 0
33 5 3 0
5 3 197 0
3 197 192 0
197 192 192 0
192 192 6 0
192 6 33 0
6 33 5 0
33 5 3 0
5 3 197 0
3 197 192 0
197 192 192 0
192 192 6 0
192 6 125 0
6 125 125 0
125 125 91 0
125 91 5 0
91 5 221 0
5 221 140 0
221 140 197 0
140 197 192 0
197 192 140 0
192 140 91 0
140 91 6 0
91 6 5 0
6 5 221 0
5 221 197 0
221 197 174 0
197 174 6 0
174 6 6 0
6 6 5 0
6 5 220 0
5 220 221 0
220 221 221 0
221 221 221 0
221 221 221 0
221 221 221 0
221 221 221 0
221 221 221 0
221 221 221 0
221 221 221 0
221 221 221 0
221 221 221 0
221 221 221 0
221 221 221 0
221 221 221 0
221 221 221 0
221 221 221 0
221 221 221 0
221 221 221 0
221 221 221 0
221 221 221 0
221 221 221 0
221 221 221 0
221 221 221 0
221 221 221 0
221 221 221 0
221 221 221 0
221 221 221 0
221 221 221 0
221 221 221 0
221 221 221 0
221 221 221 0
221 221 221 0
221 221 221 0
221 221 221 0
221 221 221 0
221 221 221 0
221 221 221 0
221 221 221 0
221 221 221 0
221 221 221 0
221 221 221 0
221 221 221 0
221 221 221 0
221 221 221 0
221 221 221 0
221 221 221 0
221 221 221 0
221 221 221 0
221 221 221 0
221 221 221 0
221 221 221 0
221 221 221 0
221 221 221 0
221 221 221 0
221 221 221 0
221 221 221 0
221 221 221 0
221 221 221 0
221 221 221 0
221 221 221 0
221 221 221 0
221 221 221 0
221 221 221 0
221 221 221 0
221 221 221 0
221 221 221 0
221 221 221 0
221 221 221 0
221 221 221 0
221 221 221 0
221 221 221 0
221 221 221 0
221 221 220 0
221 220 6 0
220 6 63 0
6 63 6 0
63 6 5 0
6 5 63 0
5 63 6 0
new
175 174 174 0
174 174 174 0
174 174 57 0
174 57 175 0
57 175 54 0
175 54 175 0
54 175 6 0
175 6 3 0
6 3 6 0
3 6 174 0
6 174 174 0
174 174 174 0
174 174 174 0
174 174 174 0
174 174 174 0
174 174 174 0
174 174 174 0
174 174 174 0
174 174 174 0
174 174 174 0
174 174 174 0
174 174 174 0
174 174 174 0
174 174 174 0
174 174 174 0
174 174 174 0
174 174 174 0
174 174 174 0
174 174 11 0
174 11 45 0
11 45 33 0
45 33 192 0
33 192 33 0
192 33 5 0
33 5 197 0
5 197 192 0
197 192 6 0
192 6 33 0
6 33 5 0
33 5 3 0
5 3 197 0
3 197 192 0
197 192 192 0
192 192 6 0
192 6 33 0
6 33 5 0
33 5 3 0
5 3 197 0
3 197 192 0
197 192 192 0
192 192 6 0
192 6 33 0
6 33 5 0
33 5 3 0
5 3 197 0
3 197 192 0
197 192 192 0
192 192 192 0
192 192 6 0
192 6 33 0
6 33 5 0
33 5 3 0
5 3 197 0
3 197 192 0
197 192 192 0
192 192 192 0
192 192 6 0
192 6 33 0
6 33 5 0
33 5 3 0
5 3 197 0
3 197 192 0
197 192 192 0
192 192 6 0
192 6 33 0
6 33 5 0
33 5 3 0
5 3 197 0
3 197 192 0
197 192 192 0
192 192 192 0
192 192 6 0
192 6 33 0
6 33 5 0
33 5 3 0
5 3 197 0
3 197 192 0
197 192 192 0
192 192 6 0
192 6 192 0
6 192 192 0
192 192 243 0
192 243 125 0
243 125 125 0
125 125 125 0
125 125 125 0
125 125 125 0
125 125 125 0
125 125 125 0
125 125 125 0
125 125 125 0
125 125 91 0
125 91 258 0
91 258 311 0
258 311 240 0
311 240 240 0
240 240 174 0
240 174 174 0
174 174 175 0
174 175 191 0
175 191 122 0
191 122 268 0
122 268 45 0
268 45 45 0
45 45 5 0
45 5 197 0
5 197 192 0
197 192 3 0
192 3 3 0
3 3 6 0
3 6 91 0
6 91 5 0
91 5 197 0
5 197 192 0
197 192 192 0
192 192 6 0
192 6 54 0
6 54 54 0
54 54 54 0
54 54 5 0
54 5 197 0
5 197 192 0
197 192 3 0
192 3 3 0
3 3 6 0
3 6 91 0
6 91 5 0
91 5 5 0
5 5 5 0
5 5 5 0
5 5 54 0
5 54 174 0
54 174 174 0
174 174 174 0
174 174 174 0
174 174 174 0
174 174 174 0
174 174 174 0
174 174 174 0
174 174 174 0
174 174 174 0
174 174 174 0
174 174 174 0
174 174 174 0
174 174 174 0
174 174 174 0
174 174 174 0
174 174 174 0
174 174 174 0
174 174 174 0
174 174 174 0
174 174 174 0
174 174 174 0
174 174 174 0
174 174 174 0
174 174 5 0
174 5 221 0
5 221 220 0
221 220 196 0
220 196 230 0
196 230 229 0
230 229 102 0
229 102 102 0
102 102 6 0
102 6 102 0
6 102 102 0
102 102 6 0
102 6 5 0
6 5 197 0
5 197 192 0
197 192 3 0
192 3 3 0
3 3 6 0
3 6 91 0
6 91 5 0
91 5 197 0
5 197 192 0
197 192 6 0
192 6 33 0
6 33 5 0
33 5 3 0
5 3 197 0
3 197 192 0
197 192 192 0
192 192 6 0
192 6 33 0
6 33 5 0
33 5 3 0
5 3 197 0
3 197 192 0
197 192 192 0
192 192 192 0
192 192 6 0
192 6 125 0
6 125 125 0
125 125 91 0
125 91 5 0
91 5 197 0
5 197 192 0
197 192 6 0
192 6 33 0
6 33 5 0
33 5 3 0
5 3 197 0
3 197 192 0
197 192 192 0
192 192 6 0
192 6 33 0
6 33 5 0
33 5 3 0
5 3 197 0
3 197 196 0
197 196 229 0
196 229 196 0
229 196 196 0
196 196 229 0
196 229 196 0
229 196 230 0
196 230 229 0
230 229 196 0
229 196 230 0
196 230 196 0
230 196 196 0
196 196 230 0
196 230 230 0
230 230 230 0
230 230 196 0
230 196 196 0
196 196 230 0
196 230 196 0
230 196 229 0
196 229 230 0
229 230 229 0
230 229 196 0
229 196 196 0
196 196 5 0
196 5 5 0
5 5 5 0
5 5 5 0
5 5 5 0
5 5 6 0
5 6 265 0
6 265 195 0
265 195 195 0
195 195 4 0
195 4 4 0
4 4 4 0
4 4 4 0
4 4 195 0
4 195 195 0
195 195 195 0
195 195 195 0
195 195 4 0
195 4 4 0
4 4 4 0
4 4 4 0
4 4 4 0
4 4 4 0
4 4 4 0
4 4 195 0
4 195 4 0
195 4 195 0
4 195 195 0
195 195 4 0
195 4 195 0
4 195 195 0
195 195 195 0
195 195 4 0
195 4 195 0
4 195 4 0
195 4 195 0
4 195 195 0
195 195 4 0
new
174 6 6 0
6 6 5 0
6 5 220 0
5 220 221 0
220 221 221 0
221 221 221 0
221 221 221 0
221 221 221 0
221 221 221 0
221 221 221 0
221 221 221 0
221 221 221 0
221 221 221 0
221 221 221 0
221 221 221 0
221 221 221 0
221 221 221 0
221 221 221 0
221 221 221 0
221 221 221 0
221 221 221 0
221 221 221 0
221 221 221 0
221 221 221 0
221 221 221 0
221 221 221 0
221 221 221 0
221 221 221 0
221 221 221 0
221 221 221 0
221 221 221 0
221 221 221 0
221 221 221 0
221 221 221 0
221 221 221 0
221 221 221 0
221 221 221 0
221 221 221 0
221 221 221 0
221 221 221 0
221 221 221 0
221 221 221 0
221 221 221 0
221 221 221 0
221 221 221 0
221 221 221 0
221 221 221 0
221 221 221 0
221 221 221 0
221 221 221 0
221 221 221 0
221 221 221 0
221 221 221 0
221 221 221 0
221 221 221 0
221 221 221 0
221 221 221 0
221 221 221 0
221 221 221 0
221 221 221 0
221 221 221 0
221 221 221 0
221 221 221 0
221 221 221 0
221 221 221 0
221 221 220 0
221 220 6 0
220 6 63 0
6 63 6 0
63 6 5 0
6 5 63 0
5 63 6 0
63 6 11 0
6 11 45 0
11 45 33 0
45 33 192 0
33 192 33 0
192 33 5 0
33 5 197 0
5 197 192 0
197 192 6 0
192 6 33 0
6 33 5 0
33 5 3 0
5 3 197 0
3 197 192 0
197 192 192 0
192 192 6 0
192 6 33 0
6 33 5 0
33 5 3 0
5 3 197 0
3 197 192 0
197 192 192 0
192 192 6 0
192 6 33 0
6 33 5 0
33 5 3 0
5 3 197 0
3 197 192 0
197 192 192 0
192 192 192 0
192 192 6 0
192 6 33 0
6 33 5 0
33 5 3 0
5 3 197 0
3 197 192 0
197 192 192 0
192 192 6 0
192 6 33 0
6 33 5 0
33 5 3 0
5 3 197 0
3 197 192 0
197 192 192 0
192 192 192 0
192 192 6 0
192 6 33 0
6 33 5 0
33 5 3 0
5 3 197 0
3 197 192 0
197 192 192 0
192 192 192 0
192 192 6 0
192 6 192 0
6 192 192 0
192 192 243 0
192 243 125 0
243 125 125 0
125 125 125 0
125 125 125 0
125 125 125 0
125 125 125 0
125 125 125 0
125 125 125 0
125 125 174 0
125 174 174 0
174 174 5 0
174 5 3 0
5 3 3 0
3 3 5 0
3 5 5 0
5 5 91 0
5 91 195 0
91 195 5 0
195 5 3 0
5 3 195 0
3 195 220 0
195 220 3 0
220 3 5 0
3 5 5 0
5 5 3 0
5 3 3 0
3 3 3 0
3 3 3 0
3 3 3 0
3 3 3 0
3 3 3 0
3 3 3 0
3 3 3 0
3 3 3 0
3 3 3 0
3 3 3 0
3 3 6 0
3 6 91 0
6 91 240 0
91 240 5 0
240 5 6 0
5 6 3 0
6 3 3 0
3 3 180 0
3 180 6 0
180 6 91 0
new
311 240 240 0
240 240 78 0
240 78 240 0
78 240 265 0
240 265 240 0
265 240 240 0
240 240 240 0
240 240 196 0
240 196 78 0
196 78 265 0
78 265 240 0
265 240 240 0
240 240 196 0
240 196 240 0
196 240 78 0
240 78 240 0
78 240 265 0
240 265 240 0
265 240 240 0
240 240 240 0
240 240 265 0
240 265 240 0
265 240 240 0
240 240 240 0
240 240 265 0
240 265 240 0
265 240 240 0
240 240 196 0
240 196 78 0
196 78 240 0
78 240 265 0
240 265 240 0
265 240 240 0
240 240 265 0
240 265 240 0
265 240 240 0
240 240 240 0
240 240 265 0
240 265 240 0
265 240 240 0
240 240 240 0
240 240 196 0
240 196 78 0
196 78 265 0
78 265 240 0
265 240 240 0
240 240 196 0
240 196 78 0
196 78 265 0
78 265 240 0
265 240 240 0
240 240 196 0
240 196 240 0
196 240 240 0
240 240 240 0
240 240 240 0
240 240 78 0
240 78 265 0
78 265 240 0
265 240 240 0
240 240 240 0
240 240 196 0
240 196 240 0
196 240 78 0
240 78 240 0
78 240 265 0
240 265 240 0
265 240 240 0
240 240 196 0
240 196 78 0
196 78 265 0
78 265 240 0
265 240 240 0
240 240 196 0
240 196 78 0
196 78 196 0
78 196 78 0
196 78 240 0
78 240 265 0
240 265 240 0
265 240 240 0
240 240 240 0
240 240 196 0
240 196 240 0
196 240 240 0
240 240 78 0
240 78 265 0
78 265 240 0
265 240 240 0
240 240 265 0
240 265 240 0
265 240 240 0
240 240 240 0
240 240 265 0
240 265 240 0
265 240 240 0
240 240 240 0
240 240 78 0
240 78 265 0
78 265 240 0
265 240 240 0
240 240 78 0
240 78 219 0
new
240 311 240 0
311 240 240 0
240 240 78 0
240 78 240 0
78 240 196 0
240 196 78 0
196 78 265 0
78 265 240 0
265 240 240 0
240 240 196 0
240 196 78 0
196 78 265 0
78 265 240 0
265 240 240 0
240 240 240 0
240 240 196 0
240 196 240 0
196 240 78 0
240 78 240 0
78 240 265 0
240 265 240 0
265 240 240 0
240 240 240 0
240 240 196 0
240 196 78 0
196 78 265 0
78 265 240 0
265 240 240 0
240 240 196 0
240 196 240 0
196 240 240 0
240 240 78 0
240 78 265 0
78 265 240 0
265 240 240 0
240 240 196 0
240 196 240 0
196 240 240 0
240 240 78 0
240 78 265 0
78 265 240 0
265 240 240 0
240 240 196 0
240 196 240 0
196 240 78 0
240 78 265 0
78 265 240 0
265 240 240 0
240 240 196 0
240 196 240 0
196 240 240 0
240 240 240 0
240 240 78 0
240 78 240 0
78 240 265 0
240 265 240 0
265 240 240 0
240 240 196 0
240 196 78 0
196 78 265 0
78 265 240 0
265 240 240 0
240 240 196 0
240 196 240 0
196 240 78 0
240 78 240 0
78 240 196 0
240 196 78 0
196 78 265 0
78 265 240 0
265 240 240 0
240 240 240 0
240 240 265 0
240 265 240 0
265 240 240 0
240 240 240 0
240 240 196 0
240 196 78 0
196 78 265 0
78 265 240 0
265 240 240 0
240 240 240 0
240 240 240 0
240 240 265 0
240 265 240 0
265 240 240 0
240 240 240 0
240 240 196 0
240 196 78 0
196 78 265 0
78 265 240 0
265 240 240 0
240 240 240 0
240 240 196 0
240 196 78 0
196 78 265 0
78 265 240 0
265 240 240 0
240 240 240 0
240 240 196 0
240 196 78 0
196 78 265 0
78 265 240 0
265 240 240 0
240 240 196 0
240 196 78 0
196 78 265 0
78 265 240 0
265 240 240 0
240 240 240 0
240 240 196 0
240 196 240 0
196 240 240 0
240 240 240 0
240 240 240 0
240 240 78 0
240 78 265 0
78 265 240 0
265 240 240 0
240 240 240 0
240 240 196 0
240 196 240 0
196 240 78 0
240 78 240 0
78 240 265 0
240 265 240 0
265 240 240 0
240 240 196 0
240 196 78 0
196 78 265 0
78 265 240 0
265 240 240 0
240 240 240 0
240 240 196 0
240 196 240 0
196 240 240 0
240 240 240 0
240 240 78 0
240 78 265 0
78 265 240 0
265 240 240 0
240 240 265 0
240 265 240 0
265 240 240 0
240 240 240 0
240 240 240 0
240 240 196 0
240 196 240 0
196 240 78 0
240 78 240 0
78 240 265 0
240 265 240 0
265 240 240 0
240 240 240 0
240 240 265 0
240 265 240 0
265 240 240 0
240 240 240 0
240 240 196 0
240 196 78 0
196 78 265 0
78 265 240 0
265 240 240 0
240 240 240 0
240 240 196 0
240 196 78 0
196 78 265 0
78 265 240 0
265 240 240 0
240 240 240 0
240 240 196 0
240 196 78 0
196 78 265 0
78 265 240 0
265 240 240 0
240 240 240 0
240 240 265 0
240 265 240 0
265 240 240 0
240 240 240 0
240 240 196 0
240 196 78 0
196 78 265 0
78 265 240 0
265 240 240 0
240 240 240 0
240 240 196 0
240 196 78 0
196 78 265 0
78 265 240 0
265 240 240 0
240 240 240 0
240 240 196 0
240 196 78 0
196 78 265 0
78 265 240 0
265 240 240 0
240 240 240 0
240 240 196 0
240 196 78 0
196 78 265 0
78 265 240 0
265 240 240 0
240 240 240 0
240 240 196 0
240 196 78 0
196 78 265 0
78 265 240 0
265 240 240 0
240 240 240 0
240 240 196 0
240 196 78 0
196 78 265 0
78 265 240 0
265 240 240 0
240 240 240 0
240 240 196 0
240 196 78 0
196 78 265 0
78 265 240 0
265 240 240 0
240 240 240 0
240 240 240 0
240 240 196 0
240 196 78 0
196 78 265 0
78 265 240 0
265 240 240 0
240 240 240 0
240 240 196 0
240 196 78 0
196 78 265 0
78 265 240 0
265 240 240 0
240 240 240 0
240 240 196 0
240 196 78 0
196 78 265 0
78 265 240 0
265 240 240 0
240 240 240 0
240 240 196 0
240 196 78 0
196 78 265 0
78 265 240 0
265 240 240 0
240 240 240 0
240 240 196 0
240 196 78 0
196 78 265 0
78 265 240 0
265 240 240 0
240 240 240 0
240 240 196 0
240 196 78 0
196 78 265 0
78 265 240 0
265 240 240 0
240 240 240 0
240 240 196 0
240 196 78 0
196 78 265 0
78 265 240 0
265 240 240 0
240 240 240 0
240 240 240 0
240 240 240 0
240 240 240 0
240 240 240 0
240 240 219 0
new
6 11 45 0
11 45 33 0
45 33 192 0
33 192 33 0
192 33 5 0
33 5 197 0
5 197 192 0
197 192 6 0
192 6 33 0
6 33 5 0
33 5 3 0
5 3 197 0
3 197 192 0
197 192 192 0
192 192 6 0
192 6 33 0
6 33 5 0
33 5 3 0
5 3 197 0
3 197 192 0
197 192 192 0
192 192 6 0
192 6 33 0
6 33 5 0
33 5 3 0
5 3 197 0
3 197 192 0
197 192 192 0
192 192 192 0
192 192 6 0
192 6 33 0
6 33 5 0
33 5 3 0
5 3 197 0
3 197 192 0
197 192 192 0
192 192 6 0
192 6 33 0
6 33 5 0
33 5 3 0
5 3 197 0
3 197 192 0
197 192 192 0
192 192 192 0
192 192 6 0
192 6 33 0
6 33 5 0
33 5 3 0
5 3 197 0
3 197 192 0
197 192 192 0
192 192 6 0
192 6 33 0
6 33 5 0
33 5 3 0
5 3 197 0
3 197 192 0
197 192 192 0
192 192 192 0
192 192 6 0
192 6 192 0
6 192 192 0
192 192 243 0
192 243 125 0
243 125 125 0
125 125 125 0
125 125 125 0
125 125 125 0
125 125 125 0
125 125 125 0
125 125 125 0
125 125 125 0
125 125 91 0
125 91 258 0
91 258 311 0
258 311 240 0
311 240 240 0
240 240 174 0
240 174 174 0
174 174 175 0
174 175 191 0
175 191 122 0
191 122 268 0
122 268 45 0
268 45 45 0
45 45 5 0
45 5 197 0
5 197 192 0
197 192 3 0
192 3 3 0
3 3 6 0
3 6 91 0
6 91 5 0
91 5 197 0
5 197 192 0
197 192 3 0
192 3 3 0
3 3 6 0
3 6 91 0
6 91 201 0
91 201 54 0
201 54 195 0
54 195 196 0
195 196 196 0
196 196 38 0
196 38 6 0
38 6 6 0
6 6 6 0
new
175 174 174 0
174 174 174 0
174 174 57 0
174 57 175 0
57 175 54 0
175 54 175 0
54 175 6 0
175 6 3 0
6 3 6 0
3 6 174 0
6 174 174 0
174 174 174 0
174 174 174 0
174 174 174 0
174 174 174 0
174 174 174 0
174 174 174 0
174 174 174 0
174 174 174 0
174 174 174 0
174 174 174 0
174 174 174 0
174 174 174 0
174 174 174 0
174 174 174 0
174 174 174 0
174 174 174 0
174 174 174 0
174 174 11 0
174 11 45 0
11 45 33 0
45 33 192 0
33 192 33 0
192 33 5 0
33 5 197 0
5 197 192 0
197 192 6 0
192 6 33 0
6 33 5 0
33 5 3 0
5 3 197 0
3 197 192 0
197 192 192 0
192 192 6 0
192 6 33 0
6 33 5 0
33 5 3 0
5 3 197 0
3 197 192 0
197 192 192 0
192 192 6 0
192 6 33 0
6 33 5 0
33 5 3 0
5 3 197 0
3 197 192 0
197 192 192 0
192 192 192 0
192 192 192 0
192 192 6 0
192 6 33 0
6 33 5 0
33 5 3 0
5 3 197 0
3 197 192 0
197 192 192 0
192 192 6 0
192 6 33 0
6 33 5 0
33 5 3 0
5 3 197 0
3 197 192 0
197 192 192 0
192 192 6 0
192 6 33 0
6 33 5 0
33 5 3 0
5 3 197 0
3 197 192 0
197 192 192 0
192 192 192 0
192 192 6 0
192 6 33 0
6 33 5 0
33 5 3 0
5 3 197 0
3 197 192 0
197 192 192 0
192 192 6 0
192 6 33 0
6 33 5 0
33 5 3 0
5 3 197 0
3 197 192 0
197 192 192 0
192 192 192 0
192 192 6 0
192 6 192 0
6 192 243 0
192 243 125 0
243 125 125 0
125 125 125 0
125 125 125 0
125 125 125 0
125 125 192 0
125 192 125 0
192 125 125 0
125 125 125 0
125 125 125 0
125 125 125 0
125 125 91 0
125 91 45 0
91 45 45 0
45 45 5 0
45 5 5 0
5 5 197 0
5 197 192 0
197 192 192 0
192 192 6 0
192 6 195 0
6 195 195 0
195 195 195 0
195 195 5 0
195 5 5 0
5 5 197 0
5 197 192 0
197 192 3 0
192 3 3 0
3 3 3 0
3 3 3 0
3 3 3 0
3 3 3 0
3 3 3 0
3 3 3 0
3 3 3 0
3 3 3 0
3 3 3 0
3 3 3 0
3 3 3 0
3 3 3 0
3 3 3 0
3 3 6 0
3 6 91 0
6 91 5 0
91 5 221 0
5 221 45 0
221 45 141 0
45 141 141 0
141 141 45 0
141 45 6 0
45 6 5 0
6 5 3 0
5 3 3 0
3 3 6 0
3 6 5 0
6 5 3 0
5 3 3 0
3 3 6 0
3 6 5 0
6 5 3 0
5 3 3 0
3 3 6 0
3 6 5 0
6 5 3 0
5 3 3 0
3 3 6 0
3 6 5 0
6 5 3 0
5 3 3 0
3 3 6 0
3 6 5 0
6 5 3 0
5 3 3 0
3 3 6 0
3 6 5 0
6 5 3 0
5 3 3 0
3 3 6 0
3 6 5 0
6 5 3 0
5 3 3 0
3 3 6 0
3 6 5 0
6 5 3 0
5 3 3 0
3 3 6 0
3 6 5 0
6 5 3 0
5 3 3 0
3 3 6 0
3 6 5 0
6 5 3 0
5 3 3 0
3 3 6 0
3 6 195 0
6 195 195 0
195 195 195 0
195 195 195 0
195 195 199 0
195 199 54 0
199 54 174 0
54 174 174 0
174 174 54 0
174 54 5 0
54 5 221 0
5 221 221 0
221 221 5 0
221 5 141 0
5 141 141 0
141 141 6 0
141 6 195 0
6 195 5 0
195 5 3 0
5 3 331 0
3 331 120 0
331 120 6 0
120 6 221 0
6 221 197 0
221 197 192 0
197 192 7 0
192 7 3 0
7 3 195 0
3 195 5 0
195 5 195 0
5 195 141 0
195 141 141 0
141 141 195 0
141 195 195 0
195 195 195 0
195 195 195 0
195 195 195 0
195 195 195 0
195 195 197 0
195 197 120 0
197 120 7 0
120 7 91 0
7 91 192 0
91 192 195 0
192 195 195 0
195 195 195 0
195 195 5 0
195 5 141 0
5 141 141 0
141 141 6 0
141 6 192 0
6 192 192 0
192 192 4 0
192 4 4 0
4 4 78 0
4 78 78 0
78 78 78 0
78 78 78 0
78 78 78 0
78 78 78 0
78 78 78 0
78 78 78 0
78 78 78 0
78 78 78 0
78 78 78 0
78 78 78 0
78 78 78 0
78 78 78 0
78 78 78 0
78 78 78 0
78 78 78 0
78 78 78 0
78 78 78 0
78 78 78 0
78 78 78 0
78 78 78 0
78 78 78 0
78 78 78 0
78 78 78 0
78 78 78 0
78 78 78 0
78 78 78 0
78 78 78 0
78 78 78 0
78 78 78 0
78 78 78 0
78 78 78 0
78 78 78 0
78 78 78 0
78 78 78 0
78 78 78 0
78 78 78 0
78 78 78 0
78 78 78 0
78 78 78 0
78 78 78 0
78 78 78 0
78 78 78 0
78 78 78 0
78 78 78 0
78 78 78 0
78 78 78 0
78 78 78 0
78 78 78 0
78 78 4 0
78 4 4 0
4 4 78 0
4 78 78 0
78 78 78 0
78 78 78 0
78 78 78 0
78 78 78 0
78 78 78 0
78 78 78 0
78 78 78 0
78 78 78 0
78 78 78 0
78 78 78 0
78 78 78 0
78 78 78 0
78 78 78 0
78 78 78 0
78 78 78 0
78 78 78 0
78 78 78 0
78 78 78 0
78 78 78 0
78 78 78 0
78 78 78 0
78 78 78 0
78 78 78 0
78 78 78 0
78 78 78 0
78 78 78 0
78 78 78 0
78 78 78 0
78 78 78 0
78 78 78 0
78 78 78 0
78 78 78 0
78 78 78 0
78 78 78 0
78 78 78 0
78 78 78 0
78 78 78 0
78 78 78 0
78 78 78 0
78 78 78 0
78 78 78 0
78 78 78 0
78 78 78 0
78 78 78 0
78 78 78 0
78 78 78 0
78 78 78 0
78 78 78 0
78 78 78 0
78 78 195 0
78 195 5 0
195 5 221 0
5 221 197 0
221 197 4 0
197 4 4 0
4 4 4 0
4 4 3 0
4 3 3 0
3 3 4 0
3 4 78 0
4 78 78 0
78 78 78 0
78 78 78 0
78 78 78 0
78 78 78 0
78 78 78 0
78 78 78 0
78 78 78 0
78 78 78 0
78 78 78 0
78 78 78 0
78 78 78 0
78 78 78 0
78 78 78 0
78 78 78 0
78 78 78 0
78 78 78 0
78 78 78 0
78 78 78 0
78 78 78 0
78 78 78 0
78 78 78 0
78 78 78 0
78 78 78 0
78 78 78 0
78 78 78 0
78 78 78 0
78 78 78 0
78 78 78 0
78 78 78 0
78 78 78 0
78 78 78 0
78 78 78 0
78 78 78 0
78 78 78 0
78 78 78 0
78 78 78 0
78 78 78 0
78 78 78 0
78 78 78 0
78 78 78 0
78 78 78 0
78 78 78 0
78 78 78 0
78 78 78 0
78 78 78 0
78 78 78 0
78 78 6 0
78 6 4 0
6 4 4 0
4 4 192 0
4 192 5 0
192 5 197 0
5 197 192 0
197 192 3 0
192 3 6 0
3 6 91 0
6 91 192 0
91 192 91 0
192 91 45 0
91 45 91 0
45 91 91 0
91 91 91 0
91 91 91 0
91 91 144 0
91 144 91 0
144 91 6 0
91 6 4 0
6 4 4 0
4 4 4 0
4 4 4 0
4 4 6 0
new
