4 4 4 0
4 4 4 0
4 4 4 0
4 4 4 0
4 4 4 0
4 4 4 0
4 4 4 0
4 4 4 0
4 4 4 0
4 4 4 0
4 4 4 0
4 4 4 0
4 4 4 0
4 4 4 0
4 4 4 0
4 4 4 0
4 4 4 0
4 4 4 0
4 4 4 0
4 4 4 0
4 4 4 0
4 4 4 0
4 4 4 0
4 4 4 0
4 4 4 0
4 4 4 0
4 4 4 0
4 4 4 0
4 4 4 0
4 4 4 0
4 4 4 0
4 4 4 0
4 4 4 0
4 4 4 0
4 4 4 0
4 4 4 0
4 4 4 0
4 4 4 0
4 4 4 0
4 4 4 0
4 4 4 0
4 4 4 0
4 4 4 0
4 4 4 0
4 4 4 0
4 4 4 0
4 4 4 0
4 4 4 0
4 4 4 0
4 4 4 0
4 4 4 0
4 4 4 0
4 4 4 0
4 4 4 0
4 4 4 0
4 4 4 0
4 4 4 0
4 4 4 0
4 4 4 0
4 4 4 0
4 4 4 0
4 4 4 0
4 4 4 0
4 4 4 0
4 4 4 0
4 4 4 0
4 4 4 0
4 4 4 0
4 4 4 0
4 4 4 0
4 4 4 0
4 4 4 0
4 4 4 0
4 4 4 0
4 4 4 0
4 4 4 0
4 4 4 0
4 4 4 0
4 4 4 0
4 4 4 0
4 4 4 0
4 4 4 0
4 4 4 0
4 4 4 0
4 4 4 0
4 4 4 0
4 4 4 0
4 4 4 0
4 4 4 0
4 4 4 0
4 4 4 0
4 4 4 0
4 4 4 0
4 4 4 0
4 4 4 0
4 4 4 0
4 4 4 0
4 4 38 0
4 38 6 0
38 6 11 0
6 11 45 0
11 45 33 0
45 33 5 0
33 5 125 0
5 125 45 0
125 45 3 0
45 3 3 0
3 3 11 0
3 11 199 0
11 199 201 0
199 201 200 0
201 200 5 0
200 5 5 0
5 5 3 0
5 3 13 0
3 13 85 0
13 85 195 0
85 195 45 0
195 45 3 0
45 3 195 0
3 195 195 0
195 195 195 0
195 195 5 0
195 5 3 0
5 3 3 0
3 3 195 0
3 195 195 0
195 195 3 0
195 3 3 0
3 3 6 0
3 6 3 0
6 3 3 0
3 3 3 0
3 3 45 0
3 45 3 0
45 3 3 0
3 3 6 0
3 6 140 0
6 140 140 0
140 140 6 0
140 6 3 0
6 3 140 0
3 140 140 0
140 140 6 0
140 6 3 0
6 3 140 0
3 140 140 0
140 140 6 0
140 6 195 0
6 195 3 0
195 3 6 0
3 6 195 0
6 195 195 0
195 195 195 0
195 195 45 0
195 45 140 0
45 140 140 0
140 140 6 0
140 6 125 0
6 125 3 0
125 3 6 0
3 6 195 0
6 195 195 0
195 195 195 0
195 195 195 0
195 195 3 0
195 3 195 0
3 195 3 0
195 3 3 0
3 3 3 0
3 3 6 0
3 6 125 0
6 125 45 0
125 45 195 0
45 195 5 0
195 5 197 0
5 197 192 0
197 192 3 0
192 3 3 0
3 3 195 0
3 195 3 0
195 3 3 0
3 3 6 0
3 6 195 0
6 195 195 0
195 195 195 0
195 195 195 0
195 195 54 0
195 54 3 0
54 3 3 0
3 3 45 0
3 45 3 0
45 3 6 0
3 6 3 0
6 3 195 0
3 195 3 0
195 3 140 0
3 140 195 0
140 195 6 0
195 6 3 0
6 3 45 0
3 45 3 0
45 3 6 0
3 6 3 0
6 3 6 0
3 6 195 0
6 195 195 0
195 195 195 0
195 195 195 0
195 195 140 0
195 140 5 0
140 5 3 0
5 3 3 0
3 3 6 0
3 6 3 0
6 3 6 0
3 6 195 0
6 195 195 0
195 195 195 0
195 195 195 0
195 195 195 0
195 195 195 0
195 195 54 0
195 54 195 0
54 195 3 0
195 3 45 0
3 45 195 0
45 195 195 0
195 195 195 0
195 195 3 0
195 3 195 0
3 195 195 0
195 195 3 0
195 3 45 0
3 45 3 0
45 3 140 0
3 140 140 0
140 140 6 0
140 6 3 0
6 3 195 0
3 195 195 0
195 195 3 0
195 3 140 0
3 140 140 0
140 140 140 0
140 140 195 0
140 195 192 0
195 192 6 0
192 6 125 0
6 125 195 0
125 195 195 0
195 195 3 0
195 3 45 0
3 45 3 0
45 3 140 0
3 140 140 0
140 140 3 0
140 3 3 0
3 3 6 0
3 6 195 0
6 195 3 0
195 3 195 0
3 195 3 0
195 3 3 0
3 3 6 0
3 6 3 0
6 3 3 0
3 3 195 0
3 195 3 0
195 3 45 0
3 45 3 0
45 3 3 0
3 3 3 0
3 3 3 0
3 3 3 0
3 3 3 0
3 3 3 0
3 3 3 0
3 3 3 0
3 3 195 0
3 195 195 0
195 195 54 0
195 54 6 0
54 6 195 0
6 195 6 0
195 6 125 0
6 125 3 0
125 3 6 0
3 6 195 0
6 195 3 0
195 3 140 0
3 140 140 0
140 140 195 0
140 195 3 0
195 3 140 0
3 140 140 0
140 140 195 0
140 195 195 0
195 195 3 0
195 3 3 0
3 3 6 0
3 6 3 0
6 3 3 0
3 3 45 0
3 45 140 0
45 140 140 0
140 140 6 0
140 6 195 0
6 195 195 0
195 195 195 0
195 195 140 0
195 140 140 0
140 140 120 0
140 120 3 0
120 3 54 0
3 54 3 0
54 3 195 0
3 195 195 0
195 195 3 0
195 3 140 0
3 140 140 0
140 140 3 0
140 3 3 0
3 3 3 0
3 3 3 0
3 3 45 0
3 45 45 0
45 45 195 0
45 195 195 0
195 195 195 0
195 195 3 0
195 3 140 0
3 140 140 0
140 140 6 0
140 6 3 0
6 3 3 0
3 3 45 0
3 45 3 0
45 3 3 0
3 3 6 0
3 6 3 0
6 3 195 0
3 195 195 0
195 195 3 0
195 3 3 0
3 3 6 0
3 6 195 0
6 195 195 0
195 195 195 0
195 195 195 0
195 195 195 0
195 195 3 0
195 3 45 0
3 45 195 0
45 195 140 0
195 140 195 0
140 195 195 0
195 195 6 0
195 6 3 0
6 3 3 0
3 3 6 0
3 6 195 0
6 195 195 0
195 195 195 0
195 195 195 0
195 195 195 0
195 195 195 0
195 195 6 0
195 6 125 0
6 125 91 0
125 91 195 0
91 195 3 0
195 3 6 0
3 6 3 0
6 3 6 0
3 6 3 0
6 3 195 0
3 195 195 0
195 195 195 0
195 195 3 0
195 3 45 0
3 45 3 0
45 3 3 0
3 3 6 0
3 6 195 0
6 195 195 0
195 195 195 0
195 195 195 0
195 195 195 0
195 195 195 0
195 195 3 0
195 3 195 0
3 195 45 0
195 45 3 0
45 3 6 0
3 6 3 0
6 3 6 0
3 6 3 0
6 3 3 0
3 3 45 0
3 45 3 0
45 3 3 0
3 3 6 0
3 6 3 0
6 3 6 0
3 6 3 0
6 3 6 0
3 6 195 0
6 195 195 0
195 195 5 0
195 5 54 0
5 54 140 0
54 140 197 0
140 197 221 0
197 221 3 0
221 3 195 0
3 195 195 0
195 195 195 0
195 195 195 0
195 195 195 0
195 195 195 0
195 195 195 0
195 195 195 0
195 195 3 0
195 3 195 0
3 195 3 0
195 3 3 0
3 3 6 0
3 6 3 0
6 3 6 0
3 6 195 0
6 195 195 0
195 195 195 0
195 195 195 0
195 195 195 0
195 195 195 0
195 195 5 0
195 5 195 0
5 195 3 0
195 3 3 0
3 3 45 0
3 45 3 0
45 3 6 0
3 6 195 0
6 195 5 0
195 5 3 0
5 3 3 0
3 3 3 0
3 3 3 0
3 3 3 0
3 3 3 0
3 3 3 0
3 3 3 0
3 3 3 0
3 3 45 0
3 45 3 0
45 3 3 0
3 3 195 0
3 195 5 0
195 5 54 0
5 54 140 0
54 140 197 0
140 197 221 0
197 221 143 0
221 143 3 0
143 3 195 0
3 195 195 0
195 195 195 0
195 195 195 0
195 195 3 0
195 3 195 0
3 195 195 0
195 195 3 0
195 3 3 0
3 3 6 0
3 6 3 0
6 3 45 0
3 45 3 0
45 3 6 0
3 6 195 0
6 195 5 0
195 5 54 0
5 54 140 0
54 140 3 0
140 3 3 0
3 3 3 0
3 3 3 0
3 3 3 0
3 3 3 0
3 3 3 0
3 3 3 0
3 3 3 0
3 3 3 0
3 3 3 0
3 3 3 0
3 3 3 0
3 3 3 0
3 3 3 0
3 3 3 0
3 3 3 0
3 3 3 0
3 3 45 0
3 45 45 0
45 45 3 0
45 3 3 0
3 3 3 0
3 3 3 0
3 3 3 0
3 3 3 0
3 3 3 0
3 3 3 0
3 3 3 0
3 3 3 0
3 3 3 0
3 3 3 0
3 3 3 0
3 3 3 0
3 3 3 0
3 3 3 0
3 3 3 0
3 3 3 0
3 3 3 0
3 3 3 0
3 3 3 0
3 3 3 0
3 3 3 0
3 3 3 0
3 3 3 0
3 3 3 0
3 3 3 0
3 3 3 0
3 3 3 0
3 3 3 0
3 3 3 0
3 3 3 0
3 3 3 0
3 3 3 0
3 3 3 0
3 3 3 0
3 3 3 0
3 3 3 0
3 3 45 0
3 45 45 0
45 45 3 0
45 3 3 0
3 3 3 0
3 3 3 0
3 3 3 0
3 3 3 0
3 3 3 0
3 3 3 0
3 3 3 0
3 3 3 0
3 3 3 0
3 3 3 0
3 3 3 0
3 3 3 0
3 3 3 0
3 3 3 0
3 3 3 0
3 3 3 0
3 3 3 0
3 3 3 0
3 3 3 0
3 3 3 0
3 3 3 0
3 3 3 0
3 3 3 0
3 3 3 0
3 3 3 0
3 3 3 0
3 3 3 0
3 3 3 0
3 3 3 0
3 3 3 0
3 3 3 0
3 3 3 0
3 3 3 0
3 3 3 0
3 3 3 0
3 3 3 0
3 3 3 0
3 3 3 0
3 3 45 0
3 45 3 0
45 3 3 0
3 3 3 0
3 3 3 0
3 3 3 0
3 3 3 0
3 3 3 0
3 3 3 0
3 3 3 0
3 3 3 0
3 3 3 0
3 3 3 0
3 3 3 0
3 3 3 0
3 3 3 0
3 3 3 0
3 3 3 0
3 3 3 0
3 3 3 0
3 3 3 0
3 3 3 0
3 3 45 0
3 45 45 0
45 45 3 0
45 3 3 0
3 3 3 0
3 3 3 0
3 3 3 0
3 3 3 0
3 3 3 0
3 3 3 0
3 3 3 0
3 3 3 0
3 3 3 0
3 3 3 0
3 3 3 0
3 3 3 0
3 3 3 0
3 3 3 0
3 3 3 0
3 3 3 0
3 3 3 0
3 3 3 0
3 3 45 0
3 45 45 0
45 45 3 0
45 3 3 0
3 3 3 0
3 3 3 0
3 3 3 0
3 3 3 0
3 3 3 0
3 3 3 0
3 3 3 0
3 3 3 0
3 3 3 0
3 3 3 0
3 3 3 0
3 3 3 0
3 3 3 0
3 3 3 0
3 3 3 0
3 3 3 0
3 3 3 0
3 3 3 0
3 3 45 0
3 45 3 0
45 3 3 0
3 3 3 0
3 3 3 0
3 3 3 0
3 3 3 0
3 3 3 0
3 3 3 0
3 3 3 0
3 3 3 0
3 3 3 0
3 3 3 0
3 3 3 0
3 3 3 0
3 3 3 0
3 3 3 0
3 3 3 0
3 3 3 0
3 3 3 0
3 3 3 0
3 3 3 0
3 3 3 0
3 3 3 0
3 3 3 0
3 3 3 0
3 3 3 0
3 3 3 0
3 3 3 0
3 3 3 0
3 3 3 0
3 3 3 0
3 3 3 0
3 3 3 0
3 3 3 0
3 3 3 0
3 3 3 0
3 3 3 0
3 3 3 0
3 3 3 0
3 3 3 0
3 3 3 0
3 3 3 0
3 3 3 0
3 3 3 0
3 3 3 0
3 3 3 0
3 3 3 0
3 3 3 0
3 3 3 0
3 3 3 0
3 3 3 0
3 3 3 0
3 3 3 0
3 3 3 0
3 3 45 0
3 45 3 0
45 3 3 0
3 3 3 0
3 3 3 0
3 3 3 0
3 3 3 0
3 3 3 0
3 3 3 0
3 3 3 0
3 3 3 0
3 3 45 0
3 45 3 0
45 3 3 0
3 3 3 0
3 3 3 0
3 3 3 0
3 3 3 0
3 3 3 0
3 3 3 0
3 3 3 0
3 3 3 0
3 3 3 0
3 3 3 0
3 3 3 0
3 3 3 0
3 3 3 0
3 3 3 0
3 3 3 0
3 3 3 0
3 3 3 0
3 3 3 0
3 3 45 0
3 45 45 0
45 45 3 0
45 3 3 0
3 3 3 0
3 3 3 0
3 3 3 0
3 3 3 0
3 3 3 0
3 3 3 0
3 3 3 0
3 3 3 0
3 3 3 0
3 3 3 0
3 3 3 0
3 3 3 0
3 3 3 0
3 3 3 0
3 3 3 0
3 3 3 0
3 3 3 0
3 3 3 0
3 3 3 0
3 3 3 0
3 3 3 0
3 3 3 0
3 3 3 0
3 3 3 0
3 3 3 0
3 3 3 0
3 3 3 0
3 3 3 0
3 3 195 0
3 195 195 0
195 195 3 0
195 3 3 0
3 3 6 0
3 6 45 0
6 45 195 0
45 195 195 0
195 195 195 0
195 195 195 0
195 195 3 0
195 3 6 0
3 6 3 0
6 3 45 0
3 45 45 0
45 45 3 0
45 3 6 0
3 6 42 0
6 42 42 0
42 42 120 0
42 120 6 0
120 6 6 0
6 6 3 0
6 3 3 0
3 3 6 0
3 6 42 0
6 42 120 0
42 120 3 0
120 3 6 0
3 6 54 0
6 54 3 0
54 3 6 0
3 6 175 0
6 175 195 0
175 195 5 0
195 5 45 0
5 45 3 0
45 3 6 0
3 6 195 0
6 195 42 0
195 42 54 0
42 54 140 0
54 140 54 0
140 54 140 0
54 140 221 0
140 221 221 0
221 221 42 0
221 42 54 0
42 54 140 0
54 140 54 0
140 54 140 0
54 140 221 0
140 221 221 0
221 221 120 0
221 120 6 0
120 6 6 0
6 6 175 0
6 175 174 0
175 174 175 0
174 175 195 0
175 195 195 0
195 195 195 0
195 195 3 0
195 3 195 0
3 195 3 0
195 3 195 0
3 195 3 0
195 3 3 0
3 3 6 0
3 6 3 0
6 3 6 0
3 6 4 0
6 4 120 0
4 120 6 0
120 6 6 0
6 6 175 0
6 175 3 0
175 3 4 0
3 4 4 0
4 4 3 0
4 3 4 0
3 4 4 0
4 4 4 0
4 4 4 0
4 4 4 0
4 4 4 0
4 4 4 0
4 4 4 0
4 4 4 0
4 4 118 0
4 118 195 0
118 195 38 0
195 38 38 0
38 38 6 0
38 6 6 0
6 6 6 0
6 6 5 0
6 5 54 0
5 54 140 0
54 140 197 0
140 197 4 0
new
174 6 6 0
6 6 5 0
6 5 220 0
5 220 221 0
220 221 221 0
221 221 221 0
221 221 221 0
221 221 221 0
221 221 221 0
221 221 221 0
221 221 221 0
221 221 221 0
221 221 221 0
221 221 221 0
221 221 221 0
221 221 221 0
221 221 221 0
221 221 221 0
221 221 221 0
221 221 221 0
221 221 221 0
221 221 221 0
221 221 221 0
221 221 221 0
221 221 221 0
221 221 221 0
221 221 221 0
221 221 221 0
221 221 221 0
221 221 221 0
221 221 221 0
221 221 221 0
221 221 221 0
221 221 221 0
221 221 221 0
221 221 221 0
221 221 221 0
221 221 221 0
221 221 221 0
221 221 221 0
221 221 221 0
221 221 221 0
221 221 221 0
221 221 221 0
221 221 221 0
221 221 221 0
221 221 221 0
221 221 221 0
221 221 221 0
221 221 221 0
221 221 221 0
221 221 221 0
221 221 221 0
221 221 221 0
221 221 221 0
221 221 221 0
221 221 221 0
221 221 221 0
221 221 221 0
221 221 221 0
221 221 221 0
221 221 221 0
221 221 221 0
221 221 221 0
221 221 221 0
221 221 221 0
221 221 221 0
221 221 221 0
221 221 221 0
221 221 221 0
221 221 221 0
221 221 220 0
221 220 6 0
220 6 63 0
6 63 6 0
63 6 5 0
6 5 63 0
5 63 6 0
63 6 11 0
6 11 45 0
11 45 33 0
45 33 192 0
33 192 33 0
192 33 5 0
33 5 6 0
5 6 122 0
6 122 45 0
122 45 5 0
45 5 3 0
5 3 192 0
3 192 3 0
192 3 5 0
3 5 192 0
5 192 125 0
192 125 5 0
125 5 6 0
5 6 125 0
6 125 91 0
125 91 221 0
91 221 3 0
221 3 5 0
3 5 5 0
5 5 3 0
5 3 195 0
3 195 3 0
195 3 192 0
3 192 5 0
192 5 180 0
5 180 180 0
180 180 3 0
180 3 5 0
3 5 3 0
5 3 3 0
3 3 3 0
3 3 3 0
3 3 3 0
3 3 3 0
3 3 3 0
3 3 3 0
3 3 3 0
3 3 3 0
3 3 3 0
3 3 3 0
3 3 6 0
3 6 91 0
6 91 240 0
91 240 5 0
240 5 192 0
5 192 6 0
192 6 5 0
6 5 3 0
5 3 197 0
3 197 3 0
197 3 3 0
3 3 180 0
3 180 180 0
180 180 6 0
180 6 91 0
new
174 6 6 0
6 6 5 0
6 5 220 0
5 220 221 0
220 221 221 0
221 221 221 0
221 221 221 0
221 221 221 0
221 221 221 0
221 221 221 0
221 221 221 0
221 221 221 0
221 221 221 0
221 221 221 0
221 221 221 0
221 221 221 0
221 221 221 0
221 221 221 0
221 221 221 0
221 221 221 0
221 221 221 0
221 221 221 0
221 221 221 0
221 221 221 0
221 221 221 0
221 221 221 0
221 221 221 0
221 221 221 0
221 221 221 0
221 221 221 0
221 221 221 0
221 221 221 0
221 221 221 0
221 221 221 0
221 221 221 0
221 221 221 0
221 221 221 0
221 221 221 0
221 221 221 0
221 221 221 0
221 221 221 0
221 221 221 0
221 221 221 0
221 221 221 0
221 221 221 0
221 221 221 0
221 221 221 0
221 221 221 0
221 221 221 0
221 221 221 0
221 221 221 0
221 221 221 0
221 221 221 0
221 221 221 0
221 221 221 0
221 221 221 0
221 221 221 0
221 221 221 0
221 221 221 0
221 221 221 0
221 221 221 0
221 221 221 0
221 221 221 0
221 221 221 0
221 221 221 0
221 221 221 0
221 221 221 0
221 221 220 0
221 220 6 0
220 6 63 0
6 63 6 0
63 6 5 0
6 5 63 0
5 63 6 0
63 6 11 0
6 11 45 0
11 45 33 0
45 33 192 0
33 192 33 0
192 33 5 0
33 5 197 0
5 197 192 0
197 192 6 0
192 6 33 0
6 33 5 0
33 5 3 0
5 3 197 0
3 197 192 0
197 192 192 0
192 192 6 0
192 6 33 0
6 33 5 0
33 5 3 0
5 3 197 0
3 197 192 0
197 192 192 0
192 192 6 0
192 6 33 0
6 33 5 0
33 5 3 0
5 3 197 0
3 197 192 0
197 192 192 0
192 192 192 0
192 192 6 0
192 6 33 0
6 33 5 0
33 5 3 0
5 3 197 0
3 197 192 0
197 192 192 0
192 192 6 0
192 6 33 0
6 33 5 0
33 5 3 0
5 3 197 0
3 197 192 0
197 192 192 0
192 192 192 0
192 192 6 0
192 6 33 0
6 33 5 0
33 5 3 0
5 3 197 0
3 197 192 0
197 192 192 0
192 192 192 0
192 192 91 0
192 91 102 0
91 102 5 0
102 5 125 0
5 125 197 0
125 197 91 0
197 91 3 0
91 3 195 0
3 195 3 0
195 3 6 0
3 6 6 0
6 6 192 0
6 192 5 0
192 5 180 0
5 180 197 0
180 197 5 0
197 5 3 0
5 3 3 0
3 3 3 0
3 3 3 0
3 3 3 0
3 3 3 0
3 3 3 0
3 3 3 0
3 3 3 0
3 3 3 0
3 3 6 0
3 6 91 0
6 91 5 0
91 5 125 0
5 125 3 0
125 3 3 0
3 3 3 0
3 3 3 0
3 3 3 0
3 3 3 0
3 3 3 0
3 3 3 0
3 3 3 0
3 3 3 0
3 3 3 0
3 3 3 0
3 3 3 0
3 3 3 0
3 3 3 0
3 3 3 0
3 3 180 0
3 180 180 0
180 180 6 0
180 6 91 0
new
174 6 6 0
6 6 5 0
6 5 220 0
5 220 221 0
220 221 221 0
221 221 221 0
221 221 221 0
221 221 221 0
221 221 221 0
221 221 221 0
221 221 221 0
221 221 221 0
221 221 221 0
221 221 221 0
221 221 221 0
221 221 221 0
221 221 221 0
221 221 221 0
221 221 221 0
221 221 221 0
221 221 221 0
221 221 221 0
221 221 221 0
221 221 221 0
221 221 221 0
221 221 221 0
221 221 221 0
221 221 221 0
221 221 221 0
221 221 221 0
221 221 221 0
221 221 221 0
221 221 221 0
221 221 221 0
221 221 221 0
221 221 221 0
221 221 221 0
221 221 221 0
221 221 221 0
221 221 221 0
221 221 221 0
221 221 221 0
221 221 221 0
221 221 221 0
221 221 221 0
221 221 221 0
221 221 221 0
221 221 221 0
221 221 221 0
221 221 221 0
221 221 221 0
221 221 221 0
221 221 221 0
221 221 221 0
221 221 221 0
221 221 221 0
221 221 221 0
221 221 221 0
221 221 221 0
221 221 221 0
221 221 221 0
221 221 221 0
221 221 221 0
221 221 221 0
221 221 221 0
221 221 221 0
221 221 221 0
221 221 221 0
221 221 221 0
221 221 221 0
221 221 220 0
221 220 6 0
220 6 63 0
6 63 6 0
63 6 5 0
6 5 63 0
5 63 6 0
63 6 11 0
6 11 45 0
11 45 33 0
45 33 192 0
33 192 33 0
192 33 5 0
33 5 197 0
5 197 192 0
197 192 6 0
192 6 33 0
6 33 5 0
33 5 3 0
5 3 197 0
3 197 192 0
197 192 192 0
192 192 6 0
192 6 33 0
6 33 5 0
33 5 3 0
5 3 197 0
3 197 192 0
197 192 192 0
192 192 6 0
192 6 33 0
6 33 5 0
33 5 3 0
5 3 197 0
3 197 192 0
197 192 192 0
192 192 192 0
192 192 6 0
192 6 33 0
6 33 5 0
33 5 3 0
5 3 197 0
3 197 192 0
197 192 192 0
192 192 6 0
192 6 33 0
6 33 5 0
33 5 3 0
5 3 197 0
3 197 192 0
197 192 192 0
192 192 192 0
192 192 6 0
192 6 33 0
6 33 5 0
33 5 3 0
5 3 197 0
3 197 192 0
197 192 192 0
192 192 192 0
192 192 6 0
192 6 221 0
6 221 3 0
221 3 5 0
3 5 5 0
5 5 3 0
5 3 195 0
3 195 3 0
195 3 192 0
3 192 5 0
192 5 180 0
5 180 5 0
180 5 5 0
5 5 3 0
5 3 3 0
3 3 3 0
3 3 3 0
3 3 3 0
3 3 3 0
3 3 3 0
3 3 3 0
3 3 3 0
3 3 3 0
3 3 6 0
3 6 91 0
6 91 240 0
91 240 5 0
240 5 3 0
5 3 197 0
3 197 6 0
197 6 3 0
6 3 3 0
3 3 3 0
3 3 3 0
3 3 3 0
3 3 3 0
3 3 3 0
3 3 3 0
3 3 3 0
3 3 3 0
3 3 3 0
3 3 3 0
3 3 3 0
3 3 3 0
3 3 3 0
3 3 180 0
3 180 180 0
180 180 6 0
180 6 91 0
new
174 174 174 0
174 174 174 0
174 174 174 0
174 174 174 0
174 174 221 0
174 221 221 0
221 221 221 0
221 221 221 0
221 221 221 0
221 221 221 0
221 221 221 0
221 221 221 0
221 221 221 0
221 221 221 0
221 221 221 0
221 221 221 0
221 221 221 0
221 221 221 0
221 221 221 0
221 221 221 0
221 221 221 0
221 221 221 0
221 221 221 0
221 221 221 0
221 221 221 0
221 221 221 0
221 221 221 0
221 221 221 0
221 221 221 0
221 221 221 0
221 221 221 0
221 221 221 0
221 221 221 0
221 221 221 0
221 221 221 0
221 221 221 0
221 221 221 0
221 221 221 0
221 221 221 0
221 221 221 0
221 221 221 0
221 221 63 0
221 63 63 0
63 63 221 0
63 221 221 0
221 221 221 0
221 221 11 0
221 11 45 0
11 45 33 0
45 33 192 0
33 192 33 0
192 33 5 0
33 5 197 0
5 197 192 0
197 192 6 0
192 6 33 0
6 33 5 0
33 5 3 0
5 3 197 0
3 197 192 0
197 192 192 0
192 192 6 0
192 6 33 0
6 33 5 0
33 5 3 0
5 3 197 0
3 197 192 0
197 192 192 0
192 192 192 0
192 192 6 0
192 6 33 0
6 33 5 0
33 5 3 0
5 3 197 0
3 197 192 0
197 192 192 0
192 192 192 0
192 192 6 0
192 6 33 0
6 33 5 0
33 5 3 0
5 3 197 0
3 197 192 0
new
311 78 240 0
78 240 221 0
240 221 221 0
221 221 221 0
221 221 33 0
221 33 197 0
33 197 140 0
197 140 3 0
140 3 197 0
3 197 33 0
197 33 197 0
33 197 221 0
197 221 221 0
221 221 221 0
221 221 221 0
221 221 33 0
221 33 197 0
33 197 140 0
197 140 3 0
140 3 197 0
3 197 33 0
197 33 197 0
33 197 221 0
197 221 195 0
221 195 5 0
195 5 5 0
5 5 221 0
5 221 221 0
221 221 221 0
221 221 221 0
221 221 140 0
221 140 140 0
140 140 4 0
140 4 140 0
4 140 78 0
140 78 78 0
78 78 140 0
78 140 140 0
140 140 78 0
140 78 78 0
78 78 78 0
78 78 78 0
78 78 78 0
78 78 78 0
78 78 78 0
78 78 78 0
78 78 78 0
78 78 78 0
78 78 4 0
78 4 78 0
4 78 78 0
78 78 78 0
78 78 78 0
78 78 78 0
78 78 78 0
78 78 78 0
78 78 78 0
78 78 140 0
78 140 78 0
140 78 78 0
78 78 78 0
78 78 78 0
78 78 140 0
78 140 4 0
140 4 140 0
4 140 78 0
140 78 78 0
78 78 78 0
78 78 78 0
78 78 78 0
78 78 78 0
78 78 78 0
78 78 240 0
78 240 6 0
240 6 10 0
6 10 221 0
10 221 221 0
221 221 221 0
221 221 240 0
221 240 221 0
240 221 221 0
221 221 221 0
221 221 33 0
221 33 197 0
33 197 140 0
197 140 3 0
140 3 221 0
3 221 221 0
221 221 221 0
221 221 221 0
221 221 221 0
221 221 3 0
221 3 221 0
3 221 4 0
221 4 140 0
4 140 4 0
140 4 240 0
4 240 240 0
240 240 221 0
240 221 221 0
221 221 240 0
221 240 4 0
240 4 240 0
4 240 240 0
240 240 78 0
240 78 265 0
78 265 240 0
265 240 78 0
240 78 240 0
78 240 5 0
240 5 5 0
5 5 197 0
5 197 78 0
197 78 5 0
78 5 207 0
5 207 94 0
207 94 6 0
94 6 78 0
6 78 265 0
78 265 240 0
265 240 240 0
240 240 4 0
240 4 78 0
4 78 265 0
78 265 240 0
265 240 240 0
240 240 118 0
240 118 38 0
118 38 197 0
38 197 6 0
197 6 4 0
6 4 78 0
4 78 265 0
78 265 240 0
265 240 240 0
240 240 78 0
240 78 265 0
78 265 240 0
265 240 78 0
240 78 240 0
78 240 219 0
240 219 91 0
new
4 240 4 0
240 4 4 0
4 4 168 0
4 168 4 0
168 4 160 0
4 160 120 0
160 120 11 0
120 11 45 0
11 45 33 0
45 33 192 0
33 192 125 0
192 125 192 0
125 192 5 0
192 5 5 0
5 5 192 0
5 192 192 0
192 192 33 0
192 33 192 0
33 192 6 0
192 6 6 0
6 6 33 0
6 33 192 0
33 192 192 0
192 192 192 0
192 192 125 0
192 125 125 0
125 125 125 0
125 125 125 0
125 125 125 0
125 125 125 0
125 125 125 0
125 125 125 0
125 125 125 0
125 125 125 0
125 125 125 0
125 125 125 0
125 125 5 0
125 5 5 0
5 5 221 0
5 221 220 0
221 220 192 0
220 192 3 0
192 3 3 0
3 3 5 0
3 5 33 0
5 33 6 0
33 6 33 0
6 33 5 0
33 5 3 0
5 3 33 0
3 33 33 0
33 33 33 0
33 33 33 0
33 33 192 0
33 192 33 0
192 33 6 0
33 6 5 0
6 5 125 0
5 125 125 0
125 125 125 0
125 125 125 0
125 125 125 0
125 125 125 0
125 125 125 0
125 125 125 0
125 125 125 0
125 125 125 0
125 125 91 0
125 91 195 0
91 195 125 0
195 125 125 0
125 125 91 0
125 91 5 0
91 5 192 0
5 192 6 0
192 6 6 0
6 6 5 0
6 5 5 0
5 5 192 0
5 192 192 0
192 192 5 0
192 5 125 0
5 125 125 0
125 125 125 0
125 125 125 0
125 125 125 0
125 125 125 0
125 125 125 0
125 125 125 0
125 125 91 0
125 91 45 0
91 45 195 0
45 195 192 0
195 192 125 0
192 125 195 0
125 195 125 0
195 125 195 0
125 195 5 0
195 5 192 0
5 192 125 0
192 125 195 0
125 195 6 0
195 6 125 0
6 125 125 0
125 125 195 0
125 195 6 0
195 6 5 0
6 5 6 0
5 6 125 0
6 125 3 0
125 3 125 0
3 125 220 0
125 220 6 0
220 6 5 0
6 5 3 0
5 3 3 0
3 3 3 0
3 3 3 0
3 3 3 0
3 3 3 0
3 3 3 0
3 3 6 0
3 6 240 0
6 240 4 0
240 4 4 0
4 4 4 0
4 4 91 0
4 91 91 0
91 91 91 0
91 91 91 0
91 91 91 0
91 91 174 0
91 174 102 0
174 102 221 0
102 221 221 0
221 221 201 0
221 201 168 0
201 168 168 0
168 168 102 0
168 102 331 0
102 331 240 0
331 240 331 0
240 331 102 0
331 102 3 0
102 3 197 0
3 197 5 0
197 5 192 0
5 192 91 0
192 91 91 0
91 91 5 0
91 5 30 0
5 30 146 0
30 146 146 0
146 146 146 0
146 146 146 0
146 146 146 0
146 146 146 0
146 146 3 0
146 3 168 0
3 168 146 0
168 146 265 0
146 265 4 0
265 4 120 0
4 120 168 0
120 168 168 0
168 168 3 0
168 3 4 0
3 4 168 0
4 168 3 0
168 3 4 0
3 4 168 0
4 168 3 0
168 3 4 0
3 4 168 0
4 168 160 0
168 160 159 0
160 159 120 0
159 120 240 0
120 240 240 0
240 240 168 0
240 168 3 0
168 3 4 0
3 4 168 0
4 168 3 0
168 3 4 0
3 4 168 0
4 168 3 0
168 3 240 0
3 240 4 0
240 4 240 0
4 240 168 0
240 168 160 0
168 160 159 0
160 159 120 0
159 120 4 0
120 4 168 0
4 168 168 0
168 168 4 0
168 4 3 0
4 3 240 0
3 240 240 0
240 240 4 0
240 4 168 0
4 168 168 0
168 168 3 0
168 3 4 0
3 4 168 0
4 168 3 0
168 3 4 0
3 4 240 0
4 240 168 0
240 168 3 0
168 3 3 0
3 3 168 0
3 168 3 0
168 3 168 0
3 168 3 0
168 3 3 0
3 3 168 0
3 168 168 0
168 168 168 0
168 168 3 0
168 3 45 0
3 45 45 0
45 45 4 0
45 4 168 0
4 168 4 0
168 4 168 0
4 168 168 0
168 168 168 0
168 168 4 0
168 4 3 0
4 3 168 0
3 168 3 0
168 3 3 0
3 3 168 0
3 168 168 0
168 168 3 0
168 3 3 0
3 3 168 0
3 168 168 0
168 168 3 0
168 3 3 0
3 3 168 0
3 168 168 0
168 168 3 0
168 3 3 0
3 3 168 0
3 168 168 0
168 168 3 0
168 3 3 0
3 3 168 0
3 168 3 0
168 3 168 0
3 168 3 0
168 3 3 0
3 3 168 0
3 168 168 0
168 168 3 0
168 3 3 0
3 3 168 0
3 168 168 0
168 168 3 0
168 3 168 0
3 168 168 0
168 168 3 0
168 3 168 0
3 168 6 0
168 6 168 0
6 168 3 0
168 3 45 0
3 45 4 0
45 4 270 0
new
