6 6 11 11 33 0
6 11 11 33 192 0
11 11 33 192 33 0
11 33 192 33 192 0
33 192 33 192 197 0
192 33 192 197 192 0
33 192 197 192 125 0
192 197 192 125 125 0
197 192 125 125 125 0
192 125 125 125 122 0
125 125 125 122 174 0
125 125 122 174 85 0
125 122 174 85 195 0
122 174 85 195 221 0
174 85 195 221 3 0
85 195 221 3 45 0
195 221 3 45 195 0
221 3 45 195 195 0
3 45 195 195 5 0
45 195 195 5 3 0
195 195 5 3 140 0
195 5 3 140 140 0
5 3 140 140 6 0
3 140 140 6 195 0
140 140 6 195 3 0
140 6 195 3 3 0
6 195 3 3 6 0
195 3 3 6 195 0
3 3 6 195 195 0
3 6 195 195 195 0
6 195 195 195 195 0
195 195 195 195 195 0
195 195 195 195 195 0
195 195 195 195 3 0
195 195 195 3 3 0
195 195 3 3 140 0
195 3 3 140 140 0
3 3 140 140 6 0
3 140 140 6 195 0
140 140 6 195 3 0
140 6 195 3 6 0
6 195 3 6 195 0
195 3 6 195 195 0
3 6 195 195 140 0
6 195 195 140 140 0
195 195 140 140 6 0
195 140 140 6 195 0
140 140 6 195 195 0
140 6 195 195 45 0
6 195 195 45 3 0
195 195 45 3 6 0
195 45 3 6 195 0
45 3 6 195 195 0
3 6 195 195 5 0
6 195 195 5 3 0
195 195 5 3 140 0
195 5 3 140 140 0
5 3 140 140 6 0
3 140 140 6 195 0
140 140 6 195 195 0
140 6 195 195 195 0
6 195 195 195 140 0
195 195 195 140 140 0
195 195 140 140 6 0
195 140 140 6 195 0
140 140 6 195 3 0
140 6 195 3 6 0
6 195 3 6 3 0
195 3 6 3 6 0
3 6 3 6 195 0
6 3 6 195 195 0
3 6 195 195 3 0
6 195 195 3 140 0
195 195 3 140 140 0
195 3 140 140 6 0
3 140 140 6 195 0
140 140 6 195 205 0
140 6 195 205 3 0
6 195 205 3 3 0
195 205 3 3 3 0
205 3 3 3 3 0
3 3 3 3 6 0
3 3 3 6 45 0
3 3 6 45 195 0
3 6 45 195 195 0
6 45 195 195 195 0
45 195 195 195 195 0
195 195 195 195 195 0
195 195 195 195 3 0
195 195 195 3 3 0
195 195 3 3 45 0
195 3 3 45 3 0
3 3 45 3 6 0
3 45 3 6 195 0
45 3 6 195 195 0
3 6 195 195 195 0
6 195 195 195 195 0
195 195 195 195 195 0
195 195 195 195 195 0
195 195 195 195 195 0
195 195 195 195 195 0
195 195 195 195 195 0
195 195 195 195 195 0
195 195 195 195 195 0
195 195 195 195 195 0
195 195 195 195 195 0
195 195 195 195 195 0
195 195 195 195 45 0
195 195 195 45 3 0
195 195 45 3 140 0
195 45 3 140 3 0
45 3 140 3 3 0
3 140 3 3 3 0
140 3 3 3 3 0
3 3 3 3 45 0
3 3 3 45 3 0
3 3 45 3 195 0
3 45 3 195 195 0
45 3 195 195 195 0
3 195 195 195 5 0
195 195 195 5 140 0
195 195 5 140 54 0
195 5 140 54 140 0
5 140 54 140 197 0
140 54 140 197 221 0
54 140 197 221 143 0
140 197 221 143 140 0
197 221 143 140 140 0
221 143 140 140 197 0
143 140 140 197 13 0
140 140 197 13 3 0
140 197 13 3 3 0
197 13 3 3 143 0
13 3 3 143 4 0
3 3 143 4 45 0
new
311 78 78 265 102 0
78 78 265 102 102 0
78 265 102 102 102 0
265 102 102 102 13 0
102 102 102 13 102 0
102 102 13 102 102 0
102 13 102 102 102 0
13 102 102 102 102 0
102 102 102 102 6 0
102 102 102 6 5 0
102 102 6 5 197 0
102 6 5 197 192 0
6 5 197 192 3 0
5 197 192 3 3 0
197 192 3 3 6 0
192 3 3 6 91 0
3 3 6 91 5 0
3 6 91 5 197 0
6 91 5 197 192 0
91 5 197 192 3 0
5 197 192 3 3 0
197 192 3 3 6 0
192 3 3 6 91 0
3 3 6 91 195 0
3 6 91 195 102 0
6 91 195 102 102 0
91 195 102 102 78 0
195 102 102 78 168 0
102 102 78 168 102 0
102 78 168 102 168 0
78 168 102 168 54 0
168 102 168 54 102 0
102 168 54 102 6 0
168 54 102 6 102 0
54 102 6 102 102 0
102 6 102 102 102 0
6 102 102 102 102 0
102 102 102 102 102 0
102 102 102 102 102 0
102 102 102 102 102 0
102 102 102 102 102 0
102 102 102 102 102 0
102 102 102 102 102 0
102 102 102 102 102 0
102 102 102 102 102 0
102 102 102 102 102 0
102 102 102 102 102 0
102 102 102 102 102 0
102 102 102 102 102 0
102 102 102 102 102 0
102 102 102 102 102 0
102 102 102 102 102 0
102 102 102 102 102 0
102 102 102 102 102 0
102 102 102 102 102 0
102 102 102 102 102 0
102 102 102 102 102 0
102 102 102 102 102 0
102 102 102 102 102 0
102 102 102 102 102 0
102 102 102 102 102 0
102 102 102 102 102 0
102 102 102 102 102 0
102 102 102 102 102 0
102 102 102 102 102 0
102 102 102 102 102 0
102 102 102 102 6 0
102 102 102 6 265 0
102 102 6 265 78 0
102 6 265 78 4 0
6 265 78 4 78 0
265 78 4 78 78 0
78 4 78 78 265 0
4 78 78 265 240 0
78 78 265 240 78 0
78 265 240 78 240 0
265 240 78 240 265 0
240 78 240 265 102 0
78 240 265 102 102 0
240 265 102 102 102 0
265 102 102 102 13 0
102 102 102 13 102 0
102 102 13 102 102 0
102 13 102 102 102 0
13 102 102 102 102 0
102 102 102 102 6 0
102 102 102 6 195 0
102 102 6 195 5 0
102 6 195 5 197 0
6 195 5 197 192 0
195 5 197 192 3 0
5 197 192 3 3 0
197 192 3 3 6 0
192 3 3 6 91 0
3 3 6 91 195 0
3 6 91 195 102 0
6 91 195 102 102 0
91 195 102 102 78 0
195 102 102 78 168 0
102 102 78 168 102 0
102 78 168 102 168 0
78 168 102 168 54 0
168 102 168 54 102 0
102 168 54 102 6 0
168 54 102 6 102 0
54 102 6 102 102 0
102 6 102 102 102 0
6 102 102 102 102 0
102 102 102 102 102 0
102 102 102 102 102 0
102 102 102 102 102 0
102 102 102 102 102 0
102 102 102 102 102 0
102 102 102 102 102 0
102 102 102 102 102 0
102 102 102 102 102 0
102 102 102 102 102 0
102 102 102 102 102 0
102 102 102 102 102 0
102 102 102 102 102 0
102 102 102 102 102 0
102 102 102 102 102 0
102 102 102 102 102 0
102 102 102 102 102 0
102 102 102 102 102 0
102 102 102 102 102 0
102 102 102 102 102 0
102 102 102 102 102 0
102 102 102 102 102 0
102 102 102 102 102 0
102 102 102 102 102 0
102 102 102 102 102 0
102 102 102 102 102 0
102 102 102 102 102 0
102 102 102 102 102 0
102 102 102 102 102 0
102 102 102 102 102 0
102 102 102 102 6 0
102 102 102 6 265 0
102 102 6 265 78 0
102 6 265 78 4 0
6 265 78 4 78 0
265 78 4 78 78 0
78 4 78 78 265 0
4 78 78 265 240 0
78 78 265 240 78 0
78 265 240 78 240 0
265 240 78 240 219 0
new
240 221 221 13 240 0
221 221 13 240 240 0
221 13 240 240 78 0
13 240 240 78 265 0
240 240 78 265 240 0
240 78 265 240 240 0
78 265 240 240 78 0
265 240 240 78 4 0
240 240 78 4 221 0
240 78 4 221 221 0
78 4 221 221 221 0
4 221 221 221 33 0
221 221 221 33 197 0
221 221 33 197 140 0
221 33 197 140 3 0
33 197 140 3 197 0
197 140 3 197 33 0
140 3 197 33 197 0
3 197 33 197 221 0
197 33 197 221 13 0
33 197 221 13 13 0
197 221 13 13 78 0
221 13 13 78 78 0
13 13 78 78 265 0
13 78 78 265 240 0
78 78 265 240 4 0
78 265 240 4 221 0
265 240 4 221 197 0
240 4 221 197 13 0
4 221 197 13 78 0
221 197 13 78 240 0
197 13 78 240 240 0
13 78 240 240 78 0
78 240 240 78 265 0
240 240 78 265 240 0
240 78 265 240 240 0
78 265 240 240 78 0
265 240 240 78 5 0
240 240 78 5 221 0
240 78 5 221 78 0
78 5 221 78 5 0
5 221 78 5 6 0
221 78 5 6 9 0
78 5 6 9 195 0
5 6 9 195 10 0
6 9 195 10 195 0
9 195 10 195 5 0
195 10 195 5 140 0
10 195 5 140 3 0
195 5 140 3 195 0
5 140 3 195 3 0
140 3 195 3 240 0
3 195 3 240 240 0
195 3 240 240 240 0
3 240 240 240 10 0
240 240 240 10 221 0
240 240 10 221 6 0
240 10 221 6 240 0
10 221 6 240 6 0
221 6 240 6 78 0
6 240 6 78 240 0
240 6 78 240 240 0
6 78 240 240 240 0
78 240 240 240 78 0
240 240 240 78 265 0
240 240 78 265 240 0
240 78 265 240 78 0
78 265 240 78 265 0
265 240 78 265 240 0
240 78 265 240 240 0
78 265 240 240 78 0
265 240 240 78 4 0
240 240 78 4 221 0
240 78 4 221 221 0
78 4 221 221 221 0
4 221 221 221 33 0
221 221 221 33 197 0
221 221 33 197 140 0
221 33 197 140 3 0
33 197 140 3 197 0
197 140 3 197 33 0
140 3 197 33 197 0
3 197 33 197 221 0
197 33 197 221 13 0
33 197 221 13 13 0
197 221 13 13 78 0
221 13 13 78 78 0
13 13 78 78 265 0
13 78 78 265 240 0
78 78 265 240 240 0
78 265 240 240 221 0
265 240 240 221 221 0
240 240 221 221 221 0
240 221 221 221 33 0
221 221 221 33 197 0
221 221 33 197 140 0
221 33 197 140 3 0
33 197 140 3 197 0
197 140 3 197 33 0
140 3 197 33 197 0
3 197 33 197 221 0
197 33 197 221 13 0
33 197 221 13 13 0
197 221 13 13 78 0
221 13 13 78 78 0
13 13 78 78 265 0
13 78 78 265 240 0
78 78 265 240 240 0
78 265 240 240 5 0
265 240 240 5 221 0
240 240 5 221 78 0
240 5 221 78 5 0
5 221 78 5 6 0
221 78 5 6 9 0
78 5 6 9 195 0
5 6 9 195 10 0
6 9 195 10 195 0
9 195 10 195 5 0
195 10 195 5 140 0
10 195 5 140 3 0
195 5 140 3 240 0
5 140 3 240 240 0
140 3 240 240 195 0
3 240 240 195 3 0
240 240 195 3 10 0
240 195 3 10 221 0
195 3 10 221 6 0
3 10 221 6 6 0
10 221 6 6 78 0
221 6 6 78 78 0
6 6 78 78 265 0
6 78 78 265 240 0
78 78 265 240 240 0
78 265 240 240 78 0
265 240 240 78 219 0
new
6 91 11 45 221 0
91 11 45 221 221 0
11 45 221 221 221 0
45 221 221 221 33 0
221 221 221 33 33 0
221 221 33 33 192 0
221 33 33 192 33 0
33 33 192 33 5 0
33 192 33 5 197 0
192 33 5 197 192 0
33 5 197 192 6 0
5 197 192 6 33 0
197 192 6 33 5 0
192 6 33 5 3 0
6 33 5 3 197 0
33 5 3 197 192 0
5 3 197 192 192 0
3 197 192 192 6 0
197 192 192 6 33 0
192 192 6 33 5 0
192 6 33 5 3 0
6 33 5 3 197 0
33 5 3 197 192 0
5 3 197 192 192 0
3 197 192 192 6 0
197 192 192 6 33 0
192 192 6 33 5 0
192 6 33 5 3 0
6 33 5 3 197 0
33 5 3 197 192 0
5 3 197 192 192 0
3 197 192 192 192 0
197 192 192 192 192 0
192 192 192 192 6 0
192 192 192 6 33 0
192 192 6 33 5 0
192 6 33 5 3 0
6 33 5 3 197 0
33 5 3 197 192 0
5 3 197 192 192 0
3 197 192 192 6 0
197 192 192 6 33 0
192 192 6 33 5 0
192 6 33 5 3 0
6 33 5 3 197 0
33 5 3 197 192 0
5 3 197 192 192 0
3 197 192 192 6 0
197 192 192 6 33 0
192 192 6 33 5 0
192 6 33 5 3 0
6 33 5 3 197 0
33 5 3 197 192 0
5 3 197 192 192 0
3 197 192 192 6 0
197 192 192 6 33 0
192 192 6 33 5 0
192 6 33 5 3 0
6 33 5 3 197 0
33 5 3 197 192 0
5 3 197 192 192 0
3 197 192 192 6 0
197 192 192 6 33 0
192 192 6 33 5 0
192 6 33 5 3 0
6 33 5 3 197 0
33 5 3 197 192 0
5 3 197 192 192 0
3 197 192 192 192 0
197 192 192 192 192 0
192 192 192 192 6 0
192 192 192 6 33 0
192 192 6 33 5 0
192 6 33 5 3 0
6 33 5 3 197 0
33 5 3 197 192 0
5 3 197 192 192 0
3 197 192 192 6 0
197 192 192 6 192 0
192 192 6 192 243 0
192 6 192 243 125 0
6 192 243 125 125 0
192 243 125 125 125 0
243 125 125 125 125 0
125 125 125 125 125 0
125 125 125 125 125 0
125 125 125 125 125 0
125 125 125 125 125 0
125 125 125 125 125 0
125 125 125 125 125 0
125 125 125 125 125 0
125 125 125 125 91 0
125 125 125 91 258 0
125 125 91 258 311 0
125 91 258 311 240 0
91 258 311 240 240 0
258 311 240 240 174 0
311 240 240 174 174 0
240 240 174 174 175 0
240 174 174 175 191 0
174 174 175 191 122 0
174 175 191 122 155 0
175 191 122 155 157 0
191 122 155 157 266 0
122 155 157 266 160 0
155 157 266 160 159 0
157 266 160 159 159 0
266 160 159 159 45 0
160 159 159 45 45 0
159 159 45 45 78 0
159 45 45 78 5 0
45 45 78 5 5 0
45 78 5 5 197 0
78 5 5 197 192 0
5 5 197 192 3 0
5 197 192 3 3 0
197 192 3 3 6 0
192 3 3 6 91 0
3 3 6 91 102 0
3 6 91 102 102 0
6 91 102 102 221 0
91 102 102 221 221 0
102 102 221 221 201 0
102 221 221 201 102 0
221 221 201 102 174 0
221 201 102 174 168 0
201 102 174 168 102 0
102 174 168 102 102 0
174 168 102 102 168 0
168 102 102 168 3 0
102 102 168 3 168 0
102 168 3 168 102 0
168 3 168 102 168 0
3 168 102 168 3 0
168 102 168 3 168 0
102 168 3 168 102 0
168 3 168 102 168 0
3 168 102 168 102 0
168 102 168 102 265 0
102 168 102 265 168 0
168 102 265 168 102 0
102 265 168 102 102 0
265 168 102 102 102 0
168 102 102 102 265 0
102 102 102 265 168 0
102 102 265 168 102 0
102 265 168 102 102 0
265 168 102 102 102 0
new
311 240 240 240 78 0
240 240 240 78 78 0
240 240 78 78 265 0
240 78 78 265 240 0
78 78 265 240 240 0
78 265 240 240 78 0
265 240 240 78 78 0
240 240 78 78 265 0
240 78 78 265 240 0
78 78 265 240 240 0
78 265 240 240 240 0
265 240 240 240 240 0
240 240 240 240 240 0
240 240 240 240 4 0
240 240 240 4 78 0
240 240 4 78 78 0
240 4 78 78 265 0
4 78 78 265 240 0
78 78 265 240 240 0
78 265 240 240 240 0
265 240 240 240 240 0
240 240 240 240 33 0
240 240 240 33 196 0
240 240 33 196 196 0
240 33 196 196 196 0
33 196 196 196 196 0
196 196 196 196 196 0
196 196 196 196 196 0
196 196 196 196 195 0
196 196 196 195 5 0
196 196 195 5 5 0
196 195 5 5 6 0
195 5 5 6 5 0
5 5 6 5 4 0
5 6 5 4 4 0
6 5 4 4 4 0
5 4 4 4 4 0
4 4 4 4 4 0
4 4 4 4 4 0
4 4 4 4 118 0
4 4 4 118 6 0
4 4 118 6 38 0
4 118 6 38 4 0
118 6 38 4 78 0
6 38 4 78 78 0
38 4 78 78 265 0
4 78 78 265 240 0
78 78 265 240 240 0
78 265 240 240 240 0
265 240 240 240 240 0
240 240 240 240 78 0
240 240 240 78 78 0
240 240 78 78 265 0
240 78 78 265 240 0
78 78 265 240 4 0
78 265 240 4 78 0
265 240 4 78 78 0
240 4 78 78 265 0
4 78 78 265 240 0
78 78 265 240 240 0
78 265 240 240 265 0
265 240 240 265 265 0
240 240 265 265 19 0
240 265 265 19 3 0
265 265 19 3 78 0
265 19 3 78 78 0
19 3 78 78 265 0
3 78 78 265 240 0
78 78 265 240 240 0
78 265 240 240 240 0
265 240 240 240 240 0
240 240 240 240 265 0
240 240 240 265 265 0
240 240 265 265 19 0
240 265 265 19 3 0
265 265 19 3 78 0
265 19 3 78 78 0
19 3 78 78 265 0
3 78 78 265 240 0
78 78 265 240 240 0
78 265 240 240 240 0
265 240 240 240 240 0
240 240 240 240 265 0
240 240 240 265 265 0
240 240 265 265 19 0
240 265 265 19 3 0
265 265 19 3 78 0
265 19 3 78 78 0
19 3 78 78 265 0
3 78 78 265 3 0
78 78 265 3 240 0
78 265 3 240 240 0
265 3 240 240 240 0
3 240 240 240 240 0
240 240 240 240 265 0
240 240 240 265 265 0
240 240 265 265 78 0
240 265 265 78 265 0
265 265 78 265 265 0
265 78 265 265 78 0
78 265 265 78 265 0
265 265 78 265 265 0
265 78 265 265 265 0
78 265 265 265 265 0
265 265 265 265 265 0
265 265 265 265 19 0
265 265 265 19 4 0
265 265 19 4 265 0
265 19 4 265 78 0
19 4 265 78 78 0
4 265 78 78 265 0
265 78 78 265 240 0
78 78 265 240 240 0
78 265 240 240 240 0
265 240 240 240 240 0
240 240 240 240 265 0
240 240 240 265 265 0
240 240 265 265 19 0
240 265 265 19 3 0
265 265 19 3 265 0
265 19 3 265 265 0
19 3 265 265 78 0
3 265 265 78 265 0
265 265 78 265 265 0
265 78 265 265 78 0
78 265 265 78 265 0
265 265 78 265 265 0
265 78 265 265 265 0
78 265 265 265 265 0
265 265 265 265 265 0
265 265 265 265 19 0
265 265 265 19 4 0
265 265 19 4 265 0
265 19 4 265 78 0
19 4 265 78 78 0
4 265 78 78 265 0
265 78 78 265 240 0
78 78 265 240 240 0
78 265 240 240 240 0
265 240 240 240 240 0
240 240 240 240 33 0
240 240 240 33 196 0
240 240 33 196 196 0
240 33 196 196 196 0
33 196 196 196 196 0
196 196 196 196 196 0
196 196 196 196 196 0
196 196 196 196 195 0
196 196 196 195 5 0
196 196 195 5 5 0
196 195 5 5 6 0
195 5 5 6 5 0
5 5 6 5 4 0
5 6 5 4 4 0
6 5 4 4 4 0
5 4 4 4 4 0
4 4 4 4 4 0
4 4 4 4 4 0
4 4 4 4 4 0
4 4 4 4 4 0
4 4 4 4 4 0
4 4 4 4 4 0
4 4 4 4 4 0
4 4 4 4 240 0
4 4 4 240 240 0
4 4 240 240 78 0
4 240 240 78 78 0
240 240 78 78 265 0
240 78 78 265 240 0
78 78 265 240 240 0
78 265 240 240 240 0
265 240 240 240 240 0
240 240 240 240 240 0
240 240 240 240 78 0
240 240 240 78 78 0
240 240 78 78 265 0
240 78 78 265 240 0
78 78 265 240 240 0
78 265 240 240 265 0
265 240 240 265 265 0
240 240 265 265 78 0
240 265 265 78 265 0
265 265 78 265 265 0
265 78 265 265 78 0
78 265 265 78 265 0
265 265 78 265 265 0
265 78 265 265 33 0
78 265 265 33 39 0
265 265 33 39 5 0
265 33 39 5 4 0
33 39 5 4 265 0
39 5 4 265 265 0
5 4 265 265 78 0
4 265 265 78 265 0
265 265 78 265 265 0
265 78 265 265 4 0
78 265 265 4 4 0
265 265 4 4 265 0
265 4 4 265 265 0
4 4 265 265 78 0
4 265 265 78 265 0
265 265 78 265 265 0
265 78 265 265 4 0
78 265 265 4 265 0
265 265 4 265 265 0
265 4 265 265 265 0
4 265 265 265 4 0
265 265 265 4 6 0
265 265 4 6 265 0
265 4 6 265 4 0
4 6 265 4 78 0
6 265 4 78 78 0
265 4 78 78 265 0
4 78 78 265 240 0
78 78 265 240 240 0
78 265 240 240 33 0
265 240 240 33 196 0
240 240 33 196 196 0
240 33 196 196 196 0
33 196 196 196 196 0
196 196 196 196 196 0
196 196 196 196 196 0
196 196 196 196 195 0
196 196 196 195 5 0
196 196 195 5 5 0
196 195 5 5 6 0
195 5 5 6 5 0
5 5 6 5 4 0
5 6 5 4 4 0
6 5 4 4 4 0
5 4 4 4 4 0
4 4 4 4 4 0
4 4 4 4 4 0
4 4 4 4 4 0
4 4 4 4 4 0
4 4 4 4 4 0
4 4 4 4 4 0
4 4 4 4 4 0
4 4 4 4 118 0
4 4 4 118 6 0
4 4 118 6 38 0
4 118 6 38 4 0
118 6 38 4 78 0
6 38 4 78 78 0
38 4 78 78 265 0
4 78 78 265 240 0
78 78 265 240 240 0
78 265 240 240 265 0
265 240 240 265 265 0
240 240 265 265 78 0
240 265 265 78 265 0
265 265 78 265 265 0
265 78 265 265 78 0
78 265 265 78 265 0
265 265 78 265 265 0
265 78 265 265 33 0
78 265 265 33 5 0
265 265 33 5 4 0
265 33 5 4 265 0
33 5 4 265 265 0
5 4 265 265 78 0
4 265 265 78 265 0
265 265 78 265 265 0
265 78 265 265 4 0
78 265 265 4 4 0
265 265 4 4 265 0
265 4 4 265 265 0
4 4 265 265 78 0
4 265 265 78 265 0
265 265 78 265 265 0
265 78 265 265 4 0
78 265 265 4 4 0
265 265 4 4 265 0
265 4 4 265 265 0
4 4 265 265 265 0
4 265 265 265 4 0
265 265 265 4 6 0
265 265 4 6 265 0
265 4 6 265 4 0
4 6 265 4 78 0
6 265 4 78 78 0
265 4 78 78 265 0
4 78 78 265 240 0
78 78 265 240 240 0
78 265 240 240 33 0
265 240 240 33 196 0
240 240 33 196 196 0
240 33 196 196 196 0
33 196 196 196 196 0
196 196 196 196 196 0
196 196 196 196 196 0
196 196 196 196 195 0
196 196 196 195 5 0
196 196 195 5 5 0
196 195 5 5 6 0
195 5 5 6 5 0
5 5 6 5 4 0
5 6 5 4 4 0
6 5 4 4 4 0
5 4 4 4 4 0
4 4 4 4 4 0
4 4 4 4 4 0
4 4 4 4 4 0
4 4 4 4 4 0
4 4 4 4 4 0
4 4 4 4 4 0
4 4 4 4 4 0
4 4 4 4 118 0
4 4 4 118 6 0
4 4 118 6 38 0
4 118 6 38 4 0
118 6 38 4 78 0
6 38 4 78 78 0
38 4 78 78 265 0
4 78 78 265 240 0
78 78 265 240 78 0
78 265 240 78 240 0
265 240 78 240 4 0
240 78 240 4 240 0
78 240 4 240 240 0
240 4 240 240 4 0
4 240 240 4 219 0
new
311 78 265 240 240 0
78 265 240 240 196 0
265 240 240 196 240 0
240 240 196 240 240 0
240 196 240 240 240 0
196 240 240 240 240 0
240 240 240 240 240 0
240 240 240 240 78 0
240 240 240 78 265 0
240 240 78 265 240 0
240 78 265 240 240 0
78 265 240 240 196 0
265 240 240 196 78 0
240 240 196 78 196 0
240 196 78 196 240 0
196 78 196 240 240 0
78 196 240 240 78 0
196 240 240 78 240 0
240 240 78 240 265 0
240 78 240 265 240 0
78 240 265 240 240 0
240 265 240 240 196 0
265 240 240 196 240 0
240 240 196 240 240 0
240 196 240 240 240 0
196 240 240 240 78 0
240 240 240 78 265 0
240 240 78 265 240 0
240 78 265 240 240 0
78 265 240 240 196 0
265 240 240 196 78 0
240 240 196 78 196 0
240 196 78 196 240 0
196 78 196 240 240 0
78 196 240 240 78 0
196 240 240 78 240 0
240 240 78 240 265 0
240 78 240 265 240 0
78 240 265 240 240 0
240 265 240 240 265 0
265 240 240 265 240 0
240 240 265 240 240 0
240 265 240 240 240 0
265 240 240 240 240 0
240 240 240 240 196 0
240 240 240 196 78 0
240 240 196 78 265 0
240 196 78 265 240 0
196 78 265 240 240 0
78 265 240 240 240 0
265 240 240 240 196 0
240 240 240 196 78 0
240 240 196 78 265 0
240 196 78 265 240 0
196 78 265 240 240 0
78 265 240 240 240 0
265 240 240 240 196 0
240 240 240 196 78 0
240 240 196 78 265 0
240 196 78 265 240 0
196 78 265 240 240 0
78 265 240 240 240 0
265 240 240 240 196 0
240 240 240 196 78 0
240 240 196 78 265 0
240 196 78 265 240 0
196 78 265 240 240 0
78 265 240 240 240 0
265 240 240 240 196 0
240 240 240 196 78 0
240 240 196 78 265 0
240 196 78 265 240 0
196 78 265 240 240 0
78 265 240 240 240 0
265 240 240 240 196 0
240 240 240 196 78 0
240 240 196 78 265 0
240 196 78 265 240 0
196 78 265 240 240 0
78 265 240 240 240 0
265 240 240 240 196 0
240 240 240 196 78 0
240 240 196 78 265 0
240 196 78 265 240 0
196 78 265 240 240 0
78 265 240 240 265 0
265 240 240 265 240 0
240 240 265 240 240 0
240 265 240 240 240 0
265 240 240 240 240 0
240 240 240 240 196 0
240 240 240 196 78 0
240 240 196 78 265 0
240 196 78 265 240 0
196 78 265 240 240 0
78 265 240 240 240 0
265 240 240 240 196 0
240 240 240 196 78 0
240 240 196 78 265 0
240 196 78 265 240 0
196 78 265 240 240 0
78 265 240 240 240 0
265 240 240 240 265 0
240 240 240 265 240 0
240 240 265 240 240 0
240 265 240 240 240 0
265 240 240 240 240 0
240 240 240 240 196 0
240 240 240 196 78 0
240 240 196 78 265 0
240 196 78 265 240 0
196 78 265 240 240 0
78 265 240 240 240 0
265 240 240 240 196 0
240 240 240 196 78 0
240 240 196 78 265 0
240 196 78 265 240 0
196 78 265 240 240 0
78 265 240 240 240 0
265 240 240 240 196 0
240 240 240 196 78 0
240 240 196 78 265 0
240 196 78 265 240 0
196 78 265 240 240 0
78 265 240 240 240 0
265 240 240 240 240 0
240 240 240 240 196 0
240 240 240 196 78 0
240 240 196 78 240 0
240 196 78 240 265 0
196 78 240 265 240 0
78 240 265 240 240 0
240 265 240 240 240 0
265 240 240 240 4 0
240 240 240 4 240 0
240 240 4 240 240 0
240 4 240 240 331 0
4 240 240 331 265 0
240 240 331 265 265 0
240 331 265 265 4 0
331 265 265 4 168 0
265 265 4 168 265 0
265 4 168 265 6 0
4 168 265 6 240 0
168 265 6 240 4 0
265 6 240 4 240 0
6 240 4 240 240 0
240 4 240 240 265 0
4 240 240 265 240 0
240 240 265 240 4 0
240 265 240 4 240 0
265 240 4 240 240 0
240 4 240 240 78 0
4 240 240 78 219 0
new
240 311 78 196 240 0
311 78 196 240 240 0
78 196 240 240 240 0
196 240 240 240 240 0
240 240 240 240 240 0
240 240 240 240 240 0
240 240 240 240 78 0
240 240 240 78 265 0
240 240 78 265 240 0
240 78 265 240 240 0
78 265 240 240 240 0
265 240 240 240 265 0
240 240 240 265 240 0
240 240 265 240 240 0
240 265 240 240 240 0
265 240 240 240 240 0
240 240 240 240 196 0
240 240 240 196 78 0
240 240 196 78 265 0
240 196 78 265 240 0
196 78 265 240 240 0
78 265 240 240 240 0
265 240 240 240 265 0
240 240 240 265 240 0
240 240 265 240 240 0
240 265 240 240 240 0
265 240 240 240 196 0
240 240 240 196 78 0
240 240 196 78 265 0
240 196 78 265 240 0
196 78 265 240 240 0
78 265 240 240 240 0
265 240 240 240 196 0
240 240 240 196 78 0
240 240 196 78 265 0
240 196 78 265 240 0
196 78 265 240 240 0
78 265 240 240 240 0
265 240 240 240 196 0
240 240 240 196 78 0
240 240 196 78 265 0
240 196 78 265 240 0
196 78 265 240 240 0
78 265 240 240 240 0
265 240 240 240 196 0
240 240 240 196 78 0
240 240 196 78 265 0
240 196 78 265 240 0
196 78 265 240 240 0
78 265 240 240 240 0
265 240 240 240 265 0
240 240 240 265 240 0
240 240 265 240 240 0
240 265 240 240 240 0
265 240 240 240 196 0
240 240 240 196 78 0
240 240 196 78 265 0
240 196 78 265 240 0
196 78 265 240 240 0
78 265 240 240 240 0
265 240 240 240 196 0
240 240 240 196 78 0
240 240 196 78 265 0
240 196 78 265 240 0
196 78 265 240 240 0
78 265 240 240 240 0
265 240 240 240 196 0
240 240 240 196 78 0
240 240 196 78 265 0
240 196 78 265 240 0
196 78 265 240 240 0
78 265 240 240 240 0
265 240 240 240 196 0
240 240 240 196 78 0
240 240 196 78 265 0
240 196 78 265 240 0
196 78 265 240 240 0
78 265 240 240 240 0
265 240 240 240 196 0
240 240 240 196 78 0
240 240 196 78 265 0
240 196 78 265 240 0
196 78 265 240 240 0
78 265 240 240 240 0
265 240 240 240 265 0
240 240 240 265 240 0
240 240 265 240 240 0
240 265 240 240 196 0
265 240 240 196 78 0
240 240 196 78 196 0
240 196 78 196 240 0
196 78 196 240 78 0
78 196 240 78 265 0
196 240 78 265 240 0
240 78 265 240 240 0
78 265 240 240 196 0
265 240 240 196 240 0
240 240 196 240 78 0
240 196 240 78 240 0
196 240 78 240 196 0
240 78 240 196 240 0
78 240 196 240 78 0
240 196 240 78 196 0
196 240 78 196 78 0
240 78 196 78 240 0
78 196 78 240 196 0
196 78 240 196 78 0
78 240 196 78 265 0
240 196 78 265 240 0
196 78 265 240 240 0
78 265 240 240 240 0
265 240 240 240 196 0
240 240 240 196 78 0
240 240 196 78 265 0
240 196 78 265 240 0
196 78 265 240 240 0
78 265 240 240 240 0
265 240 240 240 196 0
240 240 240 196 78 0
240 240 196 78 265 0
240 196 78 265 240 0
196 78 265 240 240 0
78 265 240 240 240 0
265 240 240 240 196 0
240 240 240 196 78 0
240 240 196 78 265 0
240 196 78 265 240 0
196 78 265 240 240 0
78 265 240 240 240 0
265 240 240 240 196 0
240 240 240 196 78 0
240 240 196 78 265 0
240 196 78 265 240 0
196 78 265 240 240 0
78 265 240 240 240 0
265 240 240 240 196 0
240 240 240 196 78 0
240 240 196 78 265 0
240 196 78 265 240 0
196 78 265 240 240 0
78 265 240 240 240 0
265 240 240 240 196 0
240 240 240 196 78 0
240 240 196 78 265 0
240 196 78 265 240 0
196 78 265 240 240 0
78 265 240 240 240 0
265 240 240 240 196 0
240 240 240 196 78 0
240 240 196 78 265 0
240 196 78 265 240 0
196 78 265 240 240 0
78 265 240 240 240 0
265 240 240 240 196 0
240 240 240 196 78 0
240 240 196 78 265 0
240 196 78 265 240 0
196 78 265 240 240 0
78 265 240 240 240 0
265 240 240 240 196 0
240 240 240 196 78 0
240 240 196 78 265 0
240 196 78 265 240 0
196 78 265 240 240 0
78 265 240 240 240 0
265 240 240 240 196 0
240 240 240 196 78 0
240 240 196 78 265 0
240 196 78 265 240 0
196 78 265 240 240 0
78 265 240 240 240 0
265 240 240 240 196 0
240 240 240 196 78 0
240 240 196 78 265 0
240 196 78 265 240 0
196 78 265 240 240 0
78 265 240 240 240 0
265 240 240 240 196 0
240 240 240 196 78 0
240 240 196 78 265 0
240 196 78 265 240 0
196 78 265 240 240 0
78 265 240 240 240 0
265 240 240 240 196 0
240 240 240 196 78 0
240 240 196 78 265 0
240 196 78 265 240 0
196 78 265 240 240 0
78 265 240 240 240 0
265 240 240 240 196 0
240 240 240 196 78 0
240 240 196 78 265 0
240 196 78 265 240 0
196 78 265 240 240 0
78 265 240 240 240 0
265 240 240 240 196 0
240 240 240 196 78 0
240 240 196 78 265 0
240 196 78 265 240 0
196 78 265 240 240 0
78 265 240 240 240 0
265 240 240 240 196 0
240 240 240 196 78 0
240 240 196 78 265 0
240 196 78 265 240 0
196 78 265 240 240 0
78 265 240 240 240 0
265 240 240 240 196 0
240 240 240 196 78 0
240 240 196 78 265 0
240 196 78 265 240 0
196 78 265 240 240 0
78 265 240 240 240 0
265 240 240 240 196 0
240 240 240 196 78 0
240 240 196 78 265 0
240 196 78 265 240 0
196 78 265 240 240 0
78 265 240 240 240 0
265 240 240 240 196 0
240 240 240 196 78 0
240 240 196 78 265 0
240 196 78 265 240 0
196 78 265 240 240 0
78 265 240 240 240 0
265 240 240 240 196 0
240 240 240 196 78 0
240 240 196 78 265 0
240 196 78 265 240 0
196 78 265 240 240 0
78 265 240 240 240 0
265 240 240 240 196 0
240 240 240 196 78 0
240 240 196 78 265 0
240 196 78 265 240 0
196 78 265 240 240 0
78 265 240 240 240 0
265 240 240 240 196 0
240 240 240 196 78 0
240 240 196 78 265 0
240 196 78 265 240 0
196 78 265 240 240 0
78 265 240 240 240 0
265 240 240 240 196 0
240 240 240 196 78 0
240 240 196 78 265 0
240 196 78 265 240 0
196 78 265 240 240 0
78 265 240 240 196 0
265 240 240 196 78 0
240 240 196 78 265 0
240 196 78 265 240 0
196 78 265 240 240 0
78 265 240 240 240 0
265 240 240 240 196 0
240 240 240 196 78 0
240 240 196 78 265 0
240 196 78 265 240 0
196 78 265 240 240 0
78 265 240 240 240 0
265 240 240 240 196 0
240 240 240 196 78 0
240 240 196 78 265 0
240 196 78 265 240 0
196 78 265 240 240 0
78 265 240 240 240 0
265 240 240 240 196 0
240 240 240 196 78 0
240 240 196 78 265 0
240 196 78 265 240 0
196 78 265 240 240 0
78 265 240 240 240 0
265 240 240 240 196 0
240 240 240 196 78 0
240 240 196 78 265 0
240 196 78 265 240 0
196 78 265 240 240 0
78 265 240 240 240 0
265 240 240 240 196 0
240 240 240 196 78 0
240 240 196 78 265 0
240 196 78 265 240 0
196 78 265 240 240 0
78 265 240 240 240 0
265 240 240 240 196 0
240 240 240 196 78 0
240 240 196 78 265 0
240 196 78 265 240 0
196 78 265 240 240 0
78 265 240 240 240 0
265 240 240 240 196 0
240 240 240 196 78 0
240 240 196 78 265 0
240 196 78 265 240 0
196 78 265 240 240 0
78 265 240 240 240 0
265 240 240 240 196 0
240 240 240 196 78 0
240 240 196 78 265 0
240 196 78 265 240 0
196 78 265 240 240 0
78 265 240 240 240 0
265 240 240 240 196 0
240 240 240 196 78 0
240 240 196 78 265 0
240 196 78 265 240 0
196 78 265 240 240 0
78 265 240 240 240 0
265 240 240 240 196 0
240 240 240 196 78 0
240 240 196 78 265 0
240 196 78 265 240 0
196 78 265 240 240 0
78 265 240 240 240 0
265 240 240 240 196 0
240 240 240 196 78 0
240 240 196 78 265 0
240 196 78 265 240 0
196 78 265 240 240 0
78 265 240 240 240 0
265 240 240 240 196 0
240 240 240 196 78 0
240 240 196 78 265 0
240 196 78 265 240 0
196 78 265 240 240 0
78 265 240 240 240 0
265 240 240 240 196 0
240 240 240 196 78 0
240 240 196 78 265 0
240 196 78 265 240 0
196 78 265 240 240 0
78 265 240 240 240 0
265 240 240 240 196 0
240 240 240 196 78 0
240 240 196 78 265 0
240 196 78 265 240 0
196 78 265 240 240 0
78 265 240 240 240 0
265 240 240 240 196 0
240 240 240 196 78 0
240 240 196 78 265 0
240 196 78 265 240 0
196 78 265 240 240 0
78 265 240 240 240 0
265 240 240 240 196 0
240 240 240 196 78 0
240 240 196 78 265 0
240 196 78 265 240 0
196 78 265 240 240 0
78 265 240 240 240 0
265 240 240 240 196 0
240 240 240 196 78 0
240 240 196 78 265 0
240 196 78 265 240 0
196 78 265 240 240 0
78 265 240 240 240 0
265 240 240 240 196 0
240 240 240 196 78 0
240 240 196 78 265 0
240 196 78 265 240 0
196 78 265 240 240 0
78 265 240 240 240 0
265 240 240 240 196 0
240 240 240 196 78 0
240 240 196 78 265 0
240 196 78 265 240 0
196 78 265 240 240 0
78 265 240 240 240 0
265 240 240 240 196 0
240 240 240 196 78 0
240 240 196 78 265 0
240 196 78 265 240 0
196 78 265 240 240 0
78 265 240 240 240 0
265 240 240 240 196 0
240 240 240 196 78 0
240 240 196 78 265 0
240 196 78 265 240 0
196 78 265 240 240 0
78 265 240 240 240 0
265 240 240 240 196 0
240 240 240 196 78 0
240 240 196 78 265 0
240 196 78 265 240 0
196 78 265 240 240 0
78 265 240 240 240 0
265 240 240 240 196 0
240 240 240 196 78 0
240 240 196 78 265 0
240 196 78 265 240 0
196 78 265 240 240 0
78 265 240 240 240 0
265 240 240 240 196 0
240 240 240 196 78 0
240 240 196 78 240 0
240 196 78 240 196 0
196 78 240 196 78 0
78 240 196 78 265 0
240 196 78 265 240 0
196 78 265 240 240 0
78 265 240 240 240 0
265 240 240 240 196 0
240 240 240 196 78 0
240 240 196 78 265 0
240 196 78 265 240 0
196 78 265 240 240 0
78 265 240 240 240 0
265 240 240 240 196 0
240 240 240 196 78 0
240 240 196 78 265 0
240 196 78 265 240 0
196 78 265 240 240 0
78 265 240 240 196 0
265 240 240 196 4 0
240 240 196 4 240 0
240 196 4 240 240 0
196 4 240 240 240 0
4 240 240 240 219 0
new
