6 11 11 0
11 11 45 0
11 45 33 0
45 33 192 0
33 192 33 0
192 33 5 0
33 5 195 0
5 195 5 0
195 5 195 0
5 195 5 0
195 5 195 0
5 195 5 0
195 5 195 0
5 195 3 0
195 3 33 0
3 33 6 0
33 6 5 0
6 5 125 0
5 125 125 0
125 125 125 0
125 125 45 0
125 45 199 0
45 199 4 0
199 4 4 0
4 4 3 0
4 3 4 0
3 4 4 0
4 4 4 0
4 4 4 0
4 4 3 0
4 3 3 0
3 3 4 0
3 4 3 0
4 3 3 0
3 3 3 0
3 3 4 0
3 4 4 0
4 4 3 0
4 3 3 0
3 3 4 0
3 4 4 0
4 4 3 0
4 3 3 0
3 3 4 0
3 4 4 0
4 4 3 0
4 3 4 0
3 4 4 0
4 4 3 0
4 3 4 0
3 4 4 0
4 4 4 0
4 4 4 0
4 4 4 0
4 4 4 0
4 4 4 0
4 4 91 0
4 91 45 0
91 45 45 0
45 45 45 0
45 45 19 0
45 19 3 0
19 3 19 0
3 19 3 0
19 3 19 0
3 19 3 0
19 3 19 0
3 19 3 0
19 3 19 0
3 19 3 0
19 3 19 0
3 19 3 0
19 3 19 0
3 19 3 0
19 3 19 0
3 19 3 0
19 3 19 0
3 19 3 0
19 3 3 0
3 3 3 0
3 3 3 0
3 3 19 0
3 19 19 0
19 19 19 0
19 19 3 0
19 3 19 0
3 19 19 0
19 19 3 0
19 3 19 0
3 19 19 0
19 19 3 0
19 3 3 0
3 3 3 0
3 3 19 0
3 19 19 0
19 19 19 0
19 19 3 0
19 3 19 0
3 19 19 0
19 19 19 0
19 19 19 0
19 19 3 0
19 3 19 0
3 19 3 0
19 3 19 0
3 19 19 0
19 19 3 0
19 3 3 0
3 3 19 0
3 19 19 0
19 19 19 0
19 19 3 0
19 3 19 0
3 19 3 0
19 3 19 0
3 19 19 0
19 19 3 0
19 3 19 0
3 19 3 0
19 3 3 0
3 3 19 0
3 19 3 0
19 3 19 0
3 19 19 0
19 19 3 0
19 3 19 0
3 19 3 0
19 3 19 0
3 19 3 0
19 3 19 0
3 19 3 0
19 3 19 0
3 19 3 0
19 3 19 0
3 19 19 0
19 19 3 0
19 3 3 0
3 3 19 0
3 19 19 0
19 19 19 0
19 19 19 0
19 19 3 0
19 3 19 0
3 19 19 0
19 19 19 0
19 19 19 0
19 19 19 0
19 19 3 0
19 3 3 0
3 3 3 0
3 3 3 0
3 3 3 0
3 3 19 0
3 19 3 0
19 3 3 0
3 3 3 0
3 3 3 0
3 3 19 0
3 19 3 0
19 3 3 0
3 3 19 0
3 19 19 0
19 19 19 0
19 19 19 0
19 19 3 0
19 3 3 0
3 3 3 0
3 3 19 0
3 19 3 0
19 3 19 0
3 19 19 0
19 19 3 0
19 3 3 0
3 3 19 0
3 19 3 0
19 3 19 0
3 19 3 0
19 3 19 0
3 19 19 0
19 19 3 0
19 3 3 0
3 3 19 0
3 19 19 0
19 19 19 0
19 19 3 0
19 3 19 0
3 19 3 0
19 3 19 0
3 19 19 0
19 19 19 0
19 19 19 0
19 19 19 0
19 19 19 0
19 19 19 0
19 19 3 0
19 3 19 0
3 19 19 0
19 19 3 0
19 3 3 0
3 3 19 0
3 19 19 0
19 19 19 0
19 19 19 0
19 19 3 0
19 3 19 0
3 19 19 0
19 19 3 0
19 3 3 0
3 3 19 0
3 19 19 0
19 19 19 0
19 19 3 0
19 3 3 0
3 3 19 0
3 19 3 0
19 3 3 0
3 3 3 0
3 3 3 0
3 3 3 0
3 3 3 0
3 3 3 0
3 3 19 0
3 19 3 0
19 3 3 0
3 3 19 0
3 19 3 0
19 3 3 0
3 3 19 0
3 19 3 0
19 3 19 0
3 19 3 0
19 3 19 0
3 19 3 0
19 3 19 0
3 19 19 0
19 19 19 0
19 19 19 0
19 19 19 0
19 19 19 0
19 19 3 0
19 3 3 0
3 3 19 0
3 19 3 0
19 3 45 0
3 45 45 0
45 45 174 0
45 174 174 0
174 174 174 0
174 174 19 0
174 19 3 0
19 3 19 0
3 19 3 0
19 3 19 0
3 19 3 0
19 3 19 0
3 19 3 0
19 3 19 0
3 19 3 0
19 3 19 0
3 19 3 0
19 3 19 0
3 19 3 0
19 3 19 0
3 19 3 0
19 3 19 0
3 19 3 0
19 3 19 0
3 19 19 0
19 19 19 0
19 19 19 0
19 19 19 0
19 19 19 0
19 19 19 0
19 19 3 0
19 3 3 0
3 3 19 0
3 19 19 0
19 19 19 0
19 19 19 0
19 19 3 0
19 3 3 0
3 3 3 0
3 3 3 0
3 3 19 0
3 19 3 0
19 3 19 0
3 19 3 0
19 3 19 0
3 19 19 0
19 19 19 0
19 19 3 0
19 3 19 0
3 19 19 0
19 19 19 0
19 19 19 0
19 19 19 0
19 19 3 0
19 3 19 0
3 19 3 0
19 3 3 0
3 3 19 0
3 19 19 0
19 19 19 0
19 19 19 0
19 19 19 0
19 19 3 0
19 3 19 0
3 19 3 0
19 3 3 0
3 3 19 0
3 19 3 0
19 3 3 0
3 3 19 0
3 19 3 0
19 3 19 0
3 19 19 0
19 19 19 0
19 19 19 0
19 19 19 0
19 19 19 0
19 19 19 0
19 19 3 0
19 3 19 0
3 19 19 0
19 19 3 0
19 3 3 0
3 3 19 0
3 19 3 0
19 3 19 0
3 19 3 0
19 3 3 0
3 3 3 0
3 3 3 0
3 3 3 0
3 3 3 0
3 3 3 0
3 3 19 0
3 19 3 0
19 3 19 0
3 19 19 0
19 19 3 0
19 3 19 0
3 19 3 0
19 3 3 0
3 3 19 0
3 19 19 0
19 19 3 0
19 3 3 0
3 3 19 0
3 19 3 0
19 3 3 0
3 3 3 0
3 3 19 0
3 19 19 0
19 19 19 0
19 19 3 0
19 3 19 0
3 19 19 0
19 19 3 0
19 3 19 0
3 19 19 0
19 19 3 0
19 3 19 0
3 19 3 0
19 3 3 0
3 3 3 0
3 3 19 0
3 19 3 0
19 3 3 0
3 3 3 0
3 3 3 0
3 3 19 0
3 19 3 0
19 3 3 0
3 3 3 0
3 3 19 0
3 19 3 0
19 3 19 0
3 19 19 0
19 19 19 0
19 19 19 0
19 19 3 0
19 3 19 0
3 19 19 0
19 19 3 0
19 3 3 0
3 3 3 0
3 3 3 0
3 3 19 0
3 19 3 0
19 3 3 0
3 3 19 0
3 19 3 0
19 3 19 0
3 19 19 0
19 19 3 0
19 3 3 0
3 3 19 0
3 19 19 0
19 19 3 0
19 3 3 0
3 3 3 0
3 3 3 0
3 3 3 0
3 3 19 0
3 19 19 0
19 19 3 0
19 3 3 0
3 3 19 0
3 19 19 0
19 19 19 0
19 19 19 0
19 19 3 0
19 3 19 0
3 19 221 0
19 221 6 0
221 6 45 0
6 45 45 0
45 45 5 0
45 5 221 0
5 221 12 0
221 12 19 0
12 19 220 0
19 220 196 0
220 196 19 0
196 19 3 0
19 3 3 0
3 3 6 0
3 6 7 0
6 7 195 0
7 195 120 0
195 120 120 0
120 120 175 0
120 175 3 0
175 3 3 0
3 3 3 0
3 3 6 0
3 6 19 0
6 19 196 0
19 196 19 0
196 19 196 0
19 196 196 0
196 196 196 0
196 196 196 0
196 196 3 0
196 3 3 0
3 3 196 0
3 196 196 0
196 196 19 0
196 19 196 0
19 196 19 0
196 19 196 0
19 196 19 0
196 19 3 0
19 3 196 0
3 196 196 0
196 196 196 0
196 196 3 0
196 3 196 0
3 196 196 0
196 196 196 0
196 196 3 0
196 3 3 0
3 3 3 0
3 3 19 0
3 19 19 0
19 19 196 0
19 196 196 0
196 196 196 0
196 196 196 0
196 196 19 0
196 19 19 0
19 19 196 0
19 196 196 0
196 196 196 0
196 196 7 0
196 7 119 0
7 119 120 0
119 120 120 0
120 120 3 0
120 3 196 0
3 196 3 0
196 3 19 0
3 19 19 0
19 19 196 0
19 196 196 0
196 196 3 0
196 3 196 0
3 196 3 0
196 3 19 0
3 19 196 0
19 196 3 0
196 3 19 0
3 19 196 0
19 196 3 0
196 3 19 0
3 19 19 0
19 19 196 0
19 196 3 0
196 3 196 0
3 196 196 0
196 196 3 0
196 3 196 0
3 196 3 0
196 3 3 0
3 3 196 0
3 196 3 0
196 3 3 0
3 3 19 0
3 19 19 0
19 19 19 0
19 19 196 0
19 196 19 0
196 19 196 0
19 196 196 0
196 196 196 0
196 196 196 0
196 196 196 0
196 196 196 0
196 196 196 0
196 196 196 0
196 196 196 0
196 196 196 0
196 196 196 0
196 196 19 0
196 19 19 0
19 19 196 0
19 196 3 0
196 3 220 0
3 220 196 0
220 196 196 0
196 196 196 0
196 196 196 0
196 196 19 0
196 19 196 0
19 196 196 0
196 196 196 0
196 196 3 0
196 3 196 0
3 196 3 0
196 3 196 0
3 196 196 0
196 196 120 0
196 120 7 0
120 7 120 0
7 120 175 0
120 175 120 0
175 120 3 0
120 3 3 0
3 3 3 0
3 3 3 0
3 3 3 0
3 3 3 0
3 3 3 0
3 3 3 0
3 3 3 0
3 3 3 0
3 3 3 0
3 3 3 0
3 3 3 0
3 3 19 0
3 19 4 0
19 4 19 0
4 19 196 0
19 196 196 0
196 196 3 0
196 3 19 0
3 19 3 0
19 3 196 0
3 196 120 0
196 120 120 0
120 120 120 0
120 120 7 0
120 7 3 0
7 3 3 0
3 3 120 0
3 120 3 0
120 3 7 0
3 7 5 0
7 5 120 0
5 120 120 0
120 120 3 0
120 3 3 0
3 3 19 0
3 19 196 0
19 196 3 0
196 3 3 0
3 3 196 0
3 196 19 0
196 19 3 0
19 3 3 0
3 3 3 0
3 3 19 0
3 19 196 0
19 196 196 0
196 196 3 0
196 3 196 0
3 196 196 0
196 196 3 0
196 3 196 0
3 196 3 0
196 3 196 0
3 196 3 0
196 3 196 0
3 196 196 0
196 196 3 0
196 3 196 0
3 196 196 0
196 196 196 0
196 196 3 0
196 3 3 0
3 3 196 0
3 196 196 0
196 196 196 0
196 196 3 0
196 3 3 0
3 3 196 0
3 196 196 0
196 196 196 0
196 196 196 0
196 196 196 0
196 196 4 0
196 4 196 0
4 196 196 0
196 196 196 0
196 196 196 0
196 196 3 0
196 3 196 0
3 196 196 0
196 196 196 0
196 196 118 0
196 118 221 0
118 221 6 0
221 6 220 0
6 220 6 0
220 6 13 0
6 13 5 0
13 5 197 0
5 197 221 0
197 221 3 0
221 3 3 0
3 3 19 0
3 19 118 0
19 118 221 0
118 221 6 0
221 6 38 0
6 38 19 0
38 19 220 0
19 220 6 0
220 6 118 0
6 118 6 0
118 6 197 0
6 197 6 0
197 6 19 0
6 19 3 0
19 3 19 0
3 19 220 0
19 220 3 0
220 3 4 0
3 4 19 0
4 19 19 0
19 19 19 0
19 19 3 0
19 3 3 0
3 3 220 0
3 220 174 0
220 174 91 0
174 91 19 0
91 19 19 0
19 19 3 0
19 3 3 0
3 3 19 0
3 19 3 0
19 3 3 0
3 3 19 0
3 19 3 0
19 3 19 0
3 19 220 0
19 220 5 0
220 5 4 0
5 4 5 0
4 5 3 0
5 3 19 0
3 19 3 0
19 3 3 0
3 3 3 0
3 3 19 0
3 19 3 0
19 3 19 0
3 19 19 0
19 19 19 0
19 19 3 0
19 3 3 0
3 3 19 0
3 19 3 0
19 3 3 0
3 3 19 0
3 19 3 0
19 3 19 0
3 19 3 0
19 3 19 0
3 19 19 0
19 19 221 0
19 221 3 0
221 3 220 0
3 220 19 0
220 19 195 0
19 195 120 0
195 120 6 0
120 6 196 0
6 196 19 0
196 19 196 0
19 196 196 0
196 196 196 0
196 196 196 0
196 196 120 0
196 120 6 0
120 6 7 0
6 7 119 0
7 119 195 0
119 195 120 0
195 120 19 0
120 19 196 0
19 196 196 0
196 196 196 0
196 196 3 0
196 3 6 0
3 6 118 0
6 118 221 0
118 221 6 0
221 6 220 0
6 220 6 0
220 6 13 0
6 13 5 0
13 5 19 0
5 19 118 0
19 118 221 0
118 221 6 0
221 6 38 0
6 38 15 0
38 15 19 0
15 19 220 0
19 220 220 0
220 220 220 0
220 220 5 0
220 5 220 0
5 220 19 0
220 19 3 0
19 3 3 0
3 3 5 0
3 5 174 0
5 174 4 0
174 4 91 0
4 91 19 0
91 19 3 0
19 3 3 0
3 3 19 0
3 19 19 0
19 19 19 0
19 19 19 0
19 19 3 0
19 3 19 0
3 19 19 0
19 19 19 0
19 19 3 0
19 3 3 0
3 3 3 0
3 3 221 0
3 221 3 0
221 3 3 0
3 3 3 0
3 3 3 0
3 3 220 0
3 220 10 0
220 10 5 0
10 5 19 0
5 19 19 0
19 19 3 0
19 3 6 0
3 6 19 0
6 19 19 0
19 19 3 0
19 3 19 0
3 19 19 0
19 19 3 0
19 3 3 0
3 3 19 0
3 19 195 0
19 195 3 0
195 3 3 0
3 3 3 0
3 3 91 0
3 91 3 0
91 3 19 0
3 19 3 0
19 3 3 0
3 3 3 0
3 3 3 0
3 3 19 0
3 19 3 0
19 3 3 0
3 3 3 0
3 3 19 0
3 19 3 0
19 3 3 0
3 3 3 0
3 3 221 0
3 221 3 0
221 3 3 0
3 3 19 0
3 19 19 0
19 19 221 0
19 221 5 0
221 5 3 0
5 3 19 0
3 19 3 0
19 3 195 0
3 195 5 0
195 5 3 0
5 3 3 0
3 3 19 0
3 19 3 0
19 3 19 0
3 19 19 0
19 19 19 0
19 19 3 0
19 3 19 0
3 19 19 0
19 19 5 0
19 5 197 0
5 197 19 0
197 19 3 0
19 3 10 0
3 10 3 0
10 3 91 0
3 91 3 0
91 3 3 0
3 3 220 0
3 220 4 0
220 4 19 0
4 19 3 0
19 3 220 0
3 220 192 0
220 192 4 0
192 4 3 0
4 3 19 0
3 19 5 0
19 5 5 0
5 5 3 0
5 3 3 0
3 3 19 0
3 19 3 0
19 3 19 0
3 19 19 0
19 19 3 0
19 3 3 0
3 3 10 0
3 10 19 0
10 19 3 0
19 3 10 0
3 10 174 0
10 174 3 0
174 3 91 0
3 91 19 0
91 19 19 0
19 19 19 0
19 19 3 0
19 3 221 0
3 221 174 0
221 174 5 0
174 5 4 0
5 4 15 0
4 15 19 0
15 19 3 0
19 3 3 0
3 3 10 0
new
311 78 240 0
78 240 33 0
240 33 195 0
33 195 196 0
195 196 78 0
196 78 195 0
78 195 195 0
195 195 195 0
195 195 195 0
195 195 195 0
195 195 195 0
195 195 195 0
195 195 195 0
195 195 195 0
195 195 195 0
195 195 78 0
195 78 78 0
78 78 240 0
78 240 240 0
240 240 78 0
240 78 33 0
78 33 33 0
33 33 33 0
33 33 5 0
33 5 197 0
5 197 192 0
197 192 240 0
192 240 240 0
240 240 78 0
240 78 265 0
78 265 240 0
265 240 240 0
240 240 78 0
240 78 33 0
78 33 195 0
33 195 196 0
195 196 78 0
196 78 78 0
78 78 78 0
78 78 78 0
78 78 33 0
78 33 33 0
33 33 33 0
33 33 5 0
33 5 197 0
5 197 192 0
197 192 3 0
192 3 3 0
3 3 6 0
3 6 91 0
6 91 195 0
91 195 196 0
195 196 196 0
196 196 196 0
196 196 196 0
196 196 4 0
196 4 78 0
4 78 265 0
78 265 240 0
265 240 240 0
240 240 5 0
240 5 197 0
5 197 78 0
197 78 265 0
78 265 240 0
265 240 240 0
240 240 3 0
240 3 4 0
3 4 240 0
4 240 78 0
240 78 265 0
78 265 240 0
265 240 240 0
240 240 240 0
240 240 3 0
240 3 4 0
3 4 240 0
4 240 78 0
240 78 265 0
78 265 240 0
265 240 240 0
240 240 197 0
240 197 4 0
197 4 78 0
4 78 265 0
78 265 240 0
265 240 240 0
240 240 6 0
240 6 4 0
6 4 78 0
4 78 265 0
78 265 33 0
265 33 195 0
33 195 5 0
195 5 4 0
5 4 240 0
4 240 240 0
240 240 240 0
240 240 240 0
240 240 78 0
240 78 265 0
78 265 240 0
265 240 240 0
240 240 78 0
240 78 265 0
78 265 240 0
265 240 240 0
240 240 240 0
240 240 78 0
240 78 240 0
78 240 33 0
240 33 195 0
33 195 196 0
195 196 78 0
196 78 195 0
78 195 195 0
195 195 195 0
195 195 195 0
195 195 195 0
195 195 195 0
195 195 195 0
195 195 195 0
195 195 195 0
195 195 195 0
195 195 78 0
195 78 78 0
78 78 78 0
78 78 33 0
78 33 33 0
33 33 33 0
33 33 5 0
33 5 197 0
5 197 192 0
197 192 3 0
192 3 3 0
3 3 6 0
3 6 91 0
6 91 195 0
91 195 195 0
195 195 196 0
195 196 196 0
196 196 196 0
196 196 196 0
196 196 196 0
196 196 196 0
196 196 91 0
196 91 6 0
91 6 91 0
6 91 6 0
91 6 268 0
6 268 5 0
268 5 197 0
5 197 192 0
197 192 5 0
192 5 197 0
5 197 192 0
197 192 78 0
192 78 265 0
78 265 240 0
265 240 240 0
240 240 3 0
240 3 4 0
3 4 78 0
4 78 265 0
78 265 240 0
265 240 240 0
240 240 6 0
240 6 240 0
6 240 4 0
240 4 240 0
4 240 78 0
240 78 265 0
78 265 240 0
265 240 240 0
240 240 78 0
240 78 219 0
new
174 6 6 0
6 6 5 0
6 5 220 0
5 220 221 0
220 221 221 0
221 221 221 0
221 221 221 0
221 221 221 0
221 221 221 0
221 221 221 0
221 221 221 0
221 221 221 0
221 221 221 0
221 221 221 0
221 221 221 0
221 221 221 0
221 221 221 0
221 221 221 0
221 221 221 0
221 221 221 0
221 221 221 0
221 221 221 0
221 221 221 0
221 221 221 0
221 221 221 0
221 221 221 0
221 221 221 0
221 221 221 0
221 221 221 0
221 221 221 0
221 221 221 0
221 221 221 0
221 221 221 0
221 221 221 0
221 221 221 0
221 221 221 0
221 221 221 0
221 221 221 0
221 221 221 0
221 221 221 0
221 221 221 0
221 221 221 0
221 221 221 0
221 221 221 0
221 221 221 0
221 221 221 0
221 221 221 0
221 221 221 0
221 221 221 0
221 221 221 0
221 221 221 0
221 221 221 0
221 221 221 0
221 221 221 0
221 221 221 0
221 221 221 0
221 221 221 0
221 221 221 0
221 221 221 0
221 221 221 0
221 221 221 0
221 221 221 0
221 221 221 0
221 221 221 0
221 221 221 0
221 221 221 0
221 221 221 0
221 221 221 0
221 221 221 0
221 221 221 0
221 221 221 0
221 221 221 0
221 221 221 0
221 221 220 0
221 220 6 0
220 6 63 0
6 63 6 0
63 6 5 0
6 5 63 0
5 63 6 0
63 6 11 0
6 11 45 0
11 45 33 0
45 33 192 0
33 192 33 0
192 33 5 0
33 5 197 0
5 197 192 0
197 192 6 0
192 6 33 0
6 33 5 0
33 5 3 0
5 3 197 0
3 197 192 0
197 192 192 0
192 192 6 0
192 6 33 0
6 33 5 0
33 5 3 0
5 3 197 0
3 197 192 0
197 192 192 0
192 192 6 0
192 6 33 0
6 33 5 0
33 5 3 0
5 3 197 0
3 197 192 0
197 192 192 0
192 192 192 0
192 192 197 0
192 197 6 0
197 6 5 0
6 5 125 0
5 125 125 0
125 125 174 0
125 174 174 0
174 174 45 0
174 45 5 0
45 5 197 0
5 197 91 0
197 91 5 0
91 5 3 0
5 3 3 0
3 3 201 0
3 201 102 0
201 102 3 0
102 3 91 0
3 91 192 0
91 192 33 0
192 33 6 0
33 6 125 0
6 125 5 0
125 5 221 0
5 221 221 0
221 221 197 0
221 197 180 0
197 180 221 0
180 221 180 0
221 180 180 0
180 180 197 0
180 197 192 0
197 192 3 0
192 3 5 0
3 5 5 0
5 5 197 0
5 197 192 0
197 192 3 0
192 3 3 0
3 3 3 0
3 3 3 0
3 3 3 0
3 3 3 0
3 3 3 0
3 3 3 0
3 3 3 0
3 3 3 0
3 3 3 0
3 3 3 0
3 3 6 0
3 6 91 0
6 91 240 0
91 240 5 0
240 5 3 0
5 3 197 0
3 197 192 0
197 192 6 0
192 6 125 0
6 125 3 0
125 3 3 0
3 3 3 0
3 3 3 0
3 3 180 0
3 180 180 0
180 180 6 0
180 6 91 0
new
311 78 240 0
78 240 240 0
240 240 240 0
240 240 240 0
240 240 240 0
240 240 240 0
240 240 240 0
240 240 240 0
240 240 240 0
240 240 240 0
240 240 240 0
240 240 240 0
240 240 240 0
240 240 240 0
240 240 240 0
240 240 240 0
240 240 240 0
240 240 240 0
240 240 240 0
240 240 195 0
240 195 195 0
195 195 240 0
195 240 240 0
240 240 240 0
240 240 240 0
240 240 240 0
240 240 240 0
240 240 240 0
240 240 240 0
240 240 240 0
240 240 240 0
240 240 240 0
240 240 240 0
240 240 240 0
240 240 240 0
240 240 78 0
240 78 78 0
78 78 265 0
78 265 240 0
265 240 240 0
240 240 78 0
240 78 265 0
78 265 240 0
265 240 240 0
240 240 240 0
240 240 240 0
240 240 78 0
240 78 240 0
78 240 195 0
240 195 240 0
195 240 240 0
240 240 240 0
240 240 240 0
240 240 240 0
240 240 240 0
240 240 240 0
240 240 240 0
240 240 240 0
240 240 240 0
240 240 240 0
240 240 195 0
240 195 195 0
195 195 240 0
195 240 240 0
240 240 240 0
240 240 240 0
240 240 240 0
240 240 240 0
240 240 240 0
240 240 240 0
240 240 240 0
240 240 240 0
240 240 240 0
240 240 240 0
240 240 240 0
240 240 240 0
240 240 240 0
240 240 240 0
240 240 240 0
240 240 78 0
240 78 78 0
78 78 265 0
78 265 240 0
265 240 240 0
240 240 240 0
240 240 195 0
240 195 195 0
195 195 240 0
195 240 240 0
240 240 240 0
240 240 240 0
240 240 240 0
240 240 240 0
240 240 240 0
240 240 240 0
240 240 240 0
240 240 33 0
240 33 195 0
33 195 78 0
195 78 240 0
78 240 240 0
240 240 240 0
240 240 240 0
240 240 240 0
240 240 240 0
240 240 78 0
240 78 78 0
78 78 219 0
new
11 45 221 0
45 221 221 0
221 221 221 0
221 221 33 0
221 33 33 0
33 33 192 0
33 192 33 0
192 33 5 0
33 5 197 0
5 197 192 0
197 192 6 0
192 6 33 0
6 33 5 0
33 5 3 0
5 3 197 0
3 197 192 0
197 192 192 0
192 192 6 0
192 6 33 0
6 33 5 0
33 5 3 0
5 3 197 0
3 197 192 0
197 192 192 0
192 192 6 0
192 6 33 0
6 33 5 0
33 5 3 0
5 3 197 0
3 197 192 0
197 192 192 0
192 192 192 0
192 192 6 0
192 6 33 0
6 33 5 0
33 5 3 0
5 3 197 0
3 197 192 0
197 192 192 0
192 192 192 0
192 192 6 0
192 6 192 0
6 192 243 0
192 243 125 0
243 125 125 0
125 125 125 0
125 125 125 0
125 125 125 0
125 125 125 0
125 125 91 0
125 91 45 0
91 45 45 0
45 45 5 0
45 5 197 0
5 197 192 0
197 192 192 0
192 192 6 0
192 6 201 0
6 201 174 0
201 174 174 0
174 174 174 0
174 174 191 0
174 191 75 0
191 75 221 0
75 221 221 0
221 221 221 0
221 221 5 0
221 5 197 0
5 197 192 0
197 192 3 0
192 3 3 0
3 3 6 0
3 6 91 0
6 91 5 0
91 5 197 0
5 197 192 0
197 192 6 0
192 6 33 0
6 33 5 0
33 5 3 0
5 3 197 0
3 197 192 0
197 192 192 0
192 192 6 0
192 6 33 0
6 33 5 0
33 5 3 0
5 3 197 0
3 197 192 0
197 192 192 0
192 192 192 0
192 192 6 0
192 6 125 0
6 125 125 0
125 125 91 0
125 91 5 0
91 5 197 0
5 197 192 0
197 192 6 0
192 6 33 0
6 33 5 0
33 5 3 0
5 3 197 0
3 197 192 0
197 192 192 0
192 192 6 0
192 6 33 0
6 33 5 0
33 5 3 0
5 3 197 0
3 197 192 0
197 192 192 0
192 192 6 0
192 6 125 0
6 125 125 0
125 125 91 0
125 91 5 0
91 5 221 0
5 221 5 0
221 5 197 0
5 197 192 0
197 192 3 0
192 3 3 0
3 3 6 0
3 6 91 0
6 91 5 0
91 5 102 0
5 102 102 0
102 102 102 0
102 102 13 0
102 13 102 0
13 102 102 0
102 102 102 0
102 102 102 0
102 102 102 0
102 102 102 0
102 102 102 0
102 102 6 0
102 6 5 0
6 5 197 0
5 197 197 0
197 197 192 0
197 192 3 0
192 3 140 0
3 140 3 0
140 3 6 0
3 6 91 0
6 91 122 0
91 122 54 0
122 54 54 0
54 54 54 0
54 54 199 0
54 199 102 0
199 102 102 0
102 102 6 0
102 6 102 0
6 102 102 0
102 102 6 0
102 6 5 0
6 5 140 0
5 140 197 0
140 197 192 0
197 192 140 0
192 140 91 0
140 91 6 0
91 6 205 0
6 205 205 0
205 205 204 0
205 204 203 0
204 203 183 0
203 183 203 0
183 203 213 0
203 213 204 0
213 204 196 0
204 196 204 0
196 204 203 0
204 203 5 0
203 5 197 0
5 197 192 0
197 192 3 0
192 3 140 0
3 140 221 0
140 221 203 0
221 203 213 0
203 213 204 0
213 204 54 0
204 54 3 0
54 3 3 0
3 3 5 0
3 5 221 0
5 221 141 0
221 141 195 0
141 195 141 0
195 141 6 0
141 6 196 0
6 196 204 0
196 204 203 0
204 203 5 0
203 5 197 0
5 197 192 0
197 192 3 0
192 3 140 0
3 140 221 0
140 221 203 0
221 203 213 0
203 213 204 0
213 204 54 0
204 54 3 0
54 3 3 0
3 3 3 0
3 3 54 0
3 54 6 0
54 6 91 0
6 91 3 0
91 3 54 0
3 54 5 0
54 5 140 0
5 140 197 0
140 197 192 0
197 192 140 0
192 140 91 0
140 91 6 0
91 6 102 0
6 102 102 0
102 102 102 0
102 102 13 0
102 13 3 0
13 3 3 0
3 3 3 0
3 3 3 0
3 3 91 0
3 91 5 0
91 5 140 0
5 140 197 0
140 197 91 0
197 91 33 0
91 33 5 0
33 5 140 0
5 140 27 0
140 27 174 0
27 174 27 0
174 27 221 0
27 221 3 0
221 3 3 0
3 3 3 0
3 3 3 0
3 3 3 0
3 3 3 0
3 3 3 0
3 3 3 0
3 3 3 0
3 3 3 0
3 3 3 0
3 3 3 0
3 3 221 0
3 221 27 0
221 27 174 0
27 174 6 0
174 6 199 0
6 199 201 0
199 201 13 0
201 13 102 0
13 102 102 0
102 102 102 0
102 102 142 0
102 142 13 0
142 13 4 0
13 4 199 0
4 199 195 0
199 195 197 0
195 197 5 0
197 5 192 0
5 192 3 0
192 3 6 0
3 6 91 0
6 91 5 0
91 5 140 0
5 140 197 0
140 197 192 0
197 192 140 0
192 140 91 0
140 91 6 0
91 6 5 0
6 5 140 0
5 140 197 0
140 197 192 0
197 192 140 0
192 140 91 0
140 91 6 0
91 6 54 0
6 54 174 0
54 174 174 0
174 174 174 0
174 174 174 0
174 174 174 0
174 174 174 0
174 174 174 0
174 174 174 0
174 174 174 0
174 174 4 0
174 4 3 0
4 3 27 0
3 27 4 0
27 4 174 0
4 174 174 0
174 174 174 0
174 174 174 0
174 174 174 0
174 174 174 0
174 174 174 0
174 174 174 0
174 174 174 0
174 174 13 0
174 13 102 0
13 102 13 0
102 13 102 0
13 102 4 0
102 4 13 0
4 13 199 0
13 199 195 0
199 195 5 0
195 5 197 0
5 197 192 0
197 192 3 0
192 3 6 0
3 6 91 0
6 91 5 0
91 5 140 0
5 140 197 0
140 197 192 0
197 192 140 0
192 140 91 0
140 91 6 0
91 6 5 0
6 5 140 0
5 140 197 0
140 197 192 0
197 192 140 0
192 140 91 0
140 91 6 0
91 6 54 0
6 54 174 0
54 174 174 0
174 174 174 0
174 174 174 0
174 174 174 0
174 174 174 0
174 174 174 0
174 174 174 0
174 174 174 0
174 174 4 0
174 4 3 0
4 3 27 0
3 27 4 0
27 4 174 0
4 174 174 0
174 174 174 0
174 174 174 0
174 174 174 0
174 174 174 0
174 174 174 0
174 174 174 0
174 174 174 0
174 174 13 0
174 13 102 0
13 102 13 0
102 13 102 0
13 102 4 0
102 4 91 0
4 91 91 0
91 91 91 0
91 91 91 0
91 91 91 0
91 91 91 0
91 91 91 0
91 91 91 0
91 91 91 0
91 91 91 0
91 91 4 0
91 4 6 0
4 6 91 0
new
102 4 102 0
4 102 4 0
102 4 3 0
4 3 4 0
3 4 168 0
4 168 3 0
168 3 102 0
3 102 4 0
102 4 4 0
4 4 168 0
4 168 45 0
168 45 4 0
45 4 240 0
4 240 42 0
240 42 102 0
42 102 102 0
102 102 4 0
102 4 168 0
4 168 240 0
168 240 102 0
240 102 168 0
102 168 4 0
168 4 168 0
4 168 102 0
168 102 102 0
102 102 4 0
102 4 168 0
4 168 168 0
168 168 168 0
168 168 168 0
168 168 102 0
168 102 102 0
102 102 6 0
102 6 6 0
6 6 168 0
6 168 4 0
168 4 168 0
4 168 42 0
168 42 221 0
42 221 221 0
221 221 221 0
221 221 221 0
221 221 221 0
221 221 221 0
221 221 221 0
221 221 221 0
221 221 168 0
221 168 3 0
168 3 102 0
3 102 168 0
102 168 102 0
168 102 168 0
102 168 102 0
168 102 6 0
102 6 6 0
6 6 168 0
6 168 4 0
168 4 168 0
4 168 42 0
168 42 221 0
42 221 221 0
221 221 221 0
221 221 221 0
221 221 221 0
221 221 221 0
221 221 221 0
221 221 221 0
221 221 168 0
221 168 3 0
168 3 102 0
3 102 168 0
102 168 102 0
168 102 168 0
102 168 102 0
168 102 6 0
102 6 6 0
6 6 168 0
6 168 4 0
168 4 168 0
4 168 42 0
168 42 221 0
42 221 221 0
221 221 221 0
221 221 221 0
221 221 221 0
221 221 221 0
221 221 221 0
221 221 221 0
221 221 168 0
221 168 3 0
168 3 102 0
3 102 240 0
102 240 240 0
240 240 168 0
240 168 240 0
168 240 3 0
240 3 240 0
3 240 240 0
240 240 240 0
240 240 240 0
240 240 240 0
240 240 102 0
240 102 168 0
102 168 240 0
168 240 3 0
240 3 240 0
3 240 240 0
240 240 240 0
240 240 240 0
240 240 240 0
240 240 102 0
240 102 168 0
102 168 3 0
168 3 102 0
3 102 168 0
102 168 102 0
168 102 168 0
102 168 102 0
168 102 6 0
102 6 6 0
6 6 168 0
6 168 4 0
168 4 168 0
4 168 42 0
168 42 221 0
42 221 221 0
221 221 221 0
221 221 221 0
221 221 221 0
221 221 221 0
221 221 221 0
221 221 221 0
221 221 168 0
221 168 3 0
168 3 102 0
3 102 168 0
102 168 102 0
168 102 168 0
102 168 102 0
168 102 6 0
102 6 6 0
6 6 168 0
6 168 4 0
168 4 168 0
4 168 42 0
168 42 221 0
42 221 221 0
221 221 221 0
221 221 221 0
221 221 221 0
221 221 221 0
221 221 221 0
221 221 221 0
221 221 168 0
221 168 3 0
168 3 102 0
3 102 168 0
102 168 102 0
168 102 168 0
102 168 102 0
168 102 6 0
102 6 6 0
6 6 168 0
6 168 4 0
168 4 168 0
4 168 42 0
168 42 221 0
42 221 221 0
221 221 221 0
221 221 221 0
221 221 221 0
221 221 221 0
221 221 221 0
221 221 221 0
221 221 240 0
221 240 240 0
240 240 168 0
240 168 240 0
168 240 3 0
240 3 240 0
3 240 102 0
240 102 168 0
102 168 240 0
168 240 3 0
240 3 240 0
3 240 102 0
240 102 102 0
102 102 168 0
102 168 4 0
168 4 42 0
4 42 168 0
42 168 3 0
168 3 102 0
3 102 102 0
102 102 168 0
102 168 102 0
168 102 6 0
102 6 6 0
6 6 168 0
6 168 4 0
168 4 168 0
4 168 42 0
168 42 221 0
42 221 221 0
221 221 221 0
221 221 221 0
221 221 221 0
221 221 221 0
221 221 221 0
221 221 221 0
221 221 240 0
221 240 168 0
240 168 3 0
168 3 102 0
3 102 168 0
102 168 102 0
168 102 168 0
102 168 102 0
168 102 6 0
102 6 6 0
6 6 168 0
6 168 4 0
168 4 168 0
4 168 42 0
168 42 221 0
42 221 221 0
221 221 221 0
221 221 221 0
221 221 221 0
221 221 221 0
221 221 221 0
221 221 221 0
221 221 168 0
221 168 3 0
168 3 102 0
3 102 168 0
102 168 168 0
168 168 102 0
168 102 102 0
102 102 6 0
102 6 6 0
6 6 168 0
6 168 4 0
168 4 168 0
4 168 42 0
168 42 221 0
42 221 221 0
221 221 221 0
221 221 221 0
221 221 221 0
221 221 221 0
221 221 221 0
221 221 221 0
221 221 168 0
221 168 240 0
168 240 3 0
240 3 240 0
3 240 102 0
240 102 168 0
102 168 102 0
168 102 168 0
102 168 102 0
168 102 6 0
102 6 6 0
6 6 168 0
6 168 4 0
168 4 168 0
4 168 42 0
168 42 221 0
42 221 221 0
221 221 221 0
221 221 221 0
221 221 221 0
221 221 221 0
221 221 221 0
221 221 221 0
221 221 168 0
221 168 3 0
168 3 102 0
3 102 168 0
102 168 168 0
168 168 102 0
168 102 102 0
102 102 6 0
102 6 6 0
6 6 168 0
6 168 4 0
168 4 168 0
4 168 42 0
168 42 221 0
42 221 221 0
221 221 221 0
221 221 221 0
221 221 221 0
221 221 221 0
221 221 221 0
221 221 221 0
221 221 168 0
221 168 3 0
168 3 102 0
3 102 168 0
new
168 54 102 0
54 102 6 0
102 6 102 0
6 102 102 0
102 102 102 0
102 102 102 0
102 102 102 0
102 102 102 0
102 102 102 0
102 102 102 0
102 102 102 0
102 102 102 0
102 102 102 0
102 102 240 0
102 240 78 0
240 78 240 0
78 240 265 0
240 265 102 0
265 102 102 0
102 102 102 0
102 102 13 0
102 13 102 0
13 102 102 0
102 102 102 0
102 102 102 0
102 102 6 0
102 6 195 0
6 195 5 0
195 5 197 0
5 197 192 0
197 192 3 0
192 3 3 0
3 3 6 0
3 6 91 0
6 91 195 0
91 195 102 0
195 102 102 0
102 102 78 0
102 78 168 0
78 168 102 0
168 102 168 0
102 168 54 0
168 54 102 0
54 102 6 0
102 6 102 0
6 102 102 0
102 102 102 0
102 102 102 0
102 102 102 0
102 102 102 0
102 102 102 0
102 102 102 0
102 102 102 0
102 102 6 0
102 6 265 0
6 265 78 0
265 78 265 0
78 265 4 0
265 4 240 0
4 240 78 0
240 78 78 0
78 78 265 0
78 265 102 0
265 102 168 0
102 168 54 0
168 54 102 0
54 102 6 0
102 6 102 0
6 102 102 0
102 102 102 0
102 102 102 0
102 102 102 0
102 102 102 0
102 102 102 0
102 102 102 0
102 102 102 0
102 102 102 0
102 102 102 0
102 102 102 0
102 102 102 0
102 102 102 0
102 102 102 0
102 102 102 0
102 102 102 0
102 102 102 0
102 102 102 0
102 102 102 0
102 102 102 0
102 102 102 0
102 102 102 0
102 102 102 0
102 102 102 0
102 102 102 0
102 102 102 0
102 102 102 0
102 102 102 0
102 102 102 0
102 102 102 0
102 102 102 0
102 102 102 0
102 102 102 0
102 102 91 0
102 91 102 0
91 102 168 0
102 168 54 0
168 54 102 0
54 102 6 0
102 6 102 0
6 102 102 0
102 102 102 0
102 102 102 0
102 102 102 0
102 102 102 0
102 102 102 0
102 102 102 0
102 102 102 0
102 102 102 0
102 102 102 0
102 102 102 0
102 102 102 0
102 102 102 0
102 102 102 0
102 102 102 0
102 102 102 0
102 102 102 0
102 102 102 0
102 102 102 0
102 102 102 0
102 102 102 0
102 102 102 0
102 102 102 0
102 102 102 0
102 102 102 0
102 102 102 0
102 102 102 0
102 102 102 0
102 102 102 0
102 102 102 0
102 102 102 0
102 102 102 0
102 102 6 0
102 6 265 0
6 265 78 0
265 78 78 0
78 78 265 0
78 265 102 0
265 102 102 0
102 102 102 0
102 102 13 0
102 13 102 0
13 102 102 0
102 102 102 0
102 102 102 0
102 102 6 0
102 6 195 0
6 195 5 0
195 5 197 0
5 197 192 0
197 192 3 0
192 3 3 0
3 3 6 0
3 6 91 0
6 91 195 0
91 195 168 0
195 168 54 0
168 54 102 0
54 102 6 0
102 6 102 0
6 102 102 0
102 102 102 0
102 102 102 0
102 102 102 0
102 102 102 0
102 102 102 0
102 102 102 0
102 102 102 0
102 102 102 0
102 102 102 0
102 102 102 0
102 102 102 0
102 102 102 0
102 102 102 0
102 102 102 0
102 102 102 0
102 102 102 0
102 102 102 0
102 102 102 0
102 102 102 0
102 102 102 0
102 102 102 0
102 102 102 0
102 102 102 0
102 102 102 0
102 102 102 0
102 102 102 0
102 102 102 0
102 102 102 0
102 102 102 0
102 102 102 0
102 102 102 0
102 102 6 0
102 6 265 0
6 265 78 0
265 78 78 0
78 78 265 0
78 265 102 0
265 102 102 0
102 102 102 0
102 102 13 0
102 13 168 0
13 168 54 0
168 54 102 0
54 102 6 0
102 6 265 0
6 265 78 0
265 78 78 0
78 78 265 0
78 265 102 0
265 102 102 0
102 102 102 0
102 102 13 0
102 13 102 0
13 102 102 0
102 102 102 0
102 102 102 0
102 102 6 0
102 6 195 0
6 195 5 0
195 5 197 0
5 197 192 0
197 192 3 0
192 3 3 0
3 3 6 0
3 6 91 0
6 91 195 0
91 195 102 0
195 102 102 0
102 102 78 0
102 78 168 0
78 168 102 0
168 102 168 0
102 168 54 0
168 54 102 0
54 102 6 0
102 6 265 0
6 265 78 0
265 78 78 0
78 78 78 0
78 78 265 0
78 265 195 0
265 195 102 0
195 102 168 0
102 168 54 0
168 54 102 0
54 102 6 0
102 6 102 0
6 102 102 0
102 102 102 0
102 102 102 0
102 102 102 0
102 102 102 0
102 102 6 0
102 6 265 0
6 265 78 0
265 78 78 0
78 78 265 0
78 265 102 0
265 102 102 0
102 102 102 0
102 102 13 0
102 13 102 0
13 102 102 0
102 102 102 0
102 102 102 0
102 102 6 0
102 6 195 0
6 195 5 0
195 5 197 0
5 197 192 0
197 192 3 0
192 3 3 0
3 3 6 0
3 6 91 0
6 91 195 0
91 195 102 0
195 102 102 0
102 102 78 0
102 78 168 0
78 168 102 0
168 102 168 0
102 168 54 0
168 54 102 0
54 102 6 0
102 6 265 0
6 265 78 0
265 78 78 0
78 78 265 0
78 265 102 0
265 102 102 0
102 102 102 0
102 102 13 0
102 13 102 0
13 102 102 0
102 102 102 0
102 102 102 0
102 102 6 0
102 6 195 0
6 195 5 0
195 5 197 0
5 197 192 0
197 192 3 0
192 3 3 0
3 3 6 0
3 6 91 0
6 91 195 0
91 195 102 0
195 102 102 0
102 102 78 0
102 78 168 0
78 168 102 0
168 102 168 0
102 168 54 0
168 54 102 0
54 102 6 0
102 6 102 0
6 102 102 0
102 102 102 0
102 102 102 0
102 102 102 0
102 102 102 0
102 102 6 0
102 6 265 0
6 265 78 0
265 78 78 0
78 78 265 0
78 265 102 0
265 102 102 0
102 102 102 0
102 102 13 0
102 13 102 0
13 102 102 0
102 102 102 0
102 102 102 0
102 102 6 0
102 6 195 0
6 195 5 0
195 5 197 0
5 197 192 0
197 192 3 0
192 3 3 0
3 3 6 0
3 6 91 0
6 91 195 0
91 195 102 0
195 102 102 0
102 102 78 0
102 78 168 0
78 168 102 0
168 102 168 0
102 168 54 0
168 54 102 0
54 102 6 0
102 6 265 0
6 265 78 0
265 78 78 0
78 78 265 0
78 265 102 0
265 102 102 0
102 102 102 0
102 102 13 0
102 13 102 0
13 102 102 0
102 102 102 0
102 102 102 0
102 102 6 0
102 6 195 0
6 195 5 0
195 5 197 0
5 197 192 0
197 192 3 0
192 3 3 0
3 3 6 0
3 6 91 0
6 91 195 0
91 195 102 0
195 102 102 0
102 102 78 0
102 78 168 0
78 168 102 0
168 102 168 0
102 168 54 0
168 54 102 0
54 102 6 0
102 6 265 0
6 265 78 0
265 78 78 0
78 78 265 0
78 265 102 0
265 102 102 0
102 102 102 0
102 102 13 0
102 13 102 0
13 102 102 0
102 102 102 0
102 102 102 0
102 102 6 0
102 6 195 0
6 195 5 0
195 5 197 0
5 197 192 0
197 192 3 0
192 3 3 0
3 3 6 0
3 6 91 0
6 91 195 0
91 195 102 0
195 102 102 0
102 102 78 0
102 78 168 0
78 168 102 0
168 102 168 0
102 168 54 0
168 54 102 0
54 102 6 0
102 6 265 0
6 265 78 0
265 78 78 0
78 78 78 0
78 78 265 0
78 265 240 0
265 240 168 0
240 168 54 0
168 54 102 0
54 102 6 0
102 6 265 0
6 265 78 0
265 78 78 0
78 78 78 0
78 78 265 0
78 265 78 0
265 78 240 0
78 240 265 0
240 265 102 0
265 102 102 0
102 102 102 0
102 102 13 0
102 13 102 0
13 102 102 0
102 102 102 0
102 102 102 0
102 102 6 0
102 6 195 0
6 195 240 0
195 240 5 0
240 5 197 0
5 197 192 0
197 192 3 0
192 3 3 0
3 3 6 0
3 6 91 0
6 91 240 0
91 240 195 0
240 195 102 0
195 102 102 0
102 102 78 0
102 78 168 0
78 168 102 0
168 102 168 0
102 168 54 0
168 54 102 0
54 102 6 0
102 6 265 0
6 265 78 0
265 78 78 0
78 78 265 0
78 265 102 0
265 102 102 0
102 102 102 0
102 102 13 0
102 13 102 0
13 102 102 0
102 102 102 0
102 102 102 0
102 102 6 0
102 6 195 0
6 195 5 0
195 5 197 0
5 197 192 0
197 192 3 0
192 3 3 0
3 3 6 0
3 6 91 0
6 91 195 0
91 195 102 0
195 102 102 0
102 102 78 0
102 78 168 0
78 168 102 0
168 102 168 0
102 168 54 0
168 54 102 0
54 102 6 0
102 6 265 0
6 265 78 0
265 78 78 0
78 78 265 0
78 265 102 0
265 102 102 0
102 102 102 0
102 102 13 0
102 13 102 0
13 102 102 0
102 102 102 0
102 102 102 0
102 102 6 0
102 6 195 0
6 195 5 0
195 5 197 0
5 197 192 0
197 192 3 0
192 3 3 0
3 3 6 0
3 6 91 0
6 91 195 0
91 195 102 0
195 102 3 0
102 3 168 0
3 168 54 0
168 54 102 0
54 102 6 0
102 6 102 0
6 102 168 0
102 168 102 0
168 102 197 0
102 197 91 0
197 91 102 0
91 102 168 0
102 168 54 0
168 54 102 0
54 102 6 0
102 6 102 0
6 102 102 0
102 102 102 0
102 102 102 0
102 102 102 0
102 102 102 0
102 102 6 0
102 6 265 0
6 265 78 0
265 78 4 0
78 4 78 0
4 78 78 0
78 78 265 0
78 265 168 0
265 168 91 0
168 91 168 0
91 168 54 0
168 54 168 0
54 168 54 0
168 54 102 0
54 102 6 0
102 6 265 0
6 265 78 0
265 78 78 0
78 78 265 0
78 265 102 0
265 102 102 0
102 102 5 0
102 5 91 0
5 91 168 0
91 168 54 0
168 54 102 0
54 102 6 0
102 6 195 0
6 195 5 0
195 5 197 0
5 197 192 0
197 192 3 0
192 3 3 0
3 3 6 0
3 6 91 0
6 91 195 0
91 195 102 0
195 102 102 0
102 102 78 0
102 78 168 0
78 168 102 0
168 102 78 0
102 78 102 0
78 102 168 0
102 168 54 0
168 54 102 0
54 102 6 0
102 6 195 0
6 195 5 0
195 5 102 0
5 102 6 0
102 6 78 0
6 78 3 0
78 3 102 0
3 102 168 0
102 168 54 0
168 54 102 0
54 102 6 0
102 6 265 0
6 265 78 0
265 78 78 0
78 78 265 0
78 265 102 0
265 102 102 0
102 102 102 0
102 102 13 0
102 13 102 0
13 102 91 0
102 91 102 0
91 102 6 0
102 6 91 0
6 91 102 0
91 102 102 0
102 102 168 0
102 168 54 0
168 54 102 0
54 102 6 0
102 6 265 0
6 265 78 0
265 78 78 0
78 78 78 0
78 78 265 0
78 265 240 0
265 240 78 0
240 78 240 0
78 240 219 0
new
311 240 240 0
240 240 240 0
240 240 78 0
240 78 78 0
78 78 265 0
78 265 240 0
265 240 240 0
240 240 78 0
240 78 78 0
78 78 265 0
78 265 240 0
265 240 240 0
240 240 240 0
240 240 240 0
240 240 240 0
240 240 4 0
240 4 78 0
4 78 78 0
78 78 265 0
78 265 240 0
265 240 240 0
240 240 240 0
240 240 240 0
240 240 33 0
240 33 196 0
33 196 196 0
196 196 196 0
196 196 196 0
196 196 196 0
196 196 196 0
196 196 195 0
196 195 5 0
195 5 5 0
5 5 6 0
5 6 5 0
6 5 4 0
5 4 4 0
4 4 4 0
4 4 4 0
4 4 4 0
4 4 4 0
4 4 118 0
4 118 6 0
118 6 38 0
6 38 4 0
38 4 78 0
4 78 78 0
78 78 265 0
78 265 240 0
265 240 240 0
240 240 240 0
240 240 240 0
240 240 78 0
240 78 78 0
78 78 265 0
78 265 240 0
265 240 4 0
240 4 78 0
4 78 78 0
78 78 265 0
78 265 240 0
265 240 240 0
240 240 265 0
240 265 265 0
265 265 19 0
265 19 3 0
19 3 78 0
3 78 78 0
78 78 265 0
78 265 240 0
265 240 240 0
240 240 240 0
240 240 240 0
240 240 265 0
240 265 265 0
265 265 19 0
265 19 3 0
19 3 78 0
3 78 78 0
78 78 265 0
78 265 240 0
265 240 240 0
240 240 240 0
240 240 240 0
240 240 265 0
240 265 265 0
265 265 19 0
265 19 3 0
19 3 78 0
3 78 78 0
78 78 265 0
78 265 3 0
265 3 240 0
3 240 240 0
240 240 240 0
240 240 240 0
240 240 265 0
240 265 265 0
265 265 78 0
265 78 265 0
78 265 265 0
265 265 78 0
265 78 265 0
78 265 265 0
265 265 265 0
265 265 265 0
265 265 265 0
265 265 19 0
265 19 4 0
19 4 265 0
4 265 78 0
265 78 78 0
78 78 265 0
78 265 240 0
265 240 240 0
240 240 240 0
240 240 240 0
240 240 265 0
240 265 265 0
265 265 19 0
265 19 3 0
19 3 265 0
3 265 265 0
265 265 78 0
265 78 265 0
78 265 265 0
265 265 78 0
265 78 265 0
78 265 265 0
265 265 265 0
265 265 265 0
265 265 265 0
265 265 19 0
265 19 4 0
19 4 265 0
4 265 78 0
265 78 78 0
78 78 265 0
78 265 240 0
265 240 240 0
240 240 240 0
240 240 240 0
240 240 33 0
240 33 196 0
33 196 196 0
196 196 196 0
196 196 196 0
196 196 196 0
196 196 196 0
196 196 195 0
196 195 5 0
195 5 5 0
5 5 6 0
5 6 5 0
6 5 4 0
5 4 4 0
4 4 4 0
4 4 4 0
4 4 4 0
4 4 4 0
4 4 4 0
4 4 4 0
4 4 4 0
4 4 4 0
4 4 4 0
4 4 240 0
4 240 240 0
240 240 78 0
240 78 78 0
78 78 265 0
78 265 240 0
265 240 240 0
240 240 240 0
240 240 240 0
240 240 240 0
240 240 78 0
240 78 78 0
78 78 265 0
78 265 240 0
265 240 240 0
240 240 265 0
240 265 265 0
265 265 78 0
265 78 265 0
78 265 265 0
265 265 78 0
265 78 265 0
78 265 265 0
265 265 33 0
265 33 39 0
33 39 5 0
39 5 4 0
5 4 265 0
4 265 265 0
265 265 78 0
265 78 265 0
78 265 265 0
265 265 4 0
265 4 4 0
4 4 265 0
4 265 265 0
265 265 78 0
265 78 265 0
78 265 265 0
265 265 4 0
265 4 265 0
4 265 265 0
265 265 265 0
265 265 4 0
265 4 6 0
4 6 265 0
6 265 4 0
265 4 78 0
4 78 78 0
78 78 265 0
78 265 240 0
265 240 240 0
240 240 33 0
240 33 196 0
33 196 196 0
196 196 196 0
196 196 196 0
196 196 196 0
196 196 196 0
196 196 195 0
196 195 5 0
195 5 5 0
5 5 6 0
5 6 5 0
6 5 4 0
5 4 4 0
4 4 4 0
4 4 4 0
4 4 4 0
4 4 4 0
4 4 4 0
4 4 4 0
4 4 4 0
4 4 4 0
4 4 4 0
4 4 118 0
4 118 6 0
118 6 38 0
6 38 4 0
38 4 78 0
4 78 78 0
78 78 265 0
78 265 240 0
265 240 240 0
240 240 265 0
240 265 265 0
265 265 78 0
265 78 265 0
78 265 265 0
265 265 78 0
265 78 265 0
78 265 265 0
265 265 33 0
265 33 5 0
33 5 4 0
5 4 265 0
4 265 265 0
265 265 78 0
265 78 265 0
78 265 265 0
265 265 4 0
265 4 4 0
4 4 265 0
4 265 265 0
265 265 78 0
265 78 265 0
78 265 265 0
265 265 4 0
265 4 4 0
4 4 265 0
4 265 265 0
265 265 265 0
265 265 4 0
265 4 6 0
4 6 265 0
6 265 4 0
265 4 78 0
4 78 78 0
78 78 265 0
78 265 240 0
265 240 240 0
240 240 33 0
240 33 196 0
33 196 196 0
196 196 196 0
196 196 196 0
196 196 196 0
196 196 196 0
196 196 195 0
196 195 5 0
195 5 5 0
5 5 6 0
5 6 5 0
6 5 4 0
5 4 4 0
4 4 4 0
4 4 4 0
4 4 4 0
4 4 4 0
4 4 4 0
4 4 4 0
4 4 4 0
4 4 4 0
4 4 4 0
4 4 118 0
4 118 6 0
118 6 38 0
6 38 4 0
38 4 78 0
4 78 78 0
78 78 265 0
78 265 240 0
265 240 78 0
240 78 240 0
78 240 4 0
240 4 240 0
4 240 240 0
240 240 4 0
240 4 219 0
new
174 6 6 0
6 6 5 0
6 5 220 0
5 220 221 0
220 221 221 0
221 221 221 0
221 221 221 0
221 221 221 0
221 221 221 0
221 221 221 0
221 221 221 0
221 221 221 0
221 221 221 0
221 221 221 0
221 221 221 0
221 221 221 0
221 221 221 0
221 221 221 0
221 221 221 0
221 221 221 0
221 221 221 0
221 221 221 0
221 221 221 0
221 221 221 0
221 221 221 0
221 221 221 0
221 221 221 0
221 221 221 0
221 221 221 0
221 221 221 0
221 221 221 0
221 221 221 0
221 221 221 0
221 221 221 0
221 221 221 0
221 221 221 0
221 221 221 0
221 221 221 0
221 221 221 0
221 221 221 0
221 221 221 0
221 221 221 0
221 221 221 0
221 221 221 0
221 221 221 0
221 221 221 0
221 221 221 0
221 221 221 0
221 221 221 0
221 221 221 0
221 221 221 0
221 221 221 0
221 221 221 0
221 221 221 0
221 221 221 0
221 221 221 0
221 221 221 0
221 221 221 0
221 221 221 0
221 221 221 0
221 221 221 0
221 221 221 0
221 221 221 0
221 221 221 0
221 221 221 0
221 221 221 0
221 221 221 0
221 221 220 0
221 220 6 0
220 6 63 0
6 63 6 0
63 6 5 0
6 5 63 0
5 63 6 0
63 6 11 0
6 11 45 0
11 45 33 0
45 33 192 0
33 192 33 0
192 33 5 0
33 5 197 0
5 197 192 0
197 192 6 0
192 6 33 0
6 33 5 0
33 5 3 0
5 3 197 0
3 197 192 0
197 192 192 0
192 192 6 0
192 6 33 0
6 33 5 0
33 5 3 0
5 3 197 0
3 197 192 0
197 192 192 0
192 192 6 0
192 6 33 0
6 33 5 0
33 5 3 0
5 3 197 0
3 197 192 0
197 192 192 0
192 192 192 0
192 192 6 0
192 6 33 0
6 33 5 0
33 5 3 0
5 3 197 0
3 197 192 0
197 192 192 0
192 192 6 0
192 6 33 0
6 33 5 0
33 5 3 0
5 3 197 0
3 197 192 0
197 192 192 0
192 192 192 0
192 192 6 0
192 6 33 0
6 33 5 0
33 5 3 0
5 3 197 0
3 197 192 0
197 192 192 0
192 192 192 0
192 192 91 0
192 91 102 0
91 102 5 0
102 5 125 0
5 125 197 0
125 197 91 0
197 91 3 0
91 3 195 0
3 195 3 0
195 3 6 0
3 6 6 0
6 6 192 0
6 192 5 0
192 5 180 0
5 180 197 0
180 197 5 0
197 5 3 0
5 3 3 0
3 3 3 0
3 3 3 0
3 3 3 0
3 3 3 0
3 3 3 0
3 3 3 0
3 3 3 0
3 3 3 0
3 3 6 0
3 6 91 0
6 91 5 0
91 5 125 0
5 125 3 0
125 3 3 0
3 3 3 0
3 3 3 0
3 3 3 0
3 3 3 0
3 3 3 0
3 3 3 0
3 3 3 0
3 3 3 0
3 3 3 0
3 3 3 0
3 3 3 0
3 3 3 0
3 3 3 0
3 3 3 0
3 3 180 0
3 180 180 0
180 180 6 0
180 6 91 0
new
311 78 240 0
78 240 221 0
240 221 221 0
221 221 221 0
221 221 33 0
221 33 197 0
33 197 140 0
197 140 3 0
140 3 197 0
3 197 33 0
197 33 197 0
33 197 221 0
197 221 221 0
221 221 221 0
221 221 221 0
221 221 33 0
221 33 197 0
33 197 140 0
197 140 3 0
140 3 197 0
3 197 33 0
197 33 197 0
33 197 221 0
197 221 195 0
221 195 5 0
195 5 5 0
5 5 221 0
5 221 221 0
221 221 221 0
221 221 221 0
221 221 140 0
221 140 140 0
140 140 4 0
140 4 140 0
4 140 78 0
140 78 78 0
78 78 140 0
78 140 140 0
140 140 78 0
140 78 78 0
78 78 78 0
78 78 78 0
78 78 78 0
78 78 78 0
78 78 78 0
78 78 78 0
78 78 78 0
78 78 78 0
78 78 4 0
78 4 78 0
4 78 78 0
78 78 78 0
78 78 78 0
78 78 78 0
78 78 78 0
78 78 78 0
78 78 78 0
78 78 140 0
78 140 78 0
140 78 78 0
78 78 78 0
78 78 78 0
78 78 140 0
78 140 4 0
140 4 140 0
4 140 78 0
140 78 78 0
78 78 78 0
78 78 78 0
78 78 78 0
78 78 78 0
78 78 78 0
78 78 240 0
78 240 6 0
240 6 10 0
6 10 221 0
10 221 221 0
221 221 221 0
221 221 240 0
221 240 221 0
240 221 221 0
221 221 221 0
221 221 33 0
221 33 197 0
33 197 140 0
197 140 3 0
140 3 221 0
3 221 221 0
221 221 221 0
221 221 221 0
221 221 221 0
221 221 3 0
221 3 221 0
3 221 4 0
221 4 140 0
4 140 4 0
140 4 240 0
4 240 240 0
240 240 221 0
240 221 221 0
221 221 240 0
221 240 4 0
240 4 240 0
4 240 240 0
240 240 78 0
240 78 265 0
78 265 240 0
265 240 78 0
240 78 240 0
78 240 5 0
240 5 5 0
5 5 197 0
5 197 78 0
197 78 5 0
78 5 207 0
5 207 94 0
207 94 6 0
94 6 78 0
6 78 265 0
78 265 240 0
265 240 240 0
240 240 4 0
240 4 78 0
4 78 265 0
78 265 240 0
265 240 240 0
240 240 118 0
240 118 38 0
118 38 197 0
38 197 6 0
197 6 4 0
6 4 78 0
4 78 265 0
78 265 240 0
265 240 240 0
240 240 78 0
240 78 265 0
78 265 240 0
265 240 78 0
240 78 240 0
78 240 219 0
240 219 91 0
new
240 196 192 0
196 192 33 0
192 33 5 0
33 5 6 0
5 6 33 0
6 33 192 0
33 192 197 0
192 197 33 0
197 33 5 0
33 5 33 0
5 33 125 0
33 125 125 0
125 125 125 0
125 125 125 0
125 125 125 0
125 125 125 0
125 125 91 0
125 91 240 0
91 240 240 0
240 240 45 0
240 45 45 0
45 45 240 0
45 240 240 0
240 240 240 0
240 240 240 0
240 240 240 0
240 240 240 0
240 240 5 0
240 5 5 0
5 5 5 0
5 5 197 0
5 197 240 0
197 240 240 0
240 240 240 0
240 240 240 0
240 240 240 0
240 240 192 0
240 192 240 0
192 240 240 0
240 240 140 0
240 140 240 0
140 240 240 0
240 240 140 0
240 140 3 0
140 3 140 0
3 140 140 0
140 140 3 0
140 3 140 0
3 140 3 0
140 3 140 0
3 140 3 0
140 3 140 0
3 140 3 0
140 3 140 0
3 140 3 0
140 3 192 0
3 192 3 0
192 3 5 0
3 5 140 0
5 140 3 0
140 3 140 0
3 140 45 0
140 45 3 0
45 3 78 0
3 78 140 0
78 140 78 0
140 78 140 0
78 140 140 0
140 140 3 0
140 3 140 0
3 140 140 0
140 140 3 0
140 3 140 0
3 140 3 0
140 3 140 0
3 140 3 0
140 3 140 0
3 140 3 0
140 3 140 0
3 140 3 0
140 3 45 0
3 45 240 0
45 240 3 0
240 3 3 0
3 3 3 0
3 3 140 0
3 140 3 0
140 3 45 0
3 45 140 0
45 140 3 0
140 3 140 0
3 140 3 0
140 3 140 0
3 140 3 0
140 3 140 0
3 140 140 0
140 140 3 0
140 3 140 0
3 140 3 0
140 3 78 0
3 78 78 0
78 78 78 0
78 78 78 0
78 78 78 0
78 78 140 0
78 140 3 0
140 3 78 0
3 78 78 0
78 78 45 0
78 45 140 0
45 140 140 0
140 140 3 0
140 3 3 0
3 3 3 0
3 3 3 0
3 3 140 0
3 140 3 0
140 3 140 0
3 140 3 0
140 3 140 0
3 140 140 0
140 140 45 0
140 45 140 0
45 140 3 0
140 3 3 0
3 3 3 0
3 3 140 0
3 140 78 0
140 78 240 0
new
240 311 78 0
311 78 196 0
78 196 240 0
196 240 240 0
240 240 240 0
240 240 240 0
240 240 240 0
240 240 240 0
240 240 78 0
240 78 265 0
78 265 240 0
265 240 240 0
240 240 240 0
240 240 265 0
240 265 240 0
265 240 240 0
240 240 240 0
240 240 240 0
240 240 196 0
240 196 78 0
196 78 265 0
78 265 240 0
265 240 240 0
240 240 240 0
240 240 265 0
240 265 240 0
265 240 240 0
240 240 240 0
240 240 196 0
240 196 78 0
196 78 265 0
78 265 240 0
265 240 240 0
240 240 240 0
240 240 196 0
240 196 78 0
196 78 265 0
78 265 240 0
265 240 240 0
240 240 240 0
240 240 196 0
240 196 78 0
196 78 265 0
78 265 240 0
265 240 240 0
240 240 240 0
240 240 196 0
240 196 78 0
196 78 265 0
78 265 240 0
265 240 240 0
240 240 240 0
240 240 265 0
240 265 240 0
265 240 240 0
240 240 240 0
240 240 196 0
240 196 78 0
196 78 265 0
78 265 240 0
265 240 240 0
240 240 240 0
240 240 196 0
240 196 78 0
196 78 265 0
78 265 240 0
265 240 240 0
240 240 240 0
240 240 196 0
240 196 78 0
196 78 265 0
78 265 240 0
265 240 240 0
240 240 240 0
240 240 196 0
240 196 78 0
196 78 265 0
78 265 240 0
265 240 240 0
240 240 240 0
240 240 196 0
240 196 78 0
196 78 265 0
78 265 240 0
265 240 240 0
240 240 240 0
240 240 265 0
240 265 240 0
265 240 240 0
240 240 196 0
240 196 78 0
196 78 196 0
78 196 240 0
196 240 78 0
240 78 265 0
78 265 240 0
265 240 240 0
240 240 196 0
240 196 240 0
196 240 78 0
240 78 240 0
78 240 196 0
240 196 240 0
196 240 78 0
240 78 196 0
78 196 78 0
196 78 240 0
78 240 196 0
240 196 78 0
196 78 265 0
78 265 240 0
265 240 240 0
240 240 240 0
240 240 196 0
240 196 78 0
196 78 265 0
78 265 240 0
265 240 240 0
240 240 240 0
240 240 196 0
240 196 78 0
196 78 265 0
78 265 240 0
265 240 240 0
240 240 240 0
240 240 196 0
240 196 78 0
196 78 265 0
78 265 240 0
265 240 240 0
240 240 240 0
240 240 196 0
240 196 78 0
196 78 265 0
78 265 240 0
265 240 240 0
240 240 240 0
240 240 196 0
240 196 78 0
196 78 265 0
78 265 240 0
265 240 240 0
240 240 240 0
240 240 196 0
240 196 78 0
196 78 265 0
78 265 240 0
265 240 240 0
240 240 240 0
240 240 196 0
240 196 78 0
196 78 265 0
78 265 240 0
265 240 240 0
240 240 240 0
240 240 196 0
240 196 78 0
196 78 265 0
78 265 240 0
265 240 240 0
240 240 240 0
240 240 196 0
240 196 78 0
196 78 265 0
78 265 240 0
265 240 240 0
240 240 240 0
240 240 196 0
240 196 78 0
196 78 265 0
78 265 240 0
265 240 240 0
240 240 240 0
240 240 196 0
240 196 78 0
196 78 265 0
78 265 240 0
265 240 240 0
240 240 240 0
240 240 196 0
240 196 78 0
196 78 265 0
78 265 240 0
265 240 240 0
240 240 240 0
240 240 196 0
240 196 78 0
196 78 265 0
78 265 240 0
265 240 240 0
240 240 240 0
240 240 196 0
240 196 78 0
196 78 265 0
78 265 240 0
265 240 240 0
240 240 240 0
240 240 196 0
240 196 78 0
196 78 265 0
78 265 240 0
265 240 240 0
240 240 240 0
240 240 196 0
240 196 78 0
196 78 265 0
78 265 240 0
265 240 240 0
240 240 240 0
240 240 196 0
240 196 78 0
196 78 265 0
78 265 240 0
265 240 240 0
240 240 240 0
240 240 196 0
240 196 78 0
196 78 265 0
78 265 240 0
265 240 240 0
240 240 240 0
240 240 196 0
240 196 78 0
196 78 265 0
78 265 240 0
265 240 240 0
240 240 240 0
240 240 196 0
240 196 78 0
196 78 265 0
78 265 240 0
265 240 240 0
240 240 240 0
240 240 196 0
240 196 78 0
196 78 265 0
78 265 240 0
265 240 240 0
240 240 240 0
240 240 196 0
240 196 78 0
196 78 265 0
78 265 240 0
265 240 240 0
240 240 240 0
240 240 196 0
240 196 78 0
196 78 265 0
78 265 240 0
265 240 240 0
240 240 196 0
240 196 78 0
196 78 265 0
78 265 240 0
265 240 240 0
240 240 240 0
240 240 196 0
240 196 78 0
196 78 265 0
78 265 240 0
265 240 240 0
240 240 240 0
240 240 196 0
240 196 78 0
196 78 265 0
78 265 240 0
265 240 240 0
240 240 240 0
240 240 196 0
240 196 78 0
196 78 265 0
78 265 240 0
265 240 240 0
240 240 240 0
240 240 196 0
240 196 78 0
196 78 265 0
78 265 240 0
265 240 240 0
240 240 240 0
240 240 196 0
240 196 78 0
196 78 265 0
78 265 240 0
265 240 240 0
240 240 240 0
240 240 196 0
240 196 78 0
196 78 265 0
78 265 240 0
265 240 240 0
240 240 240 0
240 240 196 0
240 196 78 0
196 78 265 0
78 265 240 0
265 240 240 0
240 240 240 0
240 240 196 0
240 196 78 0
196 78 265 0
78 265 240 0
265 240 240 0
240 240 240 0
240 240 196 0
240 196 78 0
196 78 265 0
78 265 240 0
265 240 240 0
240 240 240 0
240 240 196 0
240 196 78 0
196 78 265 0
78 265 240 0
265 240 240 0
240 240 240 0
240 240 196 0
240 196 78 0
196 78 265 0
78 265 240 0
265 240 240 0
240 240 240 0
240 240 196 0
240 196 78 0
196 78 265 0
78 265 240 0
265 240 240 0
240 240 240 0
240 240 196 0
240 196 78 0
196 78 265 0
78 265 240 0
265 240 240 0
240 240 240 0
240 240 196 0
240 196 78 0
196 78 265 0
78 265 240 0
265 240 240 0
240 240 240 0
240 240 196 0
240 196 78 0
196 78 265 0
78 265 240 0
265 240 240 0
240 240 240 0
240 240 196 0
240 196 78 0
196 78 265 0
78 265 240 0
265 240 240 0
240 240 240 0
240 240 196 0
240 196 78 0
196 78 265 0
78 265 240 0
265 240 240 0
240 240 240 0
240 240 196 0
240 196 78 0
196 78 265 0
78 265 240 0
265 240 240 0
240 240 240 0
240 240 196 0
240 196 78 0
196 78 265 0
78 265 240 0
265 240 240 0
240 240 240 0
240 240 196 0
240 196 78 0
196 78 265 0
78 265 240 0
265 240 240 0
240 240 240 0
240 240 196 0
240 196 78 0
196 78 265 0
78 265 240 0
265 240 240 0
240 240 240 0
240 240 196 0
240 196 78 0
196 78 265 0
78 265 240 0
265 240 240 0
240 240 240 0
240 240 196 0
240 196 78 0
196 78 265 0
78 265 240 0
265 240 240 0
240 240 240 0
240 240 196 0
240 196 78 0
196 78 240 0
78 240 196 0
240 196 78 0
196 78 265 0
78 265 240 0
265 240 240 0
240 240 240 0
240 240 196 0
240 196 78 0
196 78 265 0
78 265 240 0
265 240 240 0
240 240 240 0
240 240 196 0
240 196 78 0
196 78 265 0
78 265 240 0
265 240 240 0
240 240 196 0
240 196 4 0
196 4 240 0
4 240 240 0
240 240 240 0
240 240 219 0
new
