174 6 6 5 220 0
6 6 5 220 221 0
6 5 220 221 221 0
5 220 221 221 221 0
220 221 221 221 221 0
221 221 221 221 221 0
221 221 221 221 63 0
221 221 221 63 11 0
221 221 63 11 45 0
221 63 11 45 33 0
63 11 45 33 192 0
11 45 33 192 33 0
45 33 192 33 125 0
33 192 33 125 240 0
192 33 125 240 122 0
33 125 240 122 174 0
125 240 122 174 5 0
240 122 174 5 125 0
122 174 5 125 33 0
174 5 125 33 6 0
5 125 33 6 125 0
125 33 6 125 140 0
33 6 125 140 195 0
6 125 140 195 5 0
125 140 195 5 3 0
140 195 5 3 5 0
195 5 3 5 5 0
5 3 5 5 220 0
3 5 5 220 3 0
5 5 220 3 195 0
5 220 3 195 6 0
220 3 195 6 3 0
3 195 6 3 5 0
195 6 3 5 221 0
6 3 5 221 221 0
3 5 221 221 197 0
5 221 221 197 180 0
221 221 197 180 221 0
221 197 180 221 180 0
197 180 221 180 180 0
180 221 180 180 3 0
221 180 180 3 5 0
180 180 3 5 5 0
180 3 5 5 197 0
3 5 5 197 3 0
5 5 197 3 3 0
5 197 3 3 3 0
197 3 3 3 3 0
3 3 3 3 3 0
3 3 3 3 3 0
3 3 3 3 3 0
3 3 3 3 3 0
3 3 3 3 3 0
3 3 3 3 3 0
3 3 3 3 3 0
3 3 3 3 3 0
3 3 3 3 6 0
3 3 3 6 91 0
3 3 6 91 240 0
3 6 91 240 5 0
6 91 240 5 3 0
91 240 5 3 45 0
240 5 3 45 3 0
5 3 45 3 3 0
3 45 3 3 3 0
45 3 3 3 3 0
3 3 3 3 3 0
3 3 3 3 3 0
3 3 3 3 3 0
3 3 3 3 3 0
3 3 3 3 3 0
3 3 3 3 3 0
3 3 3 3 3 0
3 3 3 3 3 0
3 3 3 3 3 0
3 3 3 3 3 0
3 3 3 3 3 0
3 3 3 3 3 0
3 3 3 3 3 0
3 3 3 3 3 0
3 3 3 3 3 0
3 3 3 3 3 0
3 3 3 3 3 0
3 3 3 3 3 0
3 3 3 3 3 0
3 3 3 3 3 0
3 3 3 3 3 0
3 3 3 3 3 0
3 3 3 3 3 0
3 3 3 3 3 0
3 3 3 3 3 0
3 3 3 3 3 0
3 3 3 3 3 0
3 3 3 3 3 0
3 3 3 3 3 0
3 3 3 3 3 0
3 3 3 3 3 0
3 3 3 3 3 0
3 3 3 3 3 0
3 3 3 3 3 0
3 3 3 3 3 0
3 3 3 3 3 0
3 3 3 3 3 0
3 3 3 3 3 0
3 3 3 3 3 0
3 3 3 3 3 0
3 3 3 3 3 0
3 3 3 3 3 0
3 3 3 3 3 0
3 3 3 3 3 0
3 3 3 3 3 0
3 3 3 3 3 0
3 3 3 3 3 0
3 3 3 3 3 0
3 3 3 3 3 0
3 3 3 3 3 0
3 3 3 3 3 0
3 3 3 3 3 0
3 3 3 3 3 0
3 3 3 3 3 0
3 3 3 3 3 0
3 3 3 3 3 0
3 3 3 3 3 0
3 3 3 3 3 0
3 3 3 3 3 0
3 3 3 3 3 0
3 3 3 3 3 0
3 3 3 3 3 0
3 3 3 3 3 0
3 3 3 3 3 0
3 3 3 3 3 0
3 3 3 3 3 0
3 3 3 3 3 0
3 3 3 3 3 0
3 3 3 3 3 0
3 3 3 3 3 0
3 3 3 3 3 0
3 3 3 3 3 0
3 3 3 3 3 0
3 3 3 3 3 0
3 3 3 3 3 0
3 3 3 3 3 0
3 3 3 3 3 0
3 3 3 3 3 0
3 3 3 3 3 0
3 3 3 3 3 0
3 3 3 3 3 0
3 3 3 3 3 0
3 3 3 3 3 0
3 3 3 3 3 0
3 3 3 3 3 0
3 3 3 3 3 0
3 3 3 3 3 0
3 3 3 3 3 0
3 3 3 3 3 0
3 3 3 3 3 0
3 3 3 3 3 0
3 3 3 3 3 0
3 3 3 3 3 0
3 3 3 3 3 0
3 3 3 3 3 0
3 3 3 3 3 0
3 3 3 3 3 0
3 3 3 3 3 0
3 3 3 3 3 0
3 3 3 3 3 0
3 3 3 3 3 0
3 3 3 3 3 0
3 3 3 3 3 0
3 3 3 3 3 0
3 3 3 3 3 0
3 3 3 3 3 0
3 3 3 3 3 0
3 3 3 3 3 0
3 3 3 3 3 0
3 3 3 3 3 0
3 3 3 3 3 0
3 3 3 3 3 0
3 3 3 3 3 0
3 3 3 3 3 0
3 3 3 3 3 0
3 3 3 3 3 0
3 3 3 3 3 0
3 3 3 3 3 0
3 3 3 3 3 0
3 3 3 3 3 0
3 3 3 3 3 0
3 3 3 3 3 0
3 3 3 3 3 0
3 3 3 3 3 0
3 3 3 3 3 0
3 3 3 3 3 0
3 3 3 3 3 0
3 3 3 3 3 0
3 3 3 3 3 0
3 3 3 3 3 0
3 3 3 3 3 0
3 3 3 3 3 0
3 3 3 3 3 0
3 3 3 3 3 0
3 3 3 3 3 0
3 3 3 3 3 0
3 3 3 3 3 0
3 3 3 3 3 0
3 3 3 3 3 0
3 3 3 3 3 0
3 3 3 3 3 0
3 3 3 3 3 0
3 3 3 3 3 0
3 3 3 3 3 0
3 3 3 3 3 0
3 3 3 3 3 0
3 3 3 3 3 0
3 3 3 3 3 0
3 3 3 3 3 0
3 3 3 3 3 0
3 3 3 3 3 0
3 3 3 3 3 0
3 3 3 3 3 0
3 3 3 3 3 0
3 3 3 3 3 0
3 3 3 3 3 0
3 3 3 3 3 0
3 3 3 3 3 0
3 3 3 3 3 0
3 3 3 3 3 0
3 3 3 3 3 0
3 3 3 3 3 0
3 3 3 3 3 0
3 3 3 3 3 0
3 3 3 3 3 0
3 3 3 3 3 0
3 3 3 3 3 0
3 3 3 3 3 0
3 3 3 3 3 0
3 3 3 3 3 0
3 3 3 3 3 0
3 3 3 3 3 0
3 3 3 3 3 0
3 3 3 3 3 0
3 3 3 3 3 0
3 3 3 3 3 0
3 3 3 3 3 0
3 3 3 3 3 0
3 3 3 3 3 0
3 3 3 3 3 0
3 3 3 3 3 0
3 3 3 3 3 0
3 3 3 3 3 0
3 3 3 3 3 0
3 3 3 3 3 0
3 3 3 3 3 0
3 3 3 3 3 0
3 3 3 3 3 0
3 3 3 3 3 0
3 3 3 3 3 0
3 3 3 3 3 0
3 3 3 3 3 0
3 3 3 3 3 0
3 3 3 3 3 0
3 3 3 3 3 0
3 3 3 3 3 0
3 3 3 3 3 0
3 3 3 3 3 0
3 3 3 3 3 0
3 3 3 3 3 0
3 3 3 3 3 0
3 3 3 3 3 0
3 3 3 3 3 0
3 3 3 3 3 0
3 3 3 3 3 0
3 3 3 3 3 0
3 3 3 3 3 0
3 3 3 3 3 0
3 3 3 3 3 0
3 3 3 3 3 0
3 3 3 3 3 0
3 3 3 3 3 0
3 3 3 3 3 0
3 3 3 3 3 0
3 3 3 3 3 0
3 3 3 3 3 0
3 3 3 3 3 0
3 3 3 3 3 0
3 3 3 3 3 0
3 3 3 3 3 0
3 3 3 3 3 0
3 3 3 3 3 0
3 3 3 3 3 0
3 3 3 3 3 0
3 3 3 3 3 0
3 3 3 3 3 0
3 3 3 3 3 0
3 3 3 3 3 0
3 3 3 3 3 0
3 3 3 3 3 0
3 3 3 3 3 0
3 3 3 3 3 0
3 3 3 3 3 0
3 3 3 3 3 0
3 3 3 3 3 0
3 3 3 3 3 0
3 3 3 3 3 0
3 3 3 3 3 0
3 3 3 3 3 0
3 3 3 3 3 0
3 3 3 3 3 0
3 3 3 3 3 0
3 3 3 3 3 0
3 3 3 3 3 0
3 3 3 3 3 0
3 3 3 3 3 0
3 3 3 3 3 0
3 3 3 3 3 0
3 3 3 3 3 0
3 3 3 3 3 0
3 3 3 3 3 0
3 3 3 3 3 0
3 3 3 3 3 0
3 3 3 3 3 0
3 3 3 3 3 0
3 3 3 3 3 0
3 3 3 3 3 0
3 3 3 3 3 0
3 3 3 3 3 0
3 3 3 3 3 0
3 3 3 3 3 0
3 3 3 3 3 0
3 3 3 3 3 0
3 3 3 3 3 0
3 3 3 3 3 0
3 3 3 3 3 0
3 3 3 3 3 0
3 3 3 3 3 0
3 3 3 3 3 0
3 3 3 3 3 0
3 3 3 3 3 0
3 3 3 3 3 0
3 3 3 3 3 0
3 3 3 3 3 0
3 3 3 3 3 0
3 3 3 3 3 0
3 3 3 3 3 0
3 3 3 3 3 0
3 3 3 3 3 0
3 3 3 3 3 0
3 3 3 3 3 0
3 3 3 3 3 0
3 3 3 3 3 0
3 3 3 3 3 0
3 3 3 3 3 0
3 3 3 3 3 0
3 3 3 3 3 0
3 3 3 3 3 0
3 3 3 3 3 0
3 3 3 3 3 0
3 3 3 3 3 0
3 3 3 3 3 0
3 3 3 3 3 0
3 3 3 3 3 0
3 3 3 3 3 0
3 3 3 3 3 0
3 3 3 3 3 0
3 3 3 3 3 0
3 3 3 3 3 0
3 3 3 3 3 0
3 3 3 3 3 0
3 3 3 3 3 0
3 3 3 3 3 0
3 3 3 3 3 0
3 3 3 3 3 0
3 3 3 3 3 0
3 3 3 3 3 0
3 3 3 3 3 0
3 3 3 3 3 0
3 3 3 3 3 0
3 3 3 3 3 0
3 3 3 3 3 0
3 3 3 3 3 0
3 3 3 3 3 0
3 3 3 3 3 0
3 3 3 3 3 0
3 3 3 3 3 0
3 3 3 3 3 0
3 3 3 3 3 0
3 3 3 3 3 0
3 3 3 3 3 0
3 3 3 3 3 0
3 3 3 3 3 0
3 3 3 3 3 0
3 3 3 3 3 0
3 3 3 3 3 0
3 3 3 3 3 0
3 3 3 3 3 0
3 3 3 3 3 0
3 3 3 3 3 0
3 3 3 3 3 0
3 3 3 3 3 0
3 3 3 3 3 0
3 3 3 3 3 0
3 3 3 3 3 0
3 3 3 3 3 0
3 3 3 3 3 0
3 3 3 3 3 0
3 3 3 3 3 0
3 3 3 3 3 0
3 3 3 3 3 0
3 3 3 3 3 0
3 3 3 3 3 0
3 3 3 3 3 0
3 3 3 3 3 0
3 3 3 3 3 0
3 3 3 3 3 0
3 3 3 3 3 0
3 3 3 3 3 0
3 3 3 3 3 0
3 3 3 3 3 0
3 3 3 3 3 0
3 3 3 3 3 0
3 3 3 3 3 0
3 3 3 3 3 0
3 3 3 3 3 0
3 3 3 3 3 0
3 3 3 3 3 0
3 3 3 3 3 0
3 3 3 3 3 0
3 3 3 3 3 0
3 3 3 3 3 0
3 3 3 3 3 0
3 3 3 3 3 0
3 3 3 3 3 0
3 3 3 3 3 0
3 3 3 3 3 0
3 3 3 3 3 0
3 3 3 3 3 0
3 3 3 3 3 0
3 3 3 3 3 0
3 3 3 3 3 0
3 3 3 3 3 0
3 3 3 3 3 0
3 3 3 3 3 0
3 3 3 3 3 0
3 3 3 3 3 0
3 3 3 3 3 0
3 3 3 3 3 0
3 3 3 3 3 0
3 3 3 3 3 0
3 3 3 3 3 0
3 3 3 3 3 0
3 3 3 3 3 0
3 3 3 3 3 0
3 3 3 3 3 0
3 3 3 3 3 0
3 3 3 3 3 0
3 3 3 3 3 0
3 3 3 3 3 0
3 3 3 3 3 0
3 3 3 3 3 0
3 3 3 3 3 0
3 3 3 3 3 0
3 3 3 3 3 0
3 3 3 3 3 0
3 3 3 3 3 0
3 3 3 3 3 0
3 3 3 3 3 0
3 3 3 3 3 0
3 3 3 3 3 0
3 3 3 3 3 0
3 3 3 3 3 0
3 3 3 3 3 0
3 3 3 3 3 0
3 3 3 3 3 0
3 3 3 3 3 0
3 3 3 3 3 0
3 3 3 3 3 0
3 3 3 3 3 0
3 3 3 3 3 0
3 3 3 3 3 0
3 3 3 3 3 0
3 3 3 3 3 0
3 3 3 3 3 0
3 3 3 3 3 0
3 3 3 3 3 0
3 3 3 3 3 0
3 3 3 3 3 0
3 3 3 3 3 0
3 3 3 3 3 0
3 3 3 3 3 0
3 3 3 3 3 0
3 3 3 3 3 0
3 3 3 3 3 0
3 3 3 3 3 0
3 3 3 3 3 0
3 3 3 3 3 0
3 3 3 3 3 0
3 3 3 3 3 0
3 3 3 3 3 0
3 3 3 3 3 0
3 3 3 3 3 0
3 3 3 3 3 0
3 3 3 3 3 0
3 3 3 3 3 0
3 3 3 3 3 0
3 3 3 3 3 0
3 3 3 3 3 0
3 3 3 3 3 0
3 3 3 3 3 0
3 3 3 3 3 0
3 3 3 3 3 0
3 3 3 3 3 0
3 3 3 3 3 0
3 3 3 3 3 0
3 3 3 3 3 0
3 3 3 3 3 0
3 3 3 3 3 0
3 3 3 3 3 0
3 3 3 3 3 0
3 3 3 3 3 0
3 3 3 3 3 0
3 3 3 3 3 0
3 3 3 3 3 0
3 3 3 3 3 0
3 3 3 3 3 0
3 3 3 3 3 0
3 3 3 3 3 0
3 3 3 3 3 0
3 3 3 3 3 0
3 3 3 3 3 0
3 3 3 3 3 0
3 3 3 3 3 0
3 3 3 3 3 0
3 3 3 3 3 0
3 3 3 3 3 0
3 3 3 3 3 0
3 3 3 3 3 0
3 3 3 3 3 0
3 3 3 3 3 0
3 3 3 3 3 0
3 3 3 3 3 0
3 3 3 3 3 0
3 3 3 3 3 0
3 3 3 3 3 0
3 3 3 3 3 0
3 3 3 3 3 0
3 3 3 3 3 0
3 3 3 3 3 0
3 3 3 3 3 0
3 3 3 3 3 0
3 3 3 3 3 0
3 3 3 3 3 0
3 3 3 3 3 0
3 3 3 3 3 0
3 3 3 3 3 0
3 3 3 3 3 0
3 3 3 3 3 0
3 3 3 3 3 0
3 3 3 3 3 0
3 3 3 3 3 0
3 3 3 3 3 0
3 3 3 3 3 0
3 3 3 3 3 0
3 3 3 3 3 0
3 3 3 3 3 0
3 3 3 3 3 0
3 3 3 3 3 0
3 3 3 3 3 0
3 3 3 3 3 0
3 3 3 3 3 0
3 3 3 3 3 0
3 3 3 3 3 0
3 3 3 3 3 0
3 3 3 3 3 0
3 3 3 3 3 0
3 3 3 3 3 0
3 3 3 3 3 0
3 3 3 3 3 0
3 3 3 3 3 0
3 3 3 3 3 0
3 3 3 3 3 0
3 3 3 3 3 0
3 3 3 3 3 0
3 3 3 3 3 0
3 3 3 3 3 0
3 3 3 3 3 0
3 3 3 3 3 0
3 3 3 3 3 0
3 3 3 3 3 0
3 3 3 3 3 0
3 3 3 3 3 0
3 3 3 3 3 0
3 3 3 3 3 0
3 3 3 3 3 0
3 3 3 3 3 0
3 3 3 3 3 0
3 3 3 3 3 0
3 3 3 3 3 0
3 3 3 3 3 0
3 3 3 3 3 0
3 3 3 3 3 0
3 3 3 3 3 0
3 3 3 3 3 0
3 3 3 3 3 0
3 3 3 3 3 0
3 3 3 3 3 0
3 3 3 3 3 0
3 3 3 3 3 0
3 3 3 3 3 0
3 3 3 3 3 0
3 3 3 3 3 0
3 3 3 3 3 0
3 3 3 3 3 0
3 3 3 3 3 0
3 3 3 3 3 0
3 3 3 3 3 0
3 3 3 3 3 0
3 3 3 3 3 0
3 3 3 3 3 0
3 3 3 3 3 0
3 3 3 3 3 0
3 3 3 3 3 0
3 3 3 3 3 0
3 3 3 3 3 0
3 3 3 3 3 0
3 3 3 3 3 0
3 3 3 3 3 0
3 3 3 3 3 0
3 3 3 3 3 0
3 3 3 3 3 0
3 3 3 3 3 0
3 3 3 3 3 0
3 3 3 3 3 0
3 3 3 3 3 0
3 3 3 3 3 0
3 3 3 3 3 0
3 3 3 3 3 0
3 3 3 3 3 0
3 3 3 3 3 0
3 3 3 3 3 0
3 3 3 3 3 0
3 3 3 3 3 0
3 3 3 3 3 0
3 3 3 3 3 0
3 3 3 3 3 0
3 3 3 3 3 0
3 3 3 3 3 0
3 3 3 3 3 0
3 3 3 3 3 0
3 3 3 3 3 0
3 3 3 3 3 0
3 3 3 3 3 0
3 3 3 3 3 0
3 3 3 3 3 0
3 3 3 3 3 0
3 3 3 3 3 0
3 3 3 3 3 0
3 3 3 3 3 0
3 3 3 3 3 0
3 3 3 3 3 0
3 3 3 3 3 0
3 3 3 3 3 0
3 3 3 3 3 0
3 3 3 3 3 0
3 3 3 3 3 0
3 3 3 3 3 0
3 3 3 3 3 0
3 3 3 3 3 0
3 3 3 3 3 0
3 3 3 3 3 0
3 3 3 3 3 0
3 3 3 3 3 0
3 3 3 3 3 0
3 3 3 3 3 0
3 3 3 3 3 0
3 3 3 3 3 0
3 3 3 3 3 0
3 3 3 3 3 0
3 3 3 3 3 0
3 3 3 3 3 0
3 3 3 3 180 0
new
240 5 221 221 120 0
5 221 221 120 33 0
221 221 120 33 240 0
221 120 33 240 78 0
120 33 240 78 168 0
33 240 78 168 240 0
240 78 168 240 3 0
78 168 240 3 6 0
168 240 3 6 6 0
240 3 6 6 78 0
3 6 6 78 102 0
6 6 78 102 221 0
6 78 102 221 221 0
78 102 221 221 42 0
102 221 221 42 221 0
221 221 42 221 221 0
221 42 221 221 221 0
42 221 221 221 221 0
221 221 221 221 102 0
221 221 221 102 78 0
221 221 102 78 168 0
221 102 78 168 78 0
102 78 168 78 168 0
78 168 78 168 102 0
168 78 168 102 78 0
78 168 102 78 168 0
168 102 78 168 102 0
102 78 168 102 78 0
78 168 102 78 168 0
168 102 78 168 102 0
102 78 168 102 4 0
78 168 102 4 240 0
168 102 4 240 240 0
102 4 240 240 240 0
4 240 240 240 78 0
240 240 240 78 168 0
240 240 78 168 102 0
240 78 168 102 78 0
78 168 102 78 168 0
168 102 78 168 102 0
102 78 168 102 102 0
78 168 102 102 6 0
168 102 102 6 240 0
102 102 6 240 240 0
102 6 240 240 102 0
6 240 240 102 6 0
240 240 102 6 240 0
240 102 6 240 240 0
102 6 240 240 6 0
6 240 240 6 13 0
240 240 6 13 78 0
240 6 13 78 4 0
6 13 78 4 78 0
13 78 4 78 265 0
78 4 78 265 240 0
4 78 265 240 240 0
78 265 240 240 78 0
265 240 240 78 265 0
240 240 78 265 240 0
240 78 265 240 240 0
78 265 240 240 240 0
265 240 240 240 78 0
240 240 240 78 265 0
240 240 78 265 240 0
240 78 265 240 240 0
78 265 240 240 240 0
265 240 240 240 240 0
240 240 240 240 78 0
240 240 240 78 240 0
240 240 78 240 78 0
240 78 240 78 265 0
78 240 78 265 240 0
240 78 265 240 240 0
78 265 240 240 78 0
265 240 240 78 265 0
240 240 78 265 240 0
240 78 265 240 240 0
78 265 240 240 240 0
265 240 240 240 240 0
240 240 240 240 240 0
240 240 240 240 78 0
240 240 240 78 240 0
240 240 78 240 196 0
240 78 240 196 78 0
78 240 196 78 265 0
240 196 78 265 240 0
196 78 265 240 240 0
78 265 240 240 240 0
265 240 240 240 196 0
240 240 240 196 78 0
240 240 196 78 265 0
240 196 78 265 240 0
196 78 265 240 240 0
78 265 240 240 240 0
265 240 240 240 196 0
240 240 240 196 78 0
240 240 196 78 265 0
240 196 78 265 240 0
196 78 265 240 240 0
78 265 240 240 240 0
265 240 240 240 196 0
240 240 240 196 78 0
240 240 196 78 265 0
240 196 78 265 240 0
196 78 265 240 240 0
78 265 240 240 240 0
265 240 240 240 196 0
240 240 240 196 78 0
240 240 196 78 265 0
240 196 78 265 240 0
196 78 265 240 240 0
78 265 240 240 240 0
265 240 240 240 196 0
240 240 240 196 78 0
240 240 196 78 265 0
240 196 78 265 240 0
196 78 265 240 240 0
78 265 240 240 240 0
265 240 240 240 196 0
240 240 240 196 78 0
240 240 196 78 265 0
240 196 78 265 240 0
196 78 265 240 240 0
78 265 240 240 240 0
265 240 240 240 196 0
240 240 240 196 78 0
240 240 196 78 265 0
240 196 78 265 240 0
196 78 265 240 240 0
78 265 240 240 240 0
265 240 240 240 196 0
240 240 240 196 78 0
240 240 196 78 265 0
240 196 78 265 240 0
196 78 265 240 240 0
78 265 240 240 240 0
265 240 240 240 196 0
240 240 240 196 78 0
240 240 196 78 265 0
240 196 78 265 240 0
196 78 265 240 240 0
78 265 240 240 240 0
265 240 240 240 196 0
240 240 240 196 78 0
240 240 196 78 265 0
240 196 78 265 240 0
196 78 265 240 240 0
78 265 240 240 240 0
265 240 240 240 196 0
240 240 240 196 78 0
240 240 196 78 265 0
240 196 78 265 240 0
196 78 265 240 240 0
78 265 240 240 240 0
265 240 240 240 196 0
240 240 240 196 78 0
240 240 196 78 265 0
240 196 78 265 240 0
196 78 265 240 240 0
78 265 240 240 240 0
265 240 240 240 196 0
240 240 240 196 78 0
240 240 196 78 265 0
240 196 78 265 240 0
196 78 265 240 240 0
78 265 240 240 240 0
265 240 240 240 196 0
240 240 240 196 78 0
240 240 196 78 265 0
240 196 78 265 240 0
196 78 265 240 240 0
78 265 240 240 240 0
265 240 240 240 196 0
240 240 240 196 78 0
240 240 196 78 265 0
240 196 78 265 240 0
196 78 265 240 240 0
78 265 240 240 240 0
265 240 240 240 196 0
240 240 240 196 78 0
240 240 196 78 265 0
240 196 78 265 240 0
196 78 265 240 240 0
78 265 240 240 240 0
265 240 240 240 196 0
240 240 240 196 78 0
240 240 196 78 265 0
240 196 78 265 240 0
196 78 265 240 240 0
78 265 240 240 240 0
265 240 240 240 196 0
240 240 240 196 78 0
240 240 196 78 265 0
240 196 78 265 240 0
196 78 265 240 240 0
78 265 240 240 240 0
265 240 240 240 196 0
240 240 240 196 78 0
240 240 196 78 265 0
240 196 78 265 240 0
196 78 265 240 240 0
78 265 240 240 240 0
265 240 240 240 196 0
240 240 240 196 78 0
240 240 196 78 265 0
240 196 78 265 240 0
196 78 265 240 240 0
78 265 240 240 240 0
265 240 240 240 196 0
240 240 240 196 78 0
240 240 196 78 265 0
240 196 78 265 240 0
196 78 265 240 240 0
78 265 240 240 240 0
265 240 240 240 196 0
240 240 240 196 78 0
240 240 196 78 265 0
240 196 78 265 240 0
196 78 265 240 240 0
78 265 240 240 240 0
265 240 240 240 196 0
240 240 240 196 78 0
240 240 196 78 265 0
240 196 78 265 240 0
196 78 265 240 240 0
78 265 240 240 240 0
265 240 240 240 196 0
240 240 240 196 78 0
240 240 196 78 265 0
240 196 78 265 240 0
196 78 265 240 240 0
78 265 240 240 240 0
265 240 240 240 196 0
240 240 240 196 78 0
240 240 196 78 265 0
240 196 78 265 240 0
196 78 265 240 240 0
78 265 240 240 240 0
265 240 240 240 196 0
240 240 240 196 78 0
240 240 196 78 265 0
240 196 78 265 240 0
196 78 265 240 240 0
78 265 240 240 240 0
265 240 240 240 196 0
240 240 240 196 78 0
240 240 196 78 265 0
240 196 78 265 240 0
196 78 265 240 240 0
78 265 240 240 240 0
265 240 240 240 196 0
240 240 240 196 78 0
240 240 196 78 265 0
240 196 78 265 240 0
196 78 265 240 240 0
78 265 240 240 240 0
265 240 240 240 196 0
240 240 240 196 78 0
240 240 196 78 265 0
240 196 78 265 240 0
196 78 265 240 240 0
78 265 240 240 240 0
265 240 240 240 196 0
240 240 240 196 78 0
240 240 196 78 265 0
240 196 78 265 240 0
196 78 265 240 240 0
78 265 240 240 240 0
265 240 240 240 196 0
240 240 240 196 78 0
240 240 196 78 265 0
240 196 78 265 240 0
196 78 265 240 240 0
78 265 240 240 240 0
265 240 240 240 196 0
240 240 240 196 78 0
240 240 196 78 265 0
240 196 78 265 240 0
196 78 265 240 240 0
78 265 240 240 240 0
265 240 240 240 196 0
240 240 240 196 78 0
240 240 196 78 265 0
240 196 78 265 240 0
196 78 265 240 240 0
78 265 240 240 240 0
265 240 240 240 196 0
240 240 240 196 78 0
240 240 196 78 265 0
240 196 78 265 240 0
196 78 265 240 240 0
78 265 240 240 240 0
265 240 240 240 196 0
240 240 240 196 78 0
240 240 196 78 265 0
240 196 78 265 240 0
196 78 265 240 240 0
78 265 240 240 240 0
265 240 240 240 196 0
240 240 240 196 78 0
240 240 196 78 265 0
240 196 78 265 240 0
196 78 265 240 240 0
78 265 240 240 240 0
265 240 240 240 196 0
240 240 240 196 78 0
240 240 196 78 265 0
240 196 78 265 240 0
196 78 265 240 240 0
78 265 240 240 240 0
265 240 240 240 196 0
240 240 240 196 78 0
240 240 196 78 265 0
240 196 78 265 240 0
196 78 265 240 240 0
78 265 240 240 240 0
265 240 240 240 196 0
240 240 240 196 78 0
240 240 196 78 265 0
240 196 78 265 240 0
196 78 265 240 240 0
78 265 240 240 240 0
265 240 240 240 196 0
240 240 240 196 78 0
240 240 196 78 265 0
240 196 78 265 240 0
196 78 265 240 240 0
78 265 240 240 240 0
265 240 240 240 196 0
240 240 240 196 78 0
240 240 196 78 265 0
240 196 78 265 240 0
196 78 265 240 240 0
78 265 240 240 240 0
265 240 240 240 196 0
240 240 240 196 78 0
240 240 196 78 265 0
240 196 78 265 240 0
196 78 265 240 240 0
78 265 240 240 240 0
265 240 240 240 196 0
240 240 240 196 78 0
240 240 196 78 265 0
240 196 78 265 240 0
196 78 265 240 240 0
78 265 240 240 240 0
265 240 240 240 196 0
240 240 240 196 78 0
240 240 196 78 265 0
240 196 78 265 240 0
196 78 265 240 240 0
78 265 240 240 240 0
265 240 240 240 196 0
240 240 240 196 78 0
240 240 196 78 265 0
240 196 78 265 240 0
196 78 265 240 240 0
78 265 240 240 240 0
265 240 240 240 196 0
240 240 240 196 78 0
240 240 196 78 265 0
240 196 78 265 240 0
196 78 265 240 240 0
78 265 240 240 240 0
265 240 240 240 196 0
240 240 240 196 78 0
240 240 196 78 265 0
240 196 78 265 240 0
196 78 265 240 240 0
78 265 240 240 240 0
265 240 240 240 196 0
240 240 240 196 78 0
240 240 196 78 265 0
240 196 78 265 240 0
196 78 265 240 240 0
78 265 240 240 240 0
265 240 240 240 196 0
240 240 240 196 78 0
240 240 196 78 265 0
240 196 78 265 240 0
196 78 265 240 240 0
78 265 240 240 240 0
265 240 240 240 196 0
240 240 240 196 78 0
240 240 196 78 265 0
240 196 78 265 240 0
196 78 265 240 240 0
78 265 240 240 240 0
265 240 240 240 196 0
240 240 240 196 78 0
240 240 196 78 265 0
240 196 78 265 240 0
196 78 265 240 240 0
78 265 240 240 240 0
265 240 240 240 196 0
240 240 240 196 78 0
240 240 196 78 265 0
240 196 78 265 240 0
196 78 265 240 240 0
78 265 240 240 240 0
265 240 240 240 196 0
240 240 240 196 78 0
240 240 196 78 265 0
240 196 78 265 240 0
196 78 265 240 240 0
78 265 240 240 240 0
265 240 240 240 196 0
240 240 240 196 78 0
240 240 196 78 265 0
240 196 78 265 240 0
196 78 265 240 240 0
78 265 240 240 240 0
265 240 240 240 196 0
240 240 240 196 78 0
240 240 196 78 265 0
240 196 78 265 240 0
196 78 265 240 240 0
78 265 240 240 240 0
265 240 240 240 196 0
240 240 240 196 78 0
240 240 196 78 265 0
240 196 78 265 240 0
196 78 265 240 240 0
78 265 240 240 240 0
265 240 240 240 196 0
240 240 240 196 78 0
240 240 196 78 265 0
240 196 78 265 240 0
196 78 265 240 240 0
78 265 240 240 240 0
265 240 240 240 196 0
240 240 240 196 78 0
240 240 196 78 265 0
240 196 78 265 240 0
196 78 265 240 240 0
78 265 240 240 240 0
265 240 240 240 196 0
240 240 240 196 78 0
240 240 196 78 265 0
240 196 78 265 240 0
196 78 265 240 240 0
78 265 240 240 240 0
265 240 240 240 196 0
240 240 240 196 78 0
240 240 196 78 265 0
240 196 78 265 240 0
196 78 265 240 240 0
78 265 240 240 240 0
265 240 240 240 196 0
240 240 240 196 78 0
240 240 196 78 265 0
240 196 78 265 240 0
196 78 265 240 240 0
78 265 240 240 240 0
265 240 240 240 196 0
240 240 240 196 78 0
240 240 196 78 265 0
240 196 78 265 240 0
196 78 265 240 240 0
78 265 240 240 240 0
265 240 240 240 196 0
240 240 240 196 78 0
240 240 196 78 265 0
240 196 78 265 240 0
196 78 265 240 240 0
78 265 240 240 240 0
265 240 240 240 196 0
240 240 240 196 78 0
240 240 196 78 265 0
240 196 78 265 240 0
196 78 265 240 240 0
78 265 240 240 240 0
265 240 240 240 196 0
240 240 240 196 78 0
240 240 196 78 265 0
240 196 78 265 240 0
196 78 265 240 240 0
78 265 240 240 240 0
265 240 240 240 196 0
240 240 240 196 78 0
240 240 196 78 265 0
240 196 78 265 240 0
196 78 265 240 240 0
78 265 240 240 240 0
265 240 240 240 196 0
240 240 240 196 78 0
240 240 196 78 265 0
240 196 78 265 240 0
196 78 265 240 240 0
78 265 240 240 240 0
265 240 240 240 196 0
240 240 240 196 78 0
240 240 196 78 265 0
240 196 78 265 240 0
196 78 265 240 240 0
78 265 240 240 240 0
265 240 240 240 196 0
240 240 240 196 78 0
240 240 196 78 265 0
240 196 78 265 240 0
196 78 265 240 240 0
78 265 240 240 240 0
265 240 240 240 196 0
240 240 240 196 78 0
240 240 196 78 265 0
240 196 78 265 240 0
196 78 265 240 240 0
78 265 240 240 240 0
265 240 240 240 196 0
240 240 240 196 78 0
240 240 196 78 265 0
240 196 78 265 240 0
196 78 265 240 240 0
78 265 240 240 240 0
265 240 240 240 196 0
240 240 240 196 78 0
240 240 196 78 265 0
240 196 78 265 240 0
196 78 265 240 240 0
78 265 240 240 240 0
265 240 240 240 196 0
240 240 240 196 78 0
240 240 196 78 265 0
240 196 78 265 240 0
196 78 265 240 240 0
78 265 240 240 240 0
265 240 240 240 196 0
240 240 240 196 78 0
240 240 196 78 265 0
240 196 78 265 240 0
196 78 265 240 240 0
78 265 240 240 240 0
265 240 240 240 196 0
240 240 240 196 78 0
240 240 196 78 265 0
240 196 78 265 240 0
196 78 265 240 240 0
78 265 240 240 240 0
265 240 240 240 196 0
240 240 240 196 78 0
240 240 196 78 265 0
240 196 78 265 240 0
196 78 265 240 240 0
78 265 240 240 240 0
265 240 240 240 196 0
240 240 240 196 78 0
240 240 196 78 265 0
240 196 78 265 240 0
196 78 265 240 240 0
78 265 240 240 240 0
265 240 240 240 196 0
240 240 240 196 78 0
240 240 196 78 265 0
240 196 78 265 240 0
196 78 265 240 240 0
78 265 240 240 240 0
265 240 240 240 196 0
240 240 240 196 78 0
240 240 196 78 265 0
240 196 78 265 240 0
196 78 265 240 240 0
78 265 240 240 240 0
265 240 240 240 196 0
240 240 240 196 78 0
240 240 196 78 265 0
240 196 78 265 240 0
196 78 265 240 240 0
78 265 240 240 240 0
265 240 240 240 196 0
240 240 240 196 78 0
240 240 196 78 265 0
240 196 78 265 240 0
196 78 265 240 240 0
78 265 240 240 240 0
265 240 240 240 196 0
240 240 240 196 78 0
240 240 196 78 265 0
240 196 78 265 240 0
196 78 265 240 240 0
78 265 240 240 240 0
265 240 240 240 196 0
240 240 240 196 78 0
240 240 196 78 265 0
240 196 78 265 240 0
196 78 265 240 240 0
78 265 240 240 240 0
265 240 240 240 196 0
240 240 240 196 78 0
240 240 196 78 265 0
240 196 78 265 240 0
196 78 265 240 240 0
78 265 240 240 240 0
265 240 240 240 196 0
240 240 240 196 78 0
240 240 196 78 265 0
240 196 78 265 240 0
196 78 265 240 240 0
78 265 240 240 240 0
265 240 240 240 196 0
240 240 240 196 78 0
240 240 196 78 265 0
240 196 78 265 240 0
196 78 265 240 240 0
78 265 240 240 240 0
265 240 240 240 196 0
240 240 240 196 78 0
240 240 196 78 265 0
240 196 78 265 240 0
196 78 265 240 240 0
78 265 240 240 240 0
265 240 240 240 196 0
240 240 240 196 78 0
240 240 196 78 265 0
240 196 78 265 240 0
196 78 265 240 240 0
78 265 240 240 240 0
265 240 240 240 196 0
240 240 240 196 78 0
240 240 196 78 265 0
240 196 78 265 240 0
196 78 265 240 240 0
78 265 240 240 240 0
265 240 240 240 196 0
240 240 240 196 78 0
240 240 196 78 265 0
240 196 78 265 240 0
196 78 265 240 240 0
78 265 240 240 240 0
265 240 240 240 196 0
240 240 240 196 78 0
240 240 196 78 265 0
240 196 78 265 240 0
196 78 265 240 240 0
78 265 240 240 240 0
265 240 240 240 196 0
240 240 240 196 78 0
240 240 196 78 265 0
240 196 78 265 240 0
196 78 265 240 240 0
78 265 240 240 240 0
265 240 240 240 196 0
240 240 240 196 78 0
240 240 196 78 265 0
240 196 78 265 240 0
196 78 265 240 240 0
78 265 240 240 240 0
265 240 240 240 196 0
240 240 240 196 78 0
240 240 196 78 265 0
240 196 78 265 240 0
196 78 265 240 240 0
78 265 240 240 240 0
265 240 240 240 196 0
240 240 240 196 78 0
240 240 196 78 265 0
240 196 78 265 240 0
196 78 265 240 240 0
78 265 240 240 240 0
265 240 240 240 196 0
240 240 240 196 78 0
240 240 196 78 265 0
240 196 78 265 240 0
196 78 265 240 240 0
78 265 240 240 240 0
265 240 240 240 196 0
240 240 240 196 78 0
240 240 196 78 265 0
240 196 78 265 240 0
196 78 265 240 240 0
78 265 240 240 240 0
265 240 240 240 196 0
240 240 240 196 78 0
240 240 196 78 265 0
240 196 78 265 240 0
196 78 265 240 240 0
78 265 240 240 240 0
265 240 240 240 196 0
240 240 240 196 78 0
240 240 196 78 265 0
240 196 78 265 240 0
196 78 265 240 240 0
78 265 240 240 240 0
265 240 240 240 196 0
240 240 240 196 78 0
240 240 196 78 265 0
240 196 78 265 240 0
196 78 265 240 240 0
78 265 240 240 240 0
265 240 240 240 196 0
240 240 240 196 78 0
240 240 196 78 265 0
240 196 78 265 240 0
196 78 265 240 240 0
78 265 240 240 240 0
265 240 240 240 196 0
240 240 240 196 78 0
240 240 196 78 265 0
240 196 78 265 240 0
196 78 265 240 240 0
78 265 240 240 240 0
265 240 240 240 196 0
240 240 240 196 78 0
240 240 196 78 265 0
240 196 78 265 240 0
196 78 265 240 240 0
78 265 240 240 240 0
265 240 240 240 196 0
240 240 240 196 78 0
240 240 196 78 265 0
240 196 78 265 240 0
196 78 265 240 240 0
78 265 240 240 240 0
265 240 240 240 196 0
240 240 240 196 78 0
240 240 196 78 265 0
240 196 78 265 240 0
196 78 265 240 240 0
78 265 240 240 240 0
265 240 240 240 196 0
240 240 240 196 78 0
240 240 196 78 265 0
240 196 78 265 240 0
196 78 265 240 240 0
78 265 240 240 240 0
265 240 240 240 196 0
240 240 240 196 78 0
240 240 196 78 265 0
240 196 78 265 240 0
196 78 265 240 240 0
78 265 240 240 240 0
265 240 240 240 196 0
240 240 240 196 78 0
240 240 196 78 265 0
240 196 78 265 240 0
196 78 265 240 240 0
78 265 240 240 240 0
265 240 240 240 196 0
240 240 240 196 78 0
240 240 196 78 265 0
240 196 78 265 240 0
196 78 265 240 240 0
78 265 240 240 240 0
265 240 240 240 196 0
240 240 240 196 78 0
240 240 196 78 265 0
240 196 78 265 240 0
196 78 265 240 240 0
78 265 240 240 240 0
265 240 240 240 196 0
240 240 240 196 78 0
240 240 196 78 265 0
240 196 78 265 240 0
196 78 265 240 240 0
78 265 240 240 240 0
265 240 240 240 196 0
240 240 240 196 78 0
240 240 196 78 265 0
240 196 78 265 240 0
196 78 265 240 240 0
78 265 240 240 240 0
265 240 240 240 196 0
240 240 240 196 78 0
240 240 196 78 265 0
240 196 78 265 240 0
196 78 265 240 240 0
78 265 240 240 240 0
265 240 240 240 196 0
240 240 240 196 78 0
240 240 196 78 265 0
240 196 78 265 240 0
196 78 265 240 240 0
78 265 240 240 240 0
265 240 240 240 196 0
240 240 240 196 78 0
240 240 196 78 265 0
240 196 78 265 240 0
196 78 265 240 240 0
78 265 240 240 240 0
265 240 240 240 196 0
240 240 240 196 78 0
240 240 196 78 265 0
240 196 78 265 240 0
196 78 265 240 240 0
78 265 240 240 240 0
265 240 240 240 196 0
240 240 240 196 78 0
240 240 196 78 265 0
240 196 78 265 240 0
196 78 265 240 240 0
78 265 240 240 240 0
265 240 240 240 196 0
240 240 240 196 78 0
240 240 196 78 265 0
240 196 78 265 240 0
196 78 265 240 240 0
78 265 240 240 240 0
265 240 240 240 196 0
240 240 240 196 78 0
240 240 196 78 265 0
240 196 78 265 240 0
196 78 265 240 240 0
78 265 240 240 240 0
265 240 240 240 196 0
240 240 240 196 78 0
240 240 196 78 265 0
240 196 78 265 240 0
196 78 265 240 240 0
78 265 240 240 240 0
265 240 240 240 196 0
240 240 240 196 78 0
240 240 196 78 265 0
240 196 78 265 240 0
196 78 265 240 240 0
78 265 240 240 240 0
265 240 240 240 196 0
240 240 240 196 78 0
240 240 196 78 265 0
240 196 78 265 240 0
196 78 265 240 240 0
78 265 240 240 240 0
265 240 240 240 196 0
240 240 240 196 78 0
240 240 196 78 265 0
240 196 78 265 240 0
196 78 265 240 240 0
78 265 240 240 240 0
265 240 240 240 196 0
240 240 240 196 78 0
240 240 196 78 265 0
240 196 78 265 240 0
196 78 265 240 240 0
78 265 240 240 240 0
265 240 240 240 196 0
240 240 240 196 78 0
240 240 196 78 265 0
240 196 78 265 240 0
196 78 265 240 240 0
78 265 240 240 240 0
265 240 240 240 196 0
240 240 240 196 78 0
240 240 196 78 265 0
240 196 78 265 240 0
196 78 265 240 240 0
78 265 240 240 240 0
265 240 240 240 196 0
240 240 240 196 78 0
240 240 196 78 265 0
240 196 78 265 240 0
196 78 265 240 240 0
78 265 240 240 240 0
265 240 240 240 196 0
240 240 240 196 78 0
240 240 196 78 265 0
240 196 78 265 240 0
196 78 265 240 240 0
78 265 240 240 240 0
265 240 240 240 196 0
240 240 240 196 78 0
240 240 196 78 265 0
240 196 78 265 240 0
196 78 265 240 240 0
78 265 240 240 240 0
265 240 240 240 196 0
240 240 240 196 78 0
240 240 196 78 265 0
240 196 78 265 240 0
196 78 265 240 240 0
78 265 240 240 240 0
265 240 240 240 196 0
240 240 240 196 78 0
240 240 196 78 265 0
240 196 78 265 240 0
196 78 265 240 240 0
78 265 240 240 240 0
265 240 240 240 196 0
240 240 240 196 78 0
240 240 196 78 265 0
240 196 78 265 240 0
196 78 265 240 240 0
78 265 240 240 240 0
265 240 240 240 196 0
240 240 240 196 78 0
240 240 196 78 265 0
240 196 78 265 78 0
196 78 265 78 240 0
78 265 78 240 240 0
265 78 240 240 240 0
78 240 240 240 240 0
240 240 240 240 220 0
240 240 240 220 220 0
240 240 220 220 196 0
240 220 220 196 196 0
220 220 196 196 240 0
220 196 196 240 78 0
196 196 240 78 5 0
196 240 78 5 196 0
240 78 5 196 196 0
78 5 196 196 240 0
5 196 196 240 240 0
196 196 240 240 78 0
196 240 240 78 265 0
240 240 78 265 33 0
240 78 265 33 168 0
78 265 33 168 240 0
265 33 168 240 3 0
33 168 240 3 6 0
168 240 3 6 6 0
240 3 6 6 78 0
3 6 6 78 102 0
6 6 78 102 221 0
6 78 102 221 221 0
78 102 221 221 42 0
102 221 221 42 221 0
221 221 42 221 221 0
221 42 221 221 221 0
42 221 221 221 221 0
221 221 221 221 102 0
221 221 221 102 78 0
221 221 102 78 168 0
221 102 78 168 102 0
102 78 168 102 78 0
78 168 102 78 168 0
168 102 78 168 102 0
102 78 168 102 78 0
78 168 102 78 168 0
168 102 78 168 102 0
102 78 168 102 78 0
78 168 102 78 168 0
168 102 78 168 102 0
102 78 168 102 78 0
78 168 102 78 168 0
168 102 78 168 102 0
102 78 168 102 78 0
78 168 102 78 168 0
168 102 78 168 102 0
102 78 168 102 102 0
78 168 102 102 6 0
168 102 102 6 240 0
102 102 6 240 240 0
102 6 240 240 6 0
6 240 240 6 240 0
240 240 6 240 240 0
240 6 240 240 6 0
6 240 240 6 78 0
240 240 6 78 4 0
240 6 78 4 78 0
6 78 4 78 265 0
78 4 78 265 240 0
4 78 265 240 240 0
78 265 240 240 78 0
265 240 240 78 265 0
240 240 78 265 240 0
240 78 265 240 240 0
78 265 240 240 240 0
265 240 240 240 78 0
240 240 240 78 78 0
240 240 78 78 265 0
240 78 78 265 240 0
78 78 265 240 78 0
78 265 240 78 265 0
265 240 78 265 240 0
240 78 265 240 240 0
78 265 240 240 240 0
265 240 240 240 240 0
240 240 240 240 78 0
240 240 240 78 240 0
240 240 78 240 33 0
240 78 240 33 168 0
78 240 33 168 240 0
240 33 168 240 3 0
33 168 240 3 6 0
168 240 3 6 6 0
240 3 6 6 78 0
3 6 6 78 102 0
6 6 78 102 221 0
6 78 102 221 221 0
78 102 221 221 42 0
102 221 221 42 221 0
221 221 42 221 221 0
221 42 221 221 221 0
42 221 221 221 221 0
221 221 221 221 102 0
221 221 221 102 78 0
221 221 102 78 168 0
221 102 78 168 102 0
102 78 168 102 78 0
78 168 102 78 168 0
168 102 78 168 102 0
102 78 168 102 78 0
78 168 102 78 168 0
168 102 78 168 102 0
102 78 168 102 78 0
78 168 102 78 168 0
168 102 78 168 102 0
102 78 168 102 78 0
78 168 102 78 168 0
168 102 78 168 102 0
102 78 168 102 78 0
78 168 102 78 168 0
168 102 78 168 102 0
102 78 168 102 102 0
78 168 102 102 6 0
168 102 102 6 240 0
102 102 6 240 240 0
102 6 240 240 6 0
6 240 240 6 240 0
240 240 6 240 240 0
240 6 240 240 6 0
6 240 240 6 78 0
240 240 6 78 4 0
240 6 78 4 78 0
6 78 4 78 265 0
78 4 78 265 240 0
4 78 265 240 240 0
78 265 240 240 78 0
265 240 240 78 265 0
240 240 78 265 240 0
240 78 265 240 240 0
78 265 240 240 240 0
265 240 240 240 240 0
240 240 240 240 78 0
240 240 240 78 240 0
240 240 78 240 196 0
240 78 240 196 78 0
78 240 196 78 265 0
240 196 78 265 240 0
196 78 265 240 78 0
78 265 240 78 240 0
265 240 78 240 240 0
240 78 240 240 240 0
78 240 240 240 240 0
240 240 240 240 196 0
240 240 240 196 240 0
240 240 196 240 240 0
240 196 240 240 78 0
196 240 240 78 265 0
240 240 78 265 240 0
240 78 265 240 240 0
78 265 240 240 78 0
265 240 240 78 33 0
240 240 78 33 33 0
240 78 33 33 195 0
78 33 33 195 5 0
33 33 195 5 221 0
33 195 5 221 221 0
195 5 221 221 197 0
5 221 221 197 160 0
221 221 197 160 159 0
221 197 160 159 120 0
197 160 159 120 140 0
160 159 120 140 3 0
159 120 140 3 221 0
120 140 3 221 221 0
140 3 221 221 221 0
3 221 221 221 33 0
221 221 221 33 197 0
221 221 33 197 33 0
221 33 197 33 197 0
33 197 33 197 140 0
197 33 197 140 3 0
33 197 140 3 221 0
197 140 3 221 195 0
140 3 221 195 5 0
3 221 195 5 221 0
221 195 5 221 221 0
195 5 221 221 197 0
5 221 221 197 160 0
221 221 197 160 159 0
221 197 160 159 120 0
197 160 159 120 140 0
160 159 120 140 221 0
159 120 140 221 33 0
120 140 221 33 78 0
140 221 33 78 168 0
221 33 78 168 240 0
33 78 168 240 3 0
78 168 240 3 6 0
168 240 3 6 6 0
240 3 6 6 78 0
3 6 6 78 102 0
6 6 78 102 221 0
6 78 102 221 221 0
78 102 221 221 42 0
102 221 221 42 221 0
221 221 42 221 221 0
221 42 221 221 221 0
42 221 221 221 221 0
221 221 221 221 102 0
221 221 221 102 78 0
221 221 102 78 168 0
221 102 78 168 102 0
102 78 168 102 78 0
78 168 102 78 168 0
168 102 78 168 102 0
102 78 168 102 78 0
78 168 102 78 168 0
168 102 78 168 102 0
102 78 168 102 78 0
78 168 102 78 168 0
168 102 78 168 102 0
102 78 168 102 4 0
78 168 102 4 240 0
168 102 4 240 240 0
102 4 240 240 240 0
4 240 240 240 78 0
240 240 240 78 168 0
240 240 78 168 102 0
240 78 168 102 78 0
78 168 102 78 168 0
168 102 78 168 102 0
102 78 168 102 78 0
78 168 102 78 168 0
168 102 78 168 102 0
102 78 168 102 78 0
78 168 102 78 168 0
168 102 78 168 4 0
102 78 168 4 102 0
78 168 4 102 240 0
168 4 102 240 240 0
4 102 240 240 4 0
102 240 240 4 240 0
240 240 4 240 240 0
240 4 240 240 240 0
4 240 240 240 78 0
240 240 240 78 168 0
240 240 78 168 102 0
240 78 168 102 78 0
78 168 102 78 168 0
168 102 78 168 102 0
102 78 168 102 78 0
78 168 102 78 168 0
168 102 78 168 102 0
102 78 168 102 78 0
78 168 102 78 168 0
168 102 78 168 4 0
102 78 168 4 102 0
78 168 4 102 240 0
168 4 102 240 240 0
4 102 240 240 4 0
102 240 240 4 240 0
240 240 4 240 78 0
240 4 240 78 240 0
4 240 78 240 168 0
240 78 240 168 102 0
78 240 168 102 78 0
240 168 102 78 168 0
168 102 78 168 102 0
102 78 168 102 78 0
78 168 102 78 168 0
168 102 78 168 102 0
102 78 168 102 78 0
78 168 102 78 168 0
168 102 78 168 240 0
102 78 168 240 4 0
78 168 240 4 102 0
168 240 4 102 240 0
240 4 102 240 240 0
4 102 240 240 4 0
102 240 240 4 240 0
240 240 4 240 78 0
240 4 240 78 102 0
4 240 78 102 168 0
240 78 102 168 102 0
78 102 168 102 102 0
102 168 102 102 6 0
168 102 102 6 240 0
102 102 6 240 240 0
102 6 240 240 6 0
6 240 240 6 240 0
240 240 6 240 240 0
240 6 240 240 6 0
6 240 240 6 13 0
240 240 6 13 78 0
240 6 13 78 4 0
6 13 78 4 78 0
13 78 4 78 265 0
78 4 78 265 240 0
4 78 265 240 78 0
78 265 240 78 265 0
265 240 78 265 240 0
240 78 265 240 240 0
78 265 240 240 240 0
265 240 240 240 240 0
240 240 240 240 240 0
240 240 240 240 240 0
240 240 240 240 78 0
240 240 240 78 240 0
240 240 78 240 78 0
240 78 240 78 265 0
78 240 78 265 240 0
240 78 265 240 240 0
78 265 240 240 78 0
265 240 240 78 265 0
240 240 78 265 240 0
240 78 265 240 78 0
78 265 240 78 240 0
265 240 78 240 78 0
240 78 240 78 265 0
78 240 78 265 240 0
240 78 265 240 240 0
78 265 240 240 240 0
265 240 240 240 78 0
240 240 240 78 265 0
240 240 78 265 240 0
240 78 265 240 240 0
78 265 240 240 78 0
265 240 240 78 265 0
240 240 78 265 240 0
240 78 265 240 240 0
78 265 240 240 240 0
265 240 240 240 78 0
240 240 240 78 240 0
240 240 78 240 196 0
240 78 240 196 78 0
78 240 196 78 196 0
240 196 78 196 78 0
196 78 196 78 265 0
78 196 78 265 240 0
196 78 265 240 240 0
78 265 240 240 196 0
265 240 240 196 78 0
240 240 196 78 196 0
240 196 78 196 78 0
196 78 196 78 265 0
78 196 78 265 240 0
196 78 265 240 240 0
78 265 240 240 240 0
265 240 240 240 196 0
240 240 240 196 240 0
240 240 196 240 240 0
240 196 240 240 78 0
196 240 240 78 240 0
240 240 78 240 265 0
240 78 240 265 240 0
78 240 265 240 240 0
240 265 240 240 196 0
265 240 240 196 240 0
240 240 196 240 78 0
240 196 240 78 240 0
196 240 78 240 265 0
240 78 240 265 240 0
78 240 265 240 240 0
240 265 240 240 240 0
265 240 240 240 240 0
240 240 240 240 196 0
240 240 240 196 78 0
240 240 196 78 265 0
240 196 78 265 240 0
196 78 265 240 240 0
78 265 240 240 265 0
265 240 240 265 240 0
240 240 265 240 240 0
240 265 240 240 240 0
265 240 240 240 196 0
240 240 240 196 240 0
240 240 196 240 240 0
240 196 240 240 78 0
196 240 240 78 265 0
240 240 78 265 240 0
240 78 265 240 240 0
78 265 240 240 196 0
265 240 240 196 240 0
240 240 196 240 78 0
240 196 240 78 240 0
196 240 78 240 196 0
240 78 240 196 78 0
78 240 196 78 196 0
240 196 78 196 240 0
196 78 196 240 240 0
78 196 240 240 240 0
196 240 240 240 78 0
240 240 240 78 265 0
240 240 78 265 240 0
240 78 265 240 240 0
78 265 240 240 240 0
265 240 240 240 240 0
240 240 240 240 240 0
240 240 240 240 240 0
240 240 240 240 196 0
240 240 240 196 240 0
240 240 196 240 78 0
240 196 240 78 265 0
196 240 78 265 240 0
240 78 265 240 240 0
78 265 240 240 196 0
265 240 240 196 78 0
240 240 196 78 240 0
240 196 78 240 196 0
196 78 240 196 78 0
78 240 196 78 265 0
240 196 78 265 240 0
196 78 265 240 240 0
78 265 240 240 240 0
265 240 240 240 196 0
240 240 240 196 78 0
240 240 196 78 265 0
240 196 78 265 240 0
196 78 265 240 240 0
78 265 240 240 196 0
265 240 240 196 240 0
240 240 196 240 78 0
240 196 240 78 240 0
196 240 78 240 265 0
240 78 240 265 240 0
78 240 265 240 240 0
240 265 240 240 240 0
265 240 240 240 240 0
240 240 240 240 265 0
240 240 240 265 240 0
240 240 265 240 240 0
240 265 240 240 240 0
265 240 240 240 196 0
240 240 240 196 240 0
240 240 196 240 78 0
240 196 240 78 240 0
196 240 78 240 196 0
240 78 240 196 78 0
78 240 196 78 240 0
240 196 78 240 196 0
196 78 240 196 78 0
78 240 196 78 265 0
240 196 78 265 240 0
196 78 265 240 240 0
78 265 240 240 196 0
265 240 240 196 240 0
240 240 196 240 240 0
240 196 240 240 78 0
196 240 240 78 265 0
240 240 78 265 240 0
240 78 265 240 240 0
78 265 240 240 196 0
265 240 240 196 78 0
240 240 196 78 265 0
240 196 78 265 240 0
196 78 265 240 240 0
78 265 240 240 196 0
265 240 240 196 78 0
240 240 196 78 196 0
240 196 78 196 240 0
196 78 196 240 78 0
78 196 240 78 265 0
196 240 78 265 240 0
240 78 265 240 240 0
78 265 240 240 196 0
265 240 240 196 240 0
240 240 196 240 78 0
240 196 240 78 196 0
196 240 78 196 240 0
240 78 196 240 240 0
78 196 240 240 78 0
196 240 240 78 265 0
240 240 78 265 240 0
240 78 265 240 240 0
78 265 240 240 196 0
265 240 240 196 240 0
240 240 196 240 240 0
240 196 240 240 78 0
196 240 240 78 240 0
240 240 78 240 265 0
240 78 240 265 240 0
78 240 265 240 240 0
240 265 240 240 196 0
265 240 240 196 240 0
240 240 196 240 78 0
240 196 240 78 265 0
196 240 78 265 240 0
240 78 265 240 240 0
78 265 240 240 196 0
265 240 240 196 78 0
240 240 196 78 265 0
240 196 78 265 240 0
196 78 265 240 240 0
78 265 240 240 240 0
265 240 240 240 196 0
240 240 240 196 240 0
240 240 196 240 78 0
240 196 240 78 240 0
196 240 78 240 196 0
240 78 240 196 78 0
78 240 196 78 265 0
240 196 78 265 240 0
196 78 265 240 240 0
78 265 240 240 196 0
265 240 240 196 240 0
240 240 196 240 78 0
240 196 240 78 240 0
196 240 78 240 240 0
240 78 240 240 240 0
78 240 240 240 240 0
240 240 240 240 196 0
240 240 240 196 240 0
240 240 196 240 240 0
240 196 240 240 78 0
196 240 240 78 196 0
240 240 78 196 240 0
240 78 196 240 240 0
78 196 240 240 240 0
196 240 240 240 78 0
240 240 240 78 240 0
240 240 78 240 196 0
240 78 240 196 78 0
78 240 196 78 265 0
240 196 78 265 240 0
196 78 265 240 240 0
78 265 240 240 240 0
265 240 240 240 265 0
240 240 240 265 240 0
240 240 265 240 240 0
240 265 240 240 196 0
265 240 240 196 78 0
240 240 196 78 196 0
240 196 78 196 240 0
196 78 196 240 78 0
78 196 240 78 240 0
196 240 78 240 196 0
240 78 240 196 78 0
78 240 196 78 196 0
240 196 78 196 240 0
196 78 196 240 78 0
78 196 240 78 265 0
196 240 78 265 240 0
240 78 265 240 240 0
78 265 240 240 196 0
265 240 240 196 78 0
240 240 196 78 265 0
240 196 78 265 240 0
196 78 265 240 240 0
78 265 240 240 240 0
265 240 240 240 265 0
240 240 240 265 240 0
240 240 265 240 240 0
240 265 240 240 240 0
265 240 240 240 196 0
240 240 240 196 78 0
240 240 196 78 265 0
240 196 78 265 240 0
196 78 265 240 240 0
78 265 240 240 240 0
265 240 240 240 196 0
240 240 240 196 78 0
240 240 196 78 265 0
240 196 78 265 240 0
196 78 265 240 240 0
78 265 240 240 240 0
265 240 240 240 265 0
240 240 240 265 240 0
240 240 265 240 240 0
240 265 240 240 196 0
265 240 240 196 78 0
240 240 196 78 196 0
240 196 78 196 78 0
196 78 196 78 265 0
78 196 78 265 240 0
196 78 265 240 240 0
78 265 240 240 196 0
265 240 240 196 78 0
240 240 196 78 196 0
240 196 78 196 78 0
196 78 196 78 265 0
78 196 78 265 240 0
196 78 265 240 240 0
78 265 240 240 240 0
265 240 240 240 196 0
240 240 240 196 240 0
240 240 196 240 240 0
240 196 240 240 240 0
196 240 240 240 240 0
240 240 240 240 78 0
240 240 240 78 265 0
240 240 78 265 240 0
240 78 265 240 240 0
78 265 240 240 240 0
265 240 240 240 196 0
240 240 240 196 78 0
240 240 196 78 265 0
240 196 78 265 240 0
196 78 265 240 240 0
78 265 240 240 196 0
265 240 240 196 78 0
240 240 196 78 240 0
240 196 78 240 196 0
196 78 240 196 78 0
78 240 196 78 265 0
240 196 78 265 240 0
196 78 265 240 240 0
78 265 240 240 5 0
265 240 240 5 240 0
240 240 5 240 240 0
240 5 240 240 240 0
5 240 240 240 240 0
240 240 240 240 78 0
240 240 240 78 196 0
240 240 78 196 78 0
240 78 196 78 265 0
78 196 78 265 78 0
196 78 265 78 5 0
78 265 78 5 196 0
265 78 5 196 196 0
78 5 196 196 196 0
5 196 196 196 220 0
196 196 196 220 240 0
196 196 220 240 240 0
196 220 240 240 78 0
220 240 240 78 219 0
new
174 6 6 5 220 0
6 6 5 220 221 0
6 5 220 221 221 0
5 220 221 221 221 0
220 221 221 221 221 0
221 221 221 221 221 0
221 221 221 221 221 0
221 221 221 221 221 0
221 221 221 221 221 0
221 221 221 221 221 0
221 221 221 221 221 0
221 221 221 221 221 0
221 221 221 221 221 0
221 221 221 221 221 0
221 221 221 221 221 0
221 221 221 221 221 0
221 221 221 221 221 0
221 221 221 221 221 0
221 221 221 221 221 0
221 221 221 221 221 0
221 221 221 221 221 0
221 221 221 221 221 0
221 221 221 221 221 0
221 221 221 221 221 0
221 221 221 221 221 0
221 221 221 221 221 0
221 221 221 221 221 0
221 221 221 221 221 0
221 221 221 221 221 0
221 221 221 221 221 0
221 221 221 221 221 0
221 221 221 221 221 0
221 221 221 221 221 0
221 221 221 221 221 0
221 221 221 221 221 0
221 221 221 221 221 0
221 221 221 221 221 0
221 221 221 221 221 0
221 221 221 221 221 0
221 221 221 221 221 0
221 221 221 221 221 0
221 221 221 221 221 0
221 221 221 221 221 0
221 221 221 221 221 0
221 221 221 221 221 0
221 221 221 221 221 0
221 221 221 221 221 0
221 221 221 221 221 0
221 221 221 221 221 0
221 221 221 221 221 0
221 221 221 221 221 0
221 221 221 221 221 0
221 221 221 221 221 0
221 221 221 221 221 0
221 221 221 221 221 0
221 221 221 221 221 0
221 221 221 221 221 0
221 221 221 221 221 0
221 221 221 221 221 0
221 221 221 221 221 0
221 221 221 221 221 0
221 221 221 221 221 0
221 221 221 221 221 0
221 221 221 221 221 0
221 221 221 221 221 0
221 221 221 221 221 0
221 221 221 221 220 0
221 221 221 220 6 0
221 221 220 6 63 0
221 220 6 63 6 0
220 6 63 6 5 0
6 63 6 5 63 0
63 6 5 63 6 0
6 5 63 6 11 0
5 63 6 11 45 0
63 6 11 45 33 0
6 11 45 33 192 0
11 45 33 192 33 0
45 33 192 33 5 0
33 192 33 5 197 0
192 33 5 197 192 0
33 5 197 192 6 0
5 197 192 6 33 0
197 192 6 33 5 0
192 6 33 5 3 0
6 33 5 3 197 0
33 5 3 197 192 0
5 3 197 192 192 0
3 197 192 192 6 0
197 192 192 6 33 0
192 192 6 33 5 0
192 6 33 5 3 0
6 33 5 3 197 0
33 5 3 197 192 0
5 3 197 192 192 0
3 197 192 192 6 0
197 192 192 6 33 0
192 192 6 33 5 0
192 6 33 5 3 0
6 33 5 3 197 0
33 5 3 197 192 0
5 3 197 192 192 0
3 197 192 192 192 0
197 192 192 192 6 0
192 192 192 6 33 0
192 192 6 33 5 0
192 6 33 5 3 0
6 33 5 3 197 0
33 5 3 197 192 0
5 3 197 192 192 0
3 197 192 192 6 0
197 192 192 6 33 0
192 192 6 33 5 0
192 6 33 5 3 0
6 33 5 3 197 0
33 5 3 197 192 0
5 3 197 192 192 0
3 197 192 192 192 0
197 192 192 192 6 0
192 192 192 6 33 0
192 192 6 33 5 0
192 6 33 5 3 0
6 33 5 3 197 0
33 5 3 197 192 0
5 3 197 192 192 0
3 197 192 192 192 0
197 192 192 192 6 0
192 192 192 6 192 0
192 192 6 192 192 0
192 6 192 192 243 0
6 192 192 243 125 0
192 192 243 125 125 0
192 243 125 125 125 0
243 125 125 125 125 0
125 125 125 125 125 0
125 125 125 125 33 0
125 125 125 33 5 0
125 125 33 5 3 0
125 33 5 3 197 0
33 5 3 197 192 0
5 3 197 192 192 0
3 197 192 192 6 0
197 192 192 6 125 0
192 192 6 125 125 0
192 6 125 125 91 0
6 125 125 91 5 0
125 125 91 5 221 0
125 91 5 221 140 0
91 5 221 140 197 0
5 221 140 197 192 0
221 140 197 192 140 0
140 197 192 140 91 0
197 192 140 91 6 0
192 140 91 6 5 0
140 91 6 5 221 0
91 6 5 221 197 0
6 5 221 197 54 0
5 221 197 54 192 0
221 197 54 192 140 0
197 54 192 140 195 0
54 192 140 195 195 0
192 140 195 195 195 0
140 195 195 195 195 0
195 195 195 195 5 0
195 195 195 5 5 0
195 195 5 5 5 0
195 5 5 5 197 0
5 5 5 197 192 0
5 5 197 192 3 0
5 197 192 3 3 0
197 192 3 3 3 0
192 3 3 3 3 0
3 3 3 3 3 0
3 3 3 3 3 0
3 3 3 3 3 0
3 3 3 3 3 0
3 3 3 3 3 0
3 3 3 3 3 0
3 3 3 3 3 0
3 3 3 3 3 0
3 3 3 3 3 0
3 3 3 3 3 0
3 3 3 3 3 0
3 3 3 3 6 0
3 3 3 6 91 0
3 3 6 91 240 0
3 6 91 240 5 0
6 91 240 5 3 0
91 240 5 3 197 0
240 5 3 197 192 0
5 3 197 192 192 0
3 197 192 192 6 0
197 192 192 6 125 0
192 192 6 125 45 0
192 6 125 45 5 0
6 125 45 5 3 0
125 45 5 3 197 0
45 5 3 197 192 0
5 3 197 192 192 0
3 197 192 192 6 0
197 192 192 6 125 0
192 192 6 125 3 0
192 6 125 3 3 0
6 125 3 3 3 0
125 3 3 3 3 0
3 3 3 3 3 0
3 3 3 3 3 0
3 3 3 3 3 0
3 3 3 3 180 0
3 3 3 180 180 0
3 3 180 180 6 0
3 180 180 6 91 0
new
11 45 33 192 33 0
45 33 192 33 5 0
33 192 33 5 197 0
192 33 5 197 192 0
33 5 197 192 6 0
5 197 192 6 33 0
197 192 6 33 5 0
192 6 33 5 3 0
6 33 5 3 197 0
33 5 3 197 192 0
5 3 197 192 192 0
3 197 192 192 6 0
197 192 192 6 33 0
192 192 6 33 5 0
192 6 33 5 3 0
6 33 5 3 197 0
33 5 3 197 192 0
5 3 197 192 192 0
3 197 192 192 192 0
197 192 192 192 6 0
192 192 192 6 33 0
192 192 6 33 5 0
192 6 33 5 3 0
6 33 5 3 197 0
33 5 3 197 192 0
5 3 197 192 192 0
3 197 192 192 192 0
197 192 192 192 6 0
192 192 192 6 33 0
192 192 6 33 5 0
192 6 33 5 3 0
6 33 5 3 197 0
33 5 3 197 192 0
5 3 197 192 192 0
3 197 192 192 6 0
197 192 192 6 33 0
192 192 6 33 5 0
192 6 33 5 3 0
6 33 5 3 197 0
33 5 3 197 192 0
5 3 197 192 192 0
3 197 192 192 6 0
197 192 192 6 33 0
192 192 6 33 5 0
192 6 33 5 3 0
6 33 5 3 197 0
33 5 3 197 192 0
5 3 197 192 192 0
3 197 192 192 6 0
197 192 192 6 33 0
192 192 6 33 5 0
192 6 33 5 3 0
6 33 5 3 197 0
33 5 3 197 192 0
5 3 197 192 192 0
3 197 192 192 192 0
197 192 192 192 6 0
192 192 192 6 192 0
192 192 6 192 192 0
192 6 192 192 243 0
6 192 192 243 125 0
192 192 243 125 125 0
192 243 125 125 125 0
243 125 125 125 125 0
125 125 125 125 125 0
125 125 125 125 125 0
125 125 125 125 125 0
125 125 125 125 125 0
125 125 125 125 125 0
125 125 125 125 91 0
125 125 125 91 258 0
125 125 91 258 311 0
125 91 258 311 240 0
91 258 311 240 240 0
258 311 240 240 174 0
311 240 240 174 174 0
240 240 174 174 175 0
240 174 174 175 191 0
174 174 175 191 122 0
174 175 191 122 268 0
175 191 122 268 45 0
191 122 268 45 45 0
122 268 45 45 5 0
268 45 45 5 197 0
45 45 5 197 192 0
45 5 197 192 3 0
5 197 192 3 3 0
197 192 3 3 6 0
192 3 3 6 91 0
3 3 6 91 5 0
3 6 91 5 197 0
6 91 5 197 192 0
91 5 197 192 197 0
5 197 192 197 140 0
197 192 197 140 3 0
192 197 140 3 140 0
197 140 3 140 6 0
140 3 140 6 91 0
3 140 6 91 5 0
140 6 91 5 197 0
6 91 5 197 192 0
91 5 197 192 118 0
5 197 192 118 4 0
197 192 118 4 6 0
192 118 4 6 91 0
new
240 311 78 78 265 0
311 78 78 265 240 0
78 78 265 240 78 0
78 265 240 78 265 0
265 240 78 265 240 0
240 78 265 240 240 0
78 265 240 240 240 0
265 240 240 240 240 0
240 240 240 240 78 0
240 240 240 78 240 0
240 240 78 240 78 0
240 78 240 78 265 0
78 240 78 265 240 0
240 78 265 240 240 0
78 265 240 240 78 0
265 240 240 78 265 0
240 240 78 265 240 0
240 78 265 240 240 0
78 265 240 240 240 0
265 240 240 240 78 0
240 240 240 78 240 0
240 240 78 240 4 0
240 78 240 4 78 0
78 240 4 78 78 0
240 4 78 78 265 0
4 78 78 265 196 0
78 78 265 196 78 0
78 265 196 78 240 0
265 196 78 240 196 0
196 78 240 196 78 0
78 240 196 78 265 0
240 196 78 265 240 0
196 78 265 240 240 0
78 265 240 240 196 0
265 240 240 196 78 0
240 240 196 78 265 0
240 196 78 265 240 0
196 78 265 240 240 0
78 265 240 240 240 0
265 240 240 240 196 0
240 240 240 196 240 0
240 240 196 240 240 0
240 196 240 240 78 0
196 240 240 78 265 0
240 240 78 265 240 0
240 78 265 240 240 0
78 265 240 240 196 0
265 240 240 196 78 0
240 240 196 78 265 0
240 196 78 265 240 0
196 78 265 240 240 0
78 265 240 240 196 0
265 240 240 196 78 0
240 240 196 78 265 0
240 196 78 265 240 0
196 78 265 240 240 0
78 265 240 240 240 0
265 240 240 240 196 0
240 240 240 196 78 0
240 240 196 78 265 0
240 196 78 265 240 0
196 78 265 240 240 0
78 265 240 240 78 0
265 240 240 78 265 0
240 240 78 265 240 0
240 78 265 240 240 0
78 265 240 240 78 0
265 240 240 78 240 0
240 240 78 240 196 0
240 78 240 196 240 0
78 240 196 240 240 0
240 196 240 240 240 0
196 240 240 240 78 0
240 240 240 78 196 0
240 240 78 196 240 0
240 78 196 240 240 0
78 196 240 240 78 0
196 240 240 78 265 0
240 240 78 265 240 0
240 78 265 240 240 0
78 265 240 240 196 0
265 240 240 196 78 0
240 240 196 78 196 0
240 196 78 196 78 0
196 78 196 78 265 0
78 196 78 265 240 0
196 78 265 240 240 0
78 265 240 240 196 0
265 240 240 196 240 0
240 240 196 240 240 0
240 196 240 240 240 0
196 240 240 240 78 0
240 240 240 78 240 0
240 240 78 240 265 0
240 78 240 265 240 0
78 240 265 240 240 0
240 265 240 240 240 0
265 240 240 240 196 0
240 240 240 196 240 0
240 240 196 240 78 0
240 196 240 78 240 0
196 240 78 240 196 0
240 78 240 196 78 0
78 240 196 78 265 0
240 196 78 265 240 0
196 78 265 240 240 0
78 265 240 240 196 0
265 240 240 196 240 0
240 240 196 240 78 0
240 196 240 78 240 0
196 240 78 240 196 0
240 78 240 196 240 0
78 240 196 240 240 0
240 196 240 240 78 0
196 240 240 78 196 0
240 240 78 196 78 0
240 78 196 78 265 0
78 196 78 265 240 0
196 78 265 240 240 0
78 265 240 240 196 0
265 240 240 196 78 0
240 240 196 78 265 0
240 196 78 265 240 0
196 78 265 240 240 0
78 265 240 240 196 0
265 240 240 196 78 0
240 240 196 78 240 0
240 196 78 240 196 0
196 78 240 196 240 0
78 240 196 240 78 0
240 196 240 78 240 0
196 240 78 240 265 0
240 78 240 265 240 0
78 240 265 240 240 0
240 265 240 240 240 0
265 240 240 240 240 0
240 240 240 240 196 0
240 240 240 196 78 0
240 240 196 78 265 0
240 196 78 265 240 0
196 78 265 240 240 0
78 265 240 240 196 0
265 240 240 196 240 0
240 240 196 240 78 0
240 196 240 78 240 0
196 240 78 240 196 0
240 78 240 196 78 0
78 240 196 78 265 0
240 196 78 265 240 0
196 78 265 240 240 0
78 265 240 240 196 0
265 240 240 196 78 0
240 240 196 78 265 0
240 196 78 265 240 0
196 78 265 240 240 0
78 265 240 240 196 0
265 240 240 196 240 0
240 240 196 240 78 0
240 196 240 78 240 0
196 240 78 240 196 0
240 78 240 196 78 0
78 240 196 78 265 0
240 196 78 265 240 0
196 78 265 240 240 0
78 265 240 240 196 0
265 240 240 196 78 0
240 240 196 78 265 0
240 196 78 265 240 0
196 78 265 240 240 0
78 265 240 240 196 0
265 240 240 196 78 0
240 240 196 78 240 0
240 196 78 240 196 0
196 78 240 196 240 0
78 240 196 240 78 0
240 196 240 78 240 0
196 240 78 240 196 0
240 78 240 196 78 0
78 240 196 78 265 0
240 196 78 265 240 0
196 78 265 240 240 0
78 265 240 240 196 0
265 240 240 196 78 0
240 240 196 78 265 0
240 196 78 265 240 0
196 78 265 240 240 0
78 265 240 240 196 0
265 240 240 196 78 0
240 240 196 78 265 0
240 196 78 265 240 0
196 78 265 240 240 0
78 265 240 240 196 0
265 240 240 196 78 0
240 240 196 78 240 0
240 196 78 240 265 0
196 78 240 265 240 0
78 240 265 240 240 0
240 265 240 240 196 0
265 240 240 196 78 0
240 240 196 78 265 0
240 196 78 265 240 0
196 78 265 240 240 0
78 265 240 240 196 0
265 240 240 196 78 0
240 240 196 78 265 0
240 196 78 265 240 0
196 78 265 240 240 0
78 265 240 240 196 0
265 240 240 196 78 0
240 240 196 78 265 0
240 196 78 265 240 0
196 78 265 240 196 0
78 265 240 196 196 0
265 240 196 196 196 0
240 196 196 196 196 0
196 196 196 196 196 0
196 196 196 196 196 0
196 196 196 196 196 0
196 196 196 196 196 0
196 196 196 196 196 0
196 196 196 196 196 0
196 196 196 196 196 0
196 196 196 196 196 0
196 196 196 196 220 0
196 196 196 220 78 0
196 196 220 78 265 0
196 220 78 265 240 0
220 78 265 240 240 0
78 265 240 240 78 0
265 240 240 78 219 0
new
168 54 102 6 102 0
54 102 6 102 102 0
102 6 102 102 102 0
6 102 102 102 102 0
102 102 102 102 102 0
102 102 102 102 102 0
102 102 102 102 102 0
102 102 102 102 102 0
102 102 102 102 102 0
102 102 102 102 102 0
102 102 102 102 102 0
102 102 102 102 240 0
102 102 102 240 78 0
102 102 240 78 240 0
102 240 78 240 265 0
240 78 240 265 102 0
78 240 265 102 102 0
240 265 102 102 102 0
265 102 102 102 13 0
102 102 102 13 102 0
102 102 13 102 102 0
102 13 102 102 102 0
13 102 102 102 102 0
102 102 102 102 6 0
102 102 102 6 195 0
102 102 6 195 5 0
102 6 195 5 197 0
6 195 5 197 192 0
195 5 197 192 3 0
5 197 192 3 3 0
197 192 3 3 6 0
192 3 3 6 91 0
3 3 6 91 195 0
3 6 91 195 102 0
6 91 195 102 102 0
91 195 102 102 78 0
195 102 102 78 168 0
102 102 78 168 102 0
102 78 168 102 168 0
78 168 102 168 54 0
168 102 168 54 102 0
102 168 54 102 6 0
168 54 102 6 102 0
54 102 6 102 102 0
102 6 102 102 102 0
6 102 102 102 102 0
102 102 102 102 102 0
102 102 102 102 102 0
102 102 102 102 102 0
102 102 102 102 102 0
102 102 102 102 102 0
102 102 102 102 6 0
102 102 102 6 265 0
102 102 6 265 78 0
102 6 265 78 265 0
6 265 78 265 4 0
265 78 265 4 240 0
78 265 4 240 78 0
265 4 240 78 78 0
4 240 78 78 265 0
240 78 78 265 102 0
78 78 265 102 168 0
78 265 102 168 54 0
265 102 168 54 102 0
102 168 54 102 6 0
168 54 102 6 102 0
54 102 6 102 102 0
102 6 102 102 102 0
6 102 102 102 102 0
102 102 102 102 102 0
102 102 102 102 102 0
102 102 102 102 102 0
102 102 102 102 102 0
102 102 102 102 102 0
102 102 102 102 102 0
102 102 102 102 102 0
102 102 102 102 102 0
102 102 102 102 102 0
102 102 102 102 102 0
102 102 102 102 102 0
102 102 102 102 102 0
102 102 102 102 102 0
102 102 102 102 102 0
102 102 102 102 102 0
102 102 102 102 102 0
102 102 102 102 102 0
102 102 102 102 102 0
102 102 102 102 102 0
102 102 102 102 102 0
102 102 102 102 102 0
102 102 102 102 102 0
102 102 102 102 102 0
102 102 102 102 102 0
102 102 102 102 102 0
102 102 102 102 102 0
102 102 102 102 102 0
102 102 102 102 102 0
102 102 102 102 102 0
102 102 102 102 102 0
102 102 102 102 91 0
102 102 102 91 102 0
102 102 91 102 168 0
102 91 102 168 54 0
91 102 168 54 102 0
102 168 54 102 6 0
168 54 102 6 102 0
54 102 6 102 102 0
102 6 102 102 102 0
6 102 102 102 102 0
102 102 102 102 102 0
102 102 102 102 102 0
102 102 102 102 102 0
102 102 102 102 102 0
102 102 102 102 102 0
102 102 102 102 102 0
102 102 102 102 102 0
102 102 102 102 102 0
102 102 102 102 102 0
102 102 102 102 102 0
102 102 102 102 102 0
102 102 102 102 102 0
102 102 102 102 102 0
102 102 102 102 102 0
102 102 102 102 102 0
102 102 102 102 102 0
102 102 102 102 102 0
102 102 102 102 102 0
102 102 102 102 102 0
102 102 102 102 102 0
102 102 102 102 102 0
102 102 102 102 102 0
102 102 102 102 102 0
102 102 102 102 102 0
102 102 102 102 102 0
102 102 102 102 102 0
102 102 102 102 102 0
102 102 102 102 102 0
102 102 102 102 102 0
102 102 102 102 6 0
102 102 102 6 265 0
102 102 6 265 78 0
102 6 265 78 78 0
6 265 78 78 265 0
265 78 78 265 102 0
78 78 265 102 102 0
78 265 102 102 102 0
265 102 102 102 13 0
102 102 102 13 102 0
102 102 13 102 102 0
102 13 102 102 102 0
13 102 102 102 102 0
102 102 102 102 6 0
102 102 102 6 195 0
102 102 6 195 5 0
102 6 195 5 197 0
6 195 5 197 192 0
195 5 197 192 3 0
5 197 192 3 3 0
197 192 3 3 6 0
192 3 3 6 91 0
3 3 6 91 195 0
3 6 91 195 168 0
6 91 195 168 54 0
91 195 168 54 102 0
195 168 54 102 6 0
168 54 102 6 102 0
54 102 6 102 102 0
102 6 102 102 102 0
6 102 102 102 102 0
102 102 102 102 102 0
102 102 102 102 102 0
102 102 102 102 102 0
102 102 102 102 102 0
102 102 102 102 102 0
102 102 102 102 102 0
102 102 102 102 102 0
102 102 102 102 102 0
102 102 102 102 102 0
102 102 102 102 102 0
102 102 102 102 102 0
102 102 102 102 102 0
102 102 102 102 102 0
102 102 102 102 102 0
102 102 102 102 102 0
102 102 102 102 102 0
102 102 102 102 102 0
102 102 102 102 102 0
102 102 102 102 102 0
102 102 102 102 102 0
102 102 102 102 102 0
102 102 102 102 102 0
102 102 102 102 102 0
102 102 102 102 102 0
102 102 102 102 102 0
102 102 102 102 102 0
102 102 102 102 102 0
102 102 102 102 102 0
102 102 102 102 102 0
102 102 102 102 6 0
102 102 102 6 265 0
102 102 6 265 78 0
102 6 265 78 78 0
6 265 78 78 265 0
265 78 78 265 102 0
78 78 265 102 102 0
78 265 102 102 102 0
265 102 102 102 13 0
102 102 102 13 168 0
102 102 13 168 54 0
102 13 168 54 102 0
13 168 54 102 6 0
168 54 102 6 265 0
54 102 6 265 78 0
102 6 265 78 78 0
6 265 78 78 265 0
265 78 78 265 102 0
78 78 265 102 102 0
78 265 102 102 102 0
265 102 102 102 13 0
102 102 102 13 102 0
102 102 13 102 102 0
102 13 102 102 102 0
13 102 102 102 102 0
102 102 102 102 6 0
102 102 102 6 195 0
102 102 6 195 5 0
102 6 195 5 197 0
6 195 5 197 192 0
195 5 197 192 3 0
5 197 192 3 3 0
197 192 3 3 6 0
192 3 3 6 91 0
3 3 6 91 195 0
3 6 91 195 102 0
6 91 195 102 102 0
91 195 102 102 78 0
195 102 102 78 168 0
102 102 78 168 102 0
102 78 168 102 168 0
78 168 102 168 54 0
168 102 168 54 102 0
102 168 54 102 6 0
168 54 102 6 265 0
54 102 6 265 78 0
102 6 265 78 78 0
6 265 78 78 78 0
265 78 78 78 265 0
78 78 78 265 195 0
78 78 265 195 102 0
78 265 195 102 168 0
265 195 102 168 54 0
195 102 168 54 102 0
102 168 54 102 6 0
168 54 102 6 102 0
54 102 6 102 102 0
102 6 102 102 102 0
6 102 102 102 102 0
102 102 102 102 102 0
102 102 102 102 102 0
102 102 102 102 6 0
102 102 102 6 265 0
102 102 6 265 78 0
102 6 265 78 78 0
6 265 78 78 265 0
265 78 78 265 102 0
78 78 265 102 102 0
78 265 102 102 102 0
265 102 102 102 13 0
102 102 102 13 102 0
102 102 13 102 102 0
102 13 102 102 102 0
13 102 102 102 102 0
102 102 102 102 6 0
102 102 102 6 195 0
102 102 6 195 5 0
102 6 195 5 197 0
6 195 5 197 192 0
195 5 197 192 3 0
5 197 192 3 3 0
197 192 3 3 6 0
192 3 3 6 91 0
3 3 6 91 195 0
3 6 91 195 102 0
6 91 195 102 102 0
91 195 102 102 78 0
195 102 102 78 168 0
102 102 78 168 102 0
102 78 168 102 168 0
78 168 102 168 54 0
168 102 168 54 102 0
102 168 54 102 6 0
168 54 102 6 265 0
54 102 6 265 78 0
102 6 265 78 78 0
6 265 78 78 265 0
265 78 78 265 102 0
78 78 265 102 102 0
78 265 102 102 102 0
265 102 102 102 13 0
102 102 102 13 102 0
102 102 13 102 102 0
102 13 102 102 102 0
13 102 102 102 102 0
102 102 102 102 6 0
102 102 102 6 195 0
102 102 6 195 5 0
102 6 195 5 197 0
6 195 5 197 192 0
195 5 197 192 3 0
5 197 192 3 3 0
197 192 3 3 6 0
192 3 3 6 91 0
3 3 6 91 195 0
3 6 91 195 102 0
6 91 195 102 102 0
91 195 102 102 78 0
195 102 102 78 168 0
102 102 78 168 102 0
102 78 168 102 168 0
78 168 102 168 54 0
168 102 168 54 102 0
102 168 54 102 6 0
168 54 102 6 102 0
54 102 6 102 102 0
102 6 102 102 102 0
6 102 102 102 102 0
102 102 102 102 102 0
102 102 102 102 102 0
102 102 102 102 6 0
102 102 102 6 265 0
102 102 6 265 78 0
102 6 265 78 78 0
6 265 78 78 265 0
265 78 78 265 102 0
78 78 265 102 102 0
78 265 102 102 102 0
265 102 102 102 13 0
102 102 102 13 102 0
102 102 13 102 102 0
102 13 102 102 102 0
13 102 102 102 102 0
102 102 102 102 6 0
102 102 102 6 195 0
102 102 6 195 5 0
102 6 195 5 197 0
6 195 5 197 192 0
195 5 197 192 3 0
5 197 192 3 3 0
197 192 3 3 6 0
192 3 3 6 91 0
3 3 6 91 195 0
3 6 91 195 102 0
6 91 195 102 102 0
91 195 102 102 78 0
195 102 102 78 168 0
102 102 78 168 102 0
102 78 168 102 168 0
78 168 102 168 54 0
168 102 168 54 102 0
102 168 54 102 6 0
168 54 102 6 265 0
54 102 6 265 78 0
102 6 265 78 78 0
6 265 78 78 265 0
265 78 78 265 102 0
78 78 265 102 102 0
78 265 102 102 102 0
265 102 102 102 13 0
102 102 102 13 102 0
102 102 13 102 102 0
102 13 102 102 102 0
13 102 102 102 102 0
102 102 102 102 6 0
102 102 102 6 195 0
102 102 6 195 5 0
102 6 195 5 197 0
6 195 5 197 192 0
195 5 197 192 3 0
5 197 192 3 3 0
197 192 3 3 6 0
192 3 3 6 91 0
3 3 6 91 195 0
3 6 91 195 102 0
6 91 195 102 102 0
91 195 102 102 78 0
195 102 102 78 168 0
102 102 78 168 102 0
102 78 168 102 168 0
78 168 102 168 54 0
168 102 168 54 102 0
102 168 54 102 6 0
168 54 102 6 265 0
54 102 6 265 78 0
102 6 265 78 78 0
6 265 78 78 265 0
265 78 78 265 102 0
78 78 265 102 102 0
78 265 102 102 102 0
265 102 102 102 13 0
102 102 102 13 102 0
102 102 13 102 102 0
102 13 102 102 102 0
13 102 102 102 102 0
102 102 102 102 6 0
102 102 102 6 195 0
102 102 6 195 5 0
102 6 195 5 197 0
6 195 5 197 192 0
195 5 197 192 3 0
5 197 192 3 3 0
197 192 3 3 6 0
192 3 3 6 91 0
3 3 6 91 195 0
3 6 91 195 102 0
6 91 195 102 102 0
91 195 102 102 78 0
195 102 102 78 168 0
102 102 78 168 102 0
102 78 168 102 168 0
78 168 102 168 54 0
168 102 168 54 102 0
102 168 54 102 6 0
168 54 102 6 265 0
54 102 6 265 78 0
102 6 265 78 78 0
6 265 78 78 78 0
265 78 78 78 265 0
78 78 78 265 240 0
78 78 265 240 168 0
78 265 240 168 54 0
265 240 168 54 102 0
240 168 54 102 6 0
168 54 102 6 265 0
54 102 6 265 78 0
102 6 265 78 78 0
6 265 78 78 78 0
265 78 78 78 265 0
78 78 78 265 78 0
78 78 265 78 240 0
78 265 78 240 265 0
265 78 240 265 102 0
78 240 265 102 102 0
240 265 102 102 102 0
265 102 102 102 13 0
102 102 102 13 102 0
102 102 13 102 102 0
102 13 102 102 102 0
13 102 102 102 102 0
102 102 102 102 6 0
102 102 102 6 195 0
102 102 6 195 240 0
102 6 195 240 5 0
6 195 240 5 197 0
195 240 5 197 192 0
240 5 197 192 3 0
5 197 192 3 3 0
197 192 3 3 6 0
192 3 3 6 91 0
3 3 6 91 240 0
3 6 91 240 195 0
6 91 240 195 102 0
91 240 195 102 102 0
240 195 102 102 78 0
195 102 102 78 168 0
102 102 78 168 102 0
102 78 168 102 168 0
78 168 102 168 54 0
168 102 168 54 102 0
102 168 54 102 6 0
168 54 102 6 265 0
54 102 6 265 78 0
102 6 265 78 78 0
6 265 78 78 265 0
265 78 78 265 102 0
78 78 265 102 102 0
78 265 102 102 102 0
265 102 102 102 13 0
102 102 102 13 102 0
102 102 13 102 102 0
102 13 102 102 102 0
13 102 102 102 102 0
102 102 102 102 6 0
102 102 102 6 195 0
102 102 6 195 5 0
102 6 195 5 197 0
6 195 5 197 192 0
195 5 197 192 3 0
5 197 192 3 3 0
197 192 3 3 6 0
192 3 3 6 91 0
3 3 6 91 195 0
3 6 91 195 102 0
6 91 195 102 102 0
91 195 102 102 78 0
195 102 102 78 168 0
102 102 78 168 102 0
102 78 168 102 168 0
78 168 102 168 54 0
168 102 168 54 102 0
102 168 54 102 6 0
168 54 102 6 265 0
54 102 6 265 78 0
102 6 265 78 78 0
6 265 78 78 265 0
265 78 78 265 102 0
78 78 265 102 102 0
78 265 102 102 102 0
265 102 102 102 13 0
102 102 102 13 102 0
102 102 13 102 102 0
102 13 102 102 102 0
13 102 102 102 102 0
102 102 102 102 6 0
102 102 102 6 195 0
102 102 6 195 5 0
102 6 195 5 197 0
6 195 5 197 192 0
195 5 197 192 3 0
5 197 192 3 3 0
197 192 3 3 6 0
192 3 3 6 91 0
3 3 6 91 195 0
3 6 91 195 102 0
6 91 195 102 3 0
91 195 102 3 168 0
195 102 3 168 54 0
102 3 168 54 102 0
3 168 54 102 6 0
168 54 102 6 102 0
54 102 6 102 168 0
102 6 102 168 102 0
6 102 168 102 197 0
102 168 102 197 91 0
168 102 197 91 102 0
102 197 91 102 168 0
197 91 102 168 54 0
91 102 168 54 102 0
102 168 54 102 6 0
168 54 102 6 102 0
54 102 6 102 102 0
102 6 102 102 102 0
6 102 102 102 102 0
102 102 102 102 102 0
102 102 102 102 102 0
102 102 102 102 6 0
102 102 102 6 265 0
102 102 6 265 78 0
102 6 265 78 4 0
6 265 78 4 78 0
265 78 4 78 78 0
78 4 78 78 265 0
4 78 78 265 168 0
78 78 265 168 91 0
78 265 168 91 168 0
265 168 91 168 54 0
168 91 168 54 168 0
91 168 54 168 54 0
168 54 168 54 102 0
54 168 54 102 6 0
168 54 102 6 265 0
54 102 6 265 78 0
102 6 265 78 78 0
6 265 78 78 265 0
265 78 78 265 102 0
78 78 265 102 102 0
78 265 102 102 5 0
265 102 102 5 91 0
102 102 5 91 168 0
102 5 91 168 54 0
5 91 168 54 102 0
91 168 54 102 6 0
168 54 102 6 195 0
54 102 6 195 5 0
102 6 195 5 197 0
6 195 5 197 192 0
195 5 197 192 3 0
5 197 192 3 3 0
197 192 3 3 6 0
192 3 3 6 91 0
3 3 6 91 195 0
3 6 91 195 102 0
6 91 195 102 102 0
91 195 102 102 78 0
195 102 102 78 168 0
102 102 78 168 102 0
102 78 168 102 78 0
78 168 102 78 102 0
168 102 78 102 168 0
102 78 102 168 54 0
78 102 168 54 102 0
102 168 54 102 6 0
168 54 102 6 195 0
54 102 6 195 5 0
102 6 195 5 102 0
6 195 5 102 6 0
195 5 102 6 78 0
5 102 6 78 3 0
102 6 78 3 102 0
6 78 3 102 168 0
78 3 102 168 54 0
3 102 168 54 102 0
102 168 54 102 6 0
168 54 102 6 265 0
54 102 6 265 78 0
102 6 265 78 78 0
6 265 78 78 265 0
265 78 78 265 102 0
78 78 265 102 102 0
78 265 102 102 102 0
265 102 102 102 13 0
102 102 102 13 102 0
102 102 13 102 91 0
102 13 102 91 102 0
13 102 91 102 6 0
102 91 102 6 91 0
91 102 6 91 102 0
102 6 91 102 102 0
6 91 102 102 168 0
91 102 102 168 54 0
102 102 168 54 102 0
102 168 54 102 6 0
168 54 102 6 265 0
54 102 6 265 78 0
102 6 265 78 78 0
6 265 78 78 78 0
265 78 78 78 265 0
78 78 78 265 240 0
78 78 265 240 78 0
78 265 240 78 240 0
265 240 78 240 219 0
new
240 78 240 265 102 0
78 240 265 102 102 0
240 265 102 102 102 0
265 102 102 102 13 0
102 102 102 13 78 0
102 102 13 78 195 0
102 13 78 195 102 0
13 78 195 102 168 0
78 195 102 168 54 0
195 102 168 54 102 0
102 168 54 102 6 0
168 54 102 6 265 0
54 102 6 265 78 0
102 6 265 78 78 0
6 265 78 78 265 0
265 78 78 265 102 0
78 78 265 102 102 0
78 265 102 102 102 0
265 102 102 102 13 0
102 102 102 13 102 0
102 102 13 102 102 0
102 13 102 102 102 0
13 102 102 102 102 0
102 102 102 102 6 0
102 102 102 6 195 0
102 102 6 195 5 0
102 6 195 5 197 0
6 195 5 197 192 0
195 5 197 192 3 0
5 197 192 3 3 0
197 192 3 3 6 0
192 3 3 6 91 0
3 3 6 91 195 0
3 6 91 195 102 0
6 91 195 102 102 0
91 195 102 102 78 0
195 102 102 78 168 0
102 102 78 168 102 0
102 78 168 102 168 0
78 168 102 168 54 0
168 102 168 54 102 0
102 168 54 102 6 0
168 54 102 6 102 0
54 102 6 102 102 0
102 6 102 102 102 0
6 102 102 102 102 0
102 102 102 102 102 0
102 102 102 102 102 0
102 102 102 102 6 0
102 102 102 6 265 0
102 102 6 265 78 0
102 6 265 78 78 0
6 265 78 78 78 0
265 78 78 78 265 0
78 78 78 265 240 0
78 78 265 240 168 0
78 265 240 168 54 0
265 240 168 54 102 0
240 168 54 102 6 0
168 54 102 6 265 0
54 102 6 265 78 0
102 6 265 78 78 0
6 265 78 78 78 0
265 78 78 78 265 0
78 78 78 265 240 0
78 78 265 240 78 0
78 265 240 78 265 0
265 240 78 265 102 0
240 78 265 102 102 0
78 265 102 102 102 0
265 102 102 102 13 0
102 102 102 13 102 0
102 102 13 102 102 0
102 13 102 102 102 0
13 102 102 102 102 0
102 102 102 102 6 0
102 102 102 6 195 0
102 102 6 195 5 0
102 6 195 5 197 0
6 195 5 197 192 0
195 5 197 192 3 0
5 197 192 3 102 0
197 192 3 102 168 0
192 3 102 168 54 0
3 102 168 54 102 0
102 168 54 102 6 0
168 54 102 6 265 0
54 102 6 265 78 0
102 6 265 78 78 0
6 265 78 78 265 0
265 78 78 265 102 0
78 78 265 102 102 0
78 265 102 102 102 0
265 102 102 102 13 0
102 102 102 13 102 0
102 102 13 102 102 0
102 13 102 102 102 0
13 102 102 102 102 0
102 102 102 102 6 0
102 102 102 6 195 0
102 102 6 195 5 0
102 6 195 5 197 0
6 195 5 197 192 0
195 5 197 192 3 0
5 197 192 3 3 0
197 192 3 3 6 0
192 3 3 6 91 0
3 3 6 91 195 0
3 6 91 195 102 0
6 91 195 102 102 0
91 195 102 102 78 0
195 102 102 78 168 0
102 102 78 168 102 0
102 78 168 102 102 0
78 168 102 102 168 0
168 102 102 168 54 0
102 102 168 54 102 0
102 168 54 102 240 0
168 54 102 240 168 0
54 102 240 168 54 0
102 240 168 54 102 0
240 168 54 102 6 0
168 54 102 6 78 0
54 102 6 78 265 0
102 6 78 265 195 0
6 78 265 195 91 0
78 265 195 91 102 0
265 195 91 102 168 0
195 91 102 168 54 0
91 102 168 54 102 0
102 168 54 102 6 0
168 54 102 6 102 0
54 102 6 102 102 0
102 6 102 102 102 0
6 102 102 102 102 0
102 102 102 102 102 0
102 102 102 102 102 0
102 102 102 102 102 0
102 102 102 102 168 0
102 102 102 168 54 0
102 102 168 54 102 0
102 168 54 102 6 0
168 54 102 6 102 0
54 102 6 102 195 0
102 6 102 195 102 0
6 102 195 102 168 0
102 195 102 168 54 0
195 102 168 54 102 0
102 168 54 102 6 0
168 54 102 6 265 0
54 102 6 265 78 0
102 6 265 78 78 0
6 265 78 78 265 0
265 78 78 265 102 0
78 78 265 102 102 0
78 265 102 102 102 0
265 102 102 102 13 0
102 102 102 13 102 0
102 102 13 102 102 0
102 13 102 102 102 0
13 102 102 102 102 0
102 102 102 102 6 0
102 102 102 6 195 0
102 102 6 195 5 0
102 6 195 5 102 0
6 195 5 102 168 0
195 5 102 168 54 0
5 102 168 54 102 0
102 168 54 102 3 0
168 54 102 3 102 0
54 102 3 102 102 0
102 3 102 102 168 0
3 102 102 168 54 0
102 102 168 54 102 0
102 168 54 102 6 0
168 54 102 6 195 0
54 102 6 195 5 0
102 6 195 5 197 0
6 195 5 197 192 0
195 5 197 192 3 0
5 197 192 3 3 0
197 192 3 3 6 0
192 3 3 6 91 0
3 3 6 91 195 0
3 6 91 195 102 0
6 91 195 102 168 0
91 195 102 168 54 0
195 102 168 54 102 0
102 168 54 102 102 0
168 54 102 102 3 0
54 102 102 3 168 0
102 102 3 168 54 0
102 3 168 54 102 0
3 168 54 102 6 0
168 54 102 6 195 0
54 102 6 195 5 0
102 6 195 5 197 0
6 195 5 197 192 0
195 5 197 192 3 0
5 197 192 3 3 0
197 192 3 3 6 0
192 3 3 6 91 0
3 3 6 91 195 0
3 6 91 195 102 0
6 91 195 102 102 0
91 195 102 102 168 0
195 102 102 168 54 0
102 102 168 54 102 0
102 168 54 102 6 0
168 54 102 6 265 0
54 102 6 265 78 0
102 6 265 78 78 0
6 265 78 78 265 0
265 78 78 265 102 0
78 78 265 102 102 0
78 265 102 102 102 0
265 102 102 102 13 0
102 102 102 13 102 0
102 102 13 102 102 0
102 13 102 102 102 0
13 102 102 102 102 0
102 102 102 102 6 0
102 102 102 6 195 0
102 102 6 195 5 0
102 6 195 5 197 0
6 195 5 197 192 0
195 5 197 192 3 0
5 197 192 3 3 0
197 192 3 3 6 0
192 3 3 6 91 0
3 3 6 91 195 0
3 6 91 195 102 0
6 91 195 102 102 0
91 195 102 102 78 0
195 102 102 78 168 0
102 102 78 168 102 0
102 78 168 102 168 0
78 168 102 168 54 0
168 102 168 54 102 0
102 168 54 102 6 0
168 54 102 6 195 0
54 102 6 195 5 0
102 6 195 5 197 0
6 195 5 197 192 0
195 5 197 192 3 0
5 197 192 3 3 0
197 192 3 3 6 0
192 3 3 6 91 0
3 3 6 91 195 0
3 6 91 195 102 0
6 91 195 102 102 0
91 195 102 102 78 0
195 102 102 78 168 0
102 102 78 168 102 0
102 78 168 102 168 0
78 168 102 168 54 0
168 102 168 54 102 0
102 168 54 102 6 0
168 54 102 6 265 0
54 102 6 265 78 0
102 6 265 78 78 0
6 265 78 78 265 0
265 78 78 265 102 0
78 78 265 102 102 0
78 265 102 102 102 0
265 102 102 102 13 0
102 102 102 13 102 0
102 102 13 102 102 0
102 13 102 102 102 0
13 102 102 102 102 0
102 102 102 102 6 0
102 102 102 6 195 0
102 102 6 195 5 0
102 6 195 5 197 0
6 195 5 197 192 0
195 5 197 192 3 0
5 197 192 3 3 0
197 192 3 3 6 0
192 3 3 6 91 0
3 3 6 91 195 0
3 6 91 195 102 0
6 91 195 102 102 0
91 195 102 102 78 0
195 102 102 78 168 0
102 102 78 168 102 0
102 78 168 102 168 0
78 168 102 168 54 0
168 102 168 54 102 0
102 168 54 102 6 0
168 54 102 6 195 0
54 102 6 195 5 0
102 6 195 5 197 0
6 195 5 197 192 0
195 5 197 192 3 0
5 197 192 3 3 0
197 192 3 3 6 0
192 3 3 6 91 0
3 3 6 91 195 0
3 6 91 195 102 0
6 91 195 102 102 0
91 195 102 102 78 0
195 102 102 78 168 0
102 102 78 168 102 0
102 78 168 102 168 0
78 168 102 168 54 0
168 102 168 54 102 0
102 168 54 102 6 0
168 54 102 6 265 0
54 102 6 265 78 0
102 6 265 78 78 0
6 265 78 78 265 0
265 78 78 265 102 0
78 78 265 102 102 0
78 265 102 102 102 0
265 102 102 102 13 0
102 102 102 13 102 0
102 102 13 102 102 0
102 13 102 102 102 0
13 102 102 102 102 0
102 102 102 102 6 0
102 102 102 6 195 0
102 102 6 195 5 0
102 6 195 5 197 0
6 195 5 197 192 0
195 5 197 192 3 0
5 197 192 3 3 0
197 192 3 3 6 0
192 3 3 6 91 0
3 3 6 91 195 0
3 6 91 195 102 0
6 91 195 102 102 0
91 195 102 102 78 0
195 102 102 78 168 0
102 102 78 168 102 0
102 78 168 102 168 0
78 168 102 168 54 0
168 102 168 54 102 0
102 168 54 102 6 0
168 54 102 6 265 0
54 102 6 265 78 0
102 6 265 78 78 0
6 265 78 78 78 0
265 78 78 78 265 0
78 78 78 265 240 0
78 78 265 240 240 0
78 265 240 240 78 0
265 240 240 78 219 0
240 240 78 219 91 0
new
174 6 6 5 220 0
6 6 5 220 221 0
6 5 220 221 221 0
5 220 221 221 221 0
220 221 221 221 221 0
221 221 221 221 221 0
221 221 221 221 221 0
221 221 221 221 221 0
221 221 221 221 221 0
221 221 221 221 221 0
221 221 221 221 221 0
221 221 221 221 221 0
221 221 221 221 221 0
221 221 221 221 221 0
221 221 221 221 221 0
221 221 221 221 221 0
221 221 221 221 221 0
221 221 221 221 221 0
221 221 221 221 221 0
221 221 221 221 221 0
221 221 221 221 221 0
221 221 221 221 221 0
221 221 221 221 221 0
221 221 221 221 221 0
221 221 221 221 221 0
221 221 221 221 221 0
221 221 221 221 221 0
221 221 221 221 221 0
221 221 221 221 221 0
221 221 221 221 221 0
221 221 221 221 221 0
221 221 221 221 221 0
221 221 221 221 221 0
221 221 221 221 221 0
221 221 221 221 221 0
221 221 221 221 221 0
221 221 221 221 221 0
221 221 221 221 221 0
221 221 221 221 221 0
221 221 221 221 221 0
221 221 221 221 221 0
221 221 221 221 221 0
221 221 221 221 221 0
221 221 221 221 221 0
221 221 221 221 221 0
221 221 221 221 221 0
221 221 221 221 221 0
221 221 221 221 221 0
221 221 221 221 221 0
221 221 221 221 221 0
221 221 221 221 221 0
221 221 221 221 221 0
221 221 221 221 221 0
221 221 221 221 221 0
221 221 221 221 221 0
221 221 221 221 221 0
221 221 221 221 221 0
221 221 221 221 221 0
221 221 221 221 221 0
221 221 221 221 221 0
221 221 221 221 221 0
221 221 221 221 221 0
221 221 221 221 221 0
221 221 221 221 221 0
221 221 221 221 221 0
221 221 221 221 221 0
221 221 221 221 221 0
221 221 221 221 221 0
221 221 221 221 221 0
221 221 221 221 221 0
221 221 221 221 221 0
221 221 221 221 221 0
221 221 221 221 221 0
221 221 221 221 220 0
221 221 221 220 6 0
221 221 220 6 63 0
221 220 6 63 6 0
220 6 63 6 5 0
6 63 6 5 63 0
63 6 5 63 6 0
6 5 63 6 11 0
5 63 6 11 45 0
63 6 11 45 33 0
6 11 45 33 192 0
11 45 33 192 33 0
45 33 192 33 5 0
33 192 33 5 197 0
192 33 5 197 192 0
33 5 197 192 6 0
5 197 192 6 33 0
197 192 6 33 5 0
192 6 33 5 3 0
6 33 5 3 197 0
33 5 3 197 192 0
5 3 197 192 192 0
3 197 192 192 6 0
197 192 192 6 33 0
192 192 6 33 5 0
192 6 33 5 3 0
6 33 5 3 197 0
33 5 3 197 192 0
5 3 197 192 192 0
3 197 192 192 6 0
197 192 192 6 33 0
192 192 6 33 5 0
192 6 33 5 3 0
6 33 5 3 197 0
33 5 3 197 192 0
5 3 197 192 192 0
3 197 192 192 192 0
197 192 192 192 6 0
192 192 192 6 33 0
192 192 6 33 5 0
192 6 33 5 3 0
6 33 5 3 197 0
33 5 3 197 192 0
5 3 197 192 192 0
3 197 192 192 6 0
197 192 192 6 33 0
192 192 6 33 5 0
192 6 33 5 3 0
6 33 5 3 197 0
33 5 3 197 192 0
5 3 197 192 192 0
3 197 192 192 192 0
197 192 192 192 6 0
192 192 192 6 33 0
192 192 6 33 5 0
192 6 33 5 3 0
6 33 5 3 197 0
33 5 3 197 192 0
5 3 197 192 192 0
3 197 192 192 192 0
197 192 192 192 6 0
192 192 192 6 192 0
192 192 6 192 192 0
192 6 192 192 243 0
6 192 192 243 125 0
192 192 243 125 125 0
192 243 125 125 125 0
243 125 125 125 125 0
125 125 125 125 125 0
125 125 125 125 125 0
125 125 125 125 125 0
125 125 125 125 125 0
125 125 125 125 91 0
125 125 125 91 258 0
125 125 91 258 311 0
125 91 258 311 240 0
91 258 311 240 240 0
258 311 240 240 174 0
311 240 240 174 174 0
240 240 174 174 175 0
240 174 174 175 191 0
174 174 175 191 122 0
174 175 191 122 174 0
175 191 122 174 174 0
191 122 174 174 174 0
122 174 174 174 45 0
174 174 174 45 45 0
174 174 45 45 13 0
174 45 45 13 5 0
45 45 13 5 197 0
45 13 5 197 197 0
13 5 197 197 192 0
5 197 197 192 3 0
197 197 192 3 140 0
197 192 3 140 3 0
192 3 140 3 6 0
3 140 3 6 91 0
140 3 6 91 5 0
3 6 91 5 197 0
6 91 5 197 192 0
91 5 197 192 3 0
5 197 192 3 3 0
197 192 3 3 3 0
192 3 3 3 6 0
3 3 3 6 91 0
3 3 6 91 201 0
3 6 91 201 102 0
6 91 201 102 102 0
91 201 102 102 6 0
201 102 102 6 102 0
102 102 6 102 102 0
102 6 102 102 6 0
6 102 102 6 5 0
102 102 6 5 197 0
102 6 5 197 192 0
6 5 197 192 3 0
5 197 192 3 3 0
197 192 3 3 6 0
192 3 3 6 91 0
3 3 6 91 5 0
3 6 91 5 197 0
6 91 5 197 192 0
91 5 197 192 6 0
5 197 192 6 33 0
197 192 6 33 5 0
192 6 33 5 3 0
6 33 5 3 197 0
33 5 3 197 192 0
5 3 197 192 192 0
3 197 192 192 6 0
197 192 192 6 33 0
192 192 6 33 5 0
192 6 33 5 3 0
6 33 5 3 197 0
33 5 3 197 192 0
5 3 197 192 192 0
3 197 192 192 192 0
197 192 192 192 6 0
192 192 192 6 125 0
192 192 6 125 125 0
192 6 125 125 91 0
6 125 125 91 5 0
125 125 91 5 197 0
125 91 5 197 192 0
91 5 197 192 6 0
5 197 192 6 33 0
197 192 6 33 5 0
192 6 33 5 3 0
6 33 5 3 197 0
33 5 3 197 192 0
5 3 197 192 192 0
3 197 192 192 6 0
197 192 192 6 3 0
192 192 6 3 3 0
192 6 3 3 5 0
new
33 5 5 3 197 0
5 5 3 197 192 0
5 3 197 192 5 0
3 197 192 5 192 0
197 192 5 192 6 0
192 5 192 6 5 0
5 192 6 5 5 0
192 6 5 5 33 0
6 5 5 33 5 0
5 5 33 5 192 0
5 33 5 192 6 0
33 5 192 6 6 0
5 192 6 6 33 0
192 6 6 33 5 0
6 6 33 5 192 0
6 33 5 192 5 0
33 5 192 5 125 0
5 192 5 125 192 0
192 5 125 192 6 0
5 125 192 6 5 0
125 192 6 5 33 0
192 6 5 33 5 0
6 5 33 5 192 0
5 33 5 192 33 0
33 5 192 33 3 0
5 192 33 3 33 0
192 33 3 33 192 0
33 3 33 192 33 0
3 33 192 33 5 0
33 192 33 5 5 0
192 33 5 5 192 0
33 5 5 192 192 0
5 5 192 192 125 0
5 192 192 125 125 0
192 192 125 125 125 0
192 125 125 125 125 0
125 125 125 125 125 0
125 125 125 125 125 0
125 125 125 125 125 0
125 125 125 125 125 0
125 125 125 125 125 0
125 125 125 125 125 0
125 125 125 125 125 0
125 125 125 125 125 0
125 125 125 125 125 0
125 125 125 125 125 0
125 125 125 125 125 0
125 125 125 125 125 0
125 125 125 125 125 0
125 125 125 125 5 0
125 125 125 5 221 0
125 125 5 221 220 0
125 5 221 220 195 0
5 221 220 195 5 0
221 220 195 5 5 0
220 195 5 5 33 0
195 5 5 33 3 0
5 5 33 3 6 0
5 33 3 6 192 0
33 3 6 192 6 0
3 6 192 6 6 0
6 192 6 6 33 0
192 6 6 33 33 0
6 6 33 33 5 0
6 33 33 5 3 0
33 33 5 3 197 0
33 5 3 197 5 0
5 3 197 5 192 0
3 197 5 192 6 0
197 5 192 6 3 0
5 192 6 3 192 0
192 6 3 192 192 0
6 3 192 192 6 0
3 192 192 6 6 0
192 192 6 6 33 0
192 6 6 33 5 0
6 6 33 5 5 0
6 33 5 5 192 0
33 5 5 192 192 0
5 5 192 192 197 0
5 192 192 197 33 0
192 192 197 33 3 0
192 197 33 3 125 0
197 33 3 125 192 0
33 3 125 192 197 0
3 125 192 197 192 0
125 192 197 192 192 0
192 197 192 192 192 0
197 192 192 192 3 0
192 192 192 3 192 0
192 192 3 192 192 0
192 3 192 192 6 0
3 192 192 6 33 0
192 192 6 33 192 0
192 6 33 192 192 0
6 33 192 192 192 0
33 192 192 192 6 0
192 192 192 6 6 0
192 192 6 6 33 0
192 6 6 33 33 0
6 6 33 33 5 0
6 33 33 5 5 0
33 33 5 5 5 0
33 5 5 5 3 0
5 5 5 3 192 0
5 5 3 192 125 0
5 3 192 125 125 0
3 192 125 125 125 0
192 125 125 125 125 0
125 125 125 125 125 0
125 125 125 125 125 0
125 125 125 125 125 0
125 125 125 125 125 0
125 125 125 125 125 0
125 125 125 125 125 0
125 125 125 125 125 0
125 125 125 125 91 0
125 125 125 91 195 0
125 125 91 195 5 0
125 91 195 5 6 0
91 195 5 6 125 0
195 5 6 125 195 0
5 6 125 195 125 0
6 125 195 125 195 0
125 195 125 195 5 0
195 125 195 5 5 0
125 195 5 5 33 0
195 5 5 33 125 0
5 5 33 125 125 0
5 33 125 125 91 0
33 125 125 91 195 0
125 125 91 195 5 0
125 91 195 5 5 0
91 195 5 5 192 0
195 5 5 192 5 0
5 5 192 5 6 0
5 192 5 6 5 0
192 5 6 5 5 0
5 6 5 5 6 0
6 5 5 6 5 0
5 5 6 5 5 0
5 6 5 5 5 0
6 5 5 5 125 0
5 5 5 125 125 0
5 5 125 125 125 0
5 125 125 125 125 0
125 125 125 125 125 0
125 125 125 125 125 0
125 125 125 125 125 0
125 125 125 125 125 0
125 125 125 125 125 0
125 125 125 125 125 0
125 125 125 125 45 0
125 125 125 45 125 0
125 125 45 125 195 0
125 45 125 195 192 0
45 125 195 192 125 0
125 195 192 125 195 0
195 192 125 195 192 0
192 125 195 192 125 0
125 195 192 125 195 0
195 192 125 195 5 0
192 125 195 5 6 0
125 195 5 6 125 0
195 5 6 125 195 0
5 6 125 195 5 0
6 125 195 5 3 0
125 195 5 3 6 0
195 5 3 6 195 0
5 3 6 195 125 0
3 6 195 125 125 0
6 195 125 125 195 0
195 125 125 195 5 0
125 125 195 5 125 0
125 195 5 125 195 0
195 5 125 195 6 0
5 125 195 6 125 0
125 195 6 125 220 0
195 6 125 220 6 0
6 125 220 6 5 0
125 220 6 5 197 0
220 6 5 197 3 0
6 5 197 3 3 0
5 197 3 3 3 0
197 3 3 3 3 0
3 3 3 3 3 0
3 3 3 3 3 0
3 3 3 3 3 0
3 3 3 3 3 0
3 3 3 3 3 0
3 3 3 3 3 0
3 3 3 3 6 0
3 3 3 6 91 0
3 3 6 91 240 0
3 6 91 240 4 0
6 91 240 4 4 0
91 240 4 4 4 0
240 4 4 4 91 0
4 4 4 91 91 0
4 4 91 91 91 0
4 91 91 91 91 0
91 91 91 91 331 0
91 91 91 331 174 0
91 91 331 174 102 0
91 331 174 102 221 0
331 174 102 221 221 0
174 102 221 221 102 0
102 221 221 102 168 0
221 221 102 168 168 0
221 102 168 168 168 0
102 168 168 168 120 0
168 168 168 120 158 0
168 168 120 158 4 0
168 120 158 4 266 0
120 158 4 266 168 0
158 4 266 168 240 0
4 266 168 240 265 0
266 168 240 265 168 0
168 240 265 168 91 0
240 265 168 91 122 0
265 168 91 122 5 0
168 91 122 5 220 0
91 122 5 220 199 0
122 5 220 199 102 0
5 220 199 102 146 0
220 199 102 146 146 0
199 102 146 146 125 0
102 146 146 125 54 0
146 146 125 54 240 0
146 125 54 240 4 0
125 54 240 4 168 0
54 240 4 168 4 0
240 4 168 4 168 0
4 168 4 168 168 0
168 4 168 168 4 0
4 168 168 4 265 0
168 168 4 265 3 0
168 4 265 3 265 0
4 265 3 265 168 0
265 3 265 168 265 0
3 265 168 265 168 0
265 168 265 168 265 0
168 265 168 265 168 0
265 168 265 168 265 0
168 265 168 265 168 0
265 168 265 168 265 0
168 265 168 265 3 0
265 168 265 3 3 0
168 265 3 3 265 0
265 3 3 265 168 0
3 3 265 168 265 0
3 265 168 265 168 0
265 168 265 168 265 0
168 265 168 265 3 0
265 168 265 3 3 0
168 265 3 3 265 0
265 3 3 265 168 0
3 3 265 168 265 0
3 265 168 265 168 0
265 168 265 168 168 0
168 265 168 168 331 0
265 168 168 331 265 0
168 168 331 265 4 0
168 331 265 4 265 0
331 265 4 265 265 0
265 4 265 265 168 0
4 265 265 168 240 0
265 265 168 240 3 0
265 168 240 3 240 0
168 240 3 240 6 0
240 3 240 6 6 0
3 240 6 6 146 0
240 6 6 146 6 0
6 6 146 6 146 0
6 146 6 146 6 0
146 6 146 6 6 0
6 146 6 6 6 0
146 6 6 6 10 0
6 6 6 10 6 0
6 6 10 6 4 0
new
221 221 221 221 221 0
221 221 221 221 221 0
221 221 221 221 221 0
221 221 221 221 221 0
221 221 221 221 6 0
221 221 221 6 63 0
221 221 6 63 6 0
221 6 63 6 5 0
6 63 6 5 63 0
63 6 5 63 11 0
6 5 63 11 45 0
5 63 11 45 33 0
63 11 45 33 192 0
11 45 33 192 33 0
45 33 192 33 5 0
33 192 33 5 197 0
192 33 5 197 192 0
33 5 197 192 6 0
5 197 192 6 33 0
197 192 6 33 5 0
192 6 33 5 3 0
6 33 5 3 197 0
33 5 3 197 192 0
5 3 197 192 192 0
3 197 192 192 6 0
197 192 192 6 33 0
192 192 6 33 5 0
192 6 33 5 3 0
6 33 5 3 197 0
33 5 3 197 192 0
5 3 197 192 192 0
3 197 192 192 6 0
197 192 192 6 33 0
192 192 6 33 5 0
192 6 33 5 3 0
6 33 5 3 197 0
33 5 3 197 192 0
5 3 197 192 192 0
3 197 192 192 192 0
197 192 192 192 6 0
192 192 192 6 33 0
192 192 6 33 5 0
192 6 33 5 3 0
6 33 5 3 197 0
33 5 3 197 192 0
5 3 197 192 192 0
3 197 192 192 6 0
197 192 192 6 33 0
192 192 6 33 5 0
192 6 33 5 3 0
6 33 5 3 197 0
33 5 3 197 192 0
5 3 197 192 192 0
3 197 192 192 192 0
197 192 192 192 6 0
192 192 192 6 33 0
192 192 6 33 5 0
192 6 33 5 3 0
6 33 5 3 197 0
33 5 3 197 192 0
5 3 197 192 192 0
3 197 192 192 192 0
197 192 192 192 6 0
192 192 192 6 192 0
192 192 6 192 192 0
192 6 192 192 243 0
6 192 192 243 125 0
192 192 243 125 125 0
192 243 125 125 125 0
243 125 125 125 125 0
125 125 125 125 125 0
125 125 125 125 125 0
125 125 125 125 125 0
125 125 125 125 125 0
125 125 125 125 91 0
125 125 125 91 258 0
125 125 91 258 311 0
125 91 258 311 240 0
91 258 311 240 240 0
258 311 240 240 174 0
311 240 240 174 174 0
240 240 174 174 175 0
240 174 174 175 191 0
174 174 175 191 122 0
174 175 191 122 174 0
175 191 122 174 174 0
191 122 174 174 174 0
122 174 174 174 45 0
174 174 174 45 45 0
174 174 45 45 13 0
174 45 45 13 5 0
45 45 13 5 197 0
45 13 5 197 197 0
13 5 197 197 192 0
5 197 197 192 3 0
197 197 192 3 140 0
197 192 3 140 3 0
192 3 140 3 6 0
3 140 3 6 91 0
140 3 6 91 5 0
3 6 91 5 197 0
6 91 5 197 192 0
91 5 197 192 3 0
5 197 192 3 3 0
197 192 3 3 3 0
192 3 3 3 6 0
3 3 3 6 91 0
3 3 6 91 201 0
3 6 91 201 102 0
6 91 201 102 102 0
91 201 102 102 6 0
201 102 102 6 102 0
102 102 6 102 102 0
102 6 102 102 5 0
6 102 102 5 3 0
102 102 5 3 3 0
102 5 3 3 5 0
5 3 3 5 33 0
3 3 5 33 5 0
3 5 33 5 192 0
5 33 5 192 6 0
33 5 192 6 33 0
5 192 6 33 5 0
192 6 33 5 192 0
6 33 5 192 192 0
33 5 192 192 6 0
5 192 192 6 125 0
192 192 6 125 125 0
192 6 125 125 91 0
6 125 125 91 5 0
125 125 91 5 197 0
125 91 5 197 192 0
91 5 197 192 33 0
5 197 192 33 5 0
197 192 33 5 6 0
192 33 5 6 33 0
33 5 6 33 5 0
5 6 33 5 192 0
6 33 5 192 6 0
33 5 192 6 125 0
5 192 6 125 125 0
192 6 125 125 91 0
6 125 125 91 5 0
125 125 91 5 221 0
125 91 5 221 197 0
91 5 221 197 54 0
5 221 197 54 192 0
221 197 54 192 140 0
197 54 192 140 195 0
54 192 140 195 195 0
192 140 195 195 195 0
140 195 195 195 5 0
195 195 195 5 3 0
195 195 5 3 6 0
195 5 3 6 5 0
5 3 6 5 195 0
3 6 5 195 5 0
6 5 195 5 5 0
5 195 5 5 3 0
195 5 5 3 6 0
5 5 3 6 195 0
5 3 6 195 5 0
3 6 195 5 13 0
6 195 5 13 5 0
195 5 13 5 3 0
5 13 5 3 6 0
13 5 3 6 192 0
5 3 6 192 5 0
3 6 192 5 221 0
6 192 5 221 221 0
192 5 221 221 197 0
5 221 221 197 180 0
221 221 197 180 221 0
221 197 180 221 180 0
197 180 221 180 180 0
180 221 180 180 197 0
221 180 180 197 192 0
180 180 197 192 3 0
180 197 192 3 45 0
197 192 3 45 5 0
192 3 45 5 3 0
3 45 5 3 3 0
45 5 3 3 3 0
5 3 3 3 3 0
new
240 311 78 240 196 0
311 78 240 196 240 0
78 240 196 240 78 0
240 196 240 78 240 0
196 240 78 240 265 0
240 78 240 265 240 0
78 240 265 240 240 0
240 265 240 240 196 0
265 240 240 196 78 0
240 240 196 78 196 0
240 196 78 196 78 0
196 78 196 78 240 0
78 196 78 240 265 0
196 78 240 265 240 0
78 240 265 240 240 0
240 265 240 240 240 0
265 240 240 240 196 0
240 240 240 196 78 0
240 240 196 78 196 0
240 196 78 196 78 0
196 78 196 78 265 0
78 196 78 265 240 0
196 78 265 240 240 0
78 265 240 240 196 0
265 240 240 196 78 0
240 240 196 78 265 0
240 196 78 265 240 0
196 78 265 240 240 0
78 265 240 240 196 0
265 240 240 196 240 0
240 240 196 240 240 0
240 196 240 240 78 0
196 240 240 78 265 0
240 240 78 265 240 0
240 78 265 240 240 0
78 265 240 240 196 0
265 240 240 196 78 0
240 240 196 78 265 0
240 196 78 265 240 0
196 78 265 240 240 0
78 265 240 240 196 0
265 240 240 196 240 0
240 240 196 240 78 0
240 196 240 78 240 0
196 240 78 240 196 0
240 78 240 196 78 0
78 240 196 78 265 0
240 196 78 265 240 0
196 78 265 240 240 0
78 265 240 240 196 0
265 240 240 196 240 0
240 240 196 240 78 0
240 196 240 78 265 0
196 240 78 265 240 0
240 78 265 240 240 0
78 265 240 240 196 0
265 240 240 196 240 0
240 240 196 240 78 0
240 196 240 78 265 0
196 240 78 265 240 0
240 78 265 240 240 0
78 265 240 240 196 0
265 240 240 196 240 0
240 240 196 240 78 0
240 196 240 78 240 0
196 240 78 240 265 0
240 78 240 265 240 0
78 240 265 240 240 0
240 265 240 240 196 0
265 240 240 196 240 0
240 240 196 240 78 0
240 196 240 78 240 0
196 240 78 240 265 0
240 78 240 265 240 0
78 240 265 240 240 0
240 265 240 240 240 0
265 240 240 240 196 0
240 240 240 196 240 0
240 240 196 240 78 0
240 196 240 78 240 0
196 240 78 240 196 0
240 78 240 196 78 0
78 240 196 78 265 0
240 196 78 265 240 0
196 78 265 240 240 0
78 265 240 240 265 0
265 240 240 265 240 0
240 240 265 240 240 0
240 265 240 240 265 0
265 240 240 265 240 0
240 240 265 240 240 0
240 265 240 240 240 0
265 240 240 240 196 0
240 240 240 196 78 0
240 240 196 78 265 0
240 196 78 265 240 0
196 78 265 240 240 0
78 265 240 240 240 0
265 240 240 240 196 0
240 240 240 196 78 0
240 240 196 78 265 0
240 196 78 265 240 0
196 78 265 240 240 0
78 265 240 240 240 0
265 240 240 240 196 0
240 240 240 196 78 0
240 240 196 78 265 0
240 196 78 265 240 0
196 78 265 240 240 0
78 265 240 240 240 0
265 240 240 240 196 0
240 240 240 196 78 0
240 240 196 78 265 0
240 196 78 265 240 0
196 78 265 240 240 0
78 265 240 240 240 0
265 240 240 240 196 0
240 240 240 196 78 0
240 240 196 78 265 0
240 196 78 265 240 0
196 78 265 240 240 0
78 265 240 240 240 0
265 240 240 240 196 0
240 240 240 196 78 0
240 240 196 78 265 0
240 196 78 265 240 0
196 78 265 240 240 0
78 265 240 240 240 0
265 240 240 240 196 0
240 240 240 196 78 0
240 240 196 78 265 0
240 196 78 265 240 0
196 78 265 240 240 0
78 265 240 240 240 0
265 240 240 240 196 0
240 240 240 196 78 0
240 240 196 78 265 0
240 196 78 265 240 0
196 78 265 240 240 0
78 265 240 240 240 0
265 240 240 240 196 0
240 240 240 196 78 0
240 240 196 78 265 0
240 196 78 265 240 0
196 78 265 240 240 0
78 265 240 240 240 0
265 240 240 240 196 0
240 240 240 196 78 0
240 240 196 78 265 0
240 196 78 265 240 0
196 78 265 240 240 0
78 265 240 240 240 0
265 240 240 240 196 0
240 240 240 196 78 0
240 240 196 78 265 0
240 196 78 265 240 0
196 78 265 240 240 0
78 265 240 240 240 0
265 240 240 240 196 0
240 240 240 196 78 0
240 240 196 78 265 0
240 196 78 265 240 0
196 78 265 240 240 0
78 265 240 240 240 0
265 240 240 240 196 0
240 240 240 196 78 0
240 240 196 78 265 0
240 196 78 265 240 0
196 78 265 240 240 0
78 265 240 240 240 0
265 240 240 240 196 0
240 240 240 196 78 0
240 240 196 78 265 0
240 196 78 265 240 0
196 78 265 240 240 0
78 265 240 240 240 0
265 240 240 240 196 0
240 240 240 196 78 0
240 240 196 78 265 0
240 196 78 265 240 0
196 78 265 240 240 0
78 265 240 240 240 0
265 240 240 240 196 0
240 240 240 196 78 0
240 240 196 78 265 0
240 196 78 265 240 0
196 78 265 240 240 0
78 265 240 240 240 0
265 240 240 240 196 0
240 240 240 196 78 0
240 240 196 78 265 0
240 196 78 265 240 0
196 78 265 240 240 0
78 265 240 240 240 0
265 240 240 240 196 0
240 240 240 196 78 0
240 240 196 78 265 0
240 196 78 265 240 0
196 78 265 240 240 0
78 265 240 240 240 0
265 240 240 240 196 0
240 240 240 196 78 0
240 240 196 78 265 0
240 196 78 265 240 0
196 78 265 240 240 0
78 265 240 240 240 0
265 240 240 240 196 0
240 240 240 196 78 0
240 240 196 78 265 0
240 196 78 265 240 0
196 78 265 240 240 0
78 265 240 240 240 0
265 240 240 240 196 0
240 240 240 196 78 0
240 240 196 78 265 0
240 196 78 265 240 0
196 78 265 240 240 0
78 265 240 240 240 0
265 240 240 240 196 0
240 240 240 196 78 0
240 240 196 78 265 0
240 196 78 265 240 0
196 78 265 240 240 0
78 265 240 240 196 0
265 240 240 196 78 0
240 240 196 78 265 0
240 196 78 265 240 0
196 78 265 240 240 0
78 265 240 240 240 0
265 240 240 240 196 0
240 240 240 196 78 0
240 240 196 78 265 0
240 196 78 265 240 0
196 78 265 240 240 0
78 265 240 240 240 0
265 240 240 240 196 0
240 240 240 196 78 0
240 240 196 78 265 0
240 196 78 265 240 0
196 78 265 240 240 0
78 265 240 240 240 0
265 240 240 240 196 0
240 240 240 196 78 0
240 240 196 78 265 0
240 196 78 265 240 0
196 78 265 240 240 0
78 265 240 240 240 0
265 240 240 240 196 0
240 240 240 196 78 0
240 240 196 78 265 0
240 196 78 265 240 0
196 78 265 240 240 0
78 265 240 240 240 0
265 240 240 240 196 0
240 240 240 196 78 0
240 240 196 78 265 0
240 196 78 265 240 0
196 78 265 240 240 0
78 265 240 240 240 0
265 240 240 240 196 0
240 240 240 196 78 0
240 240 196 78 265 0
240 196 78 265 240 0
196 78 265 240 240 0
78 265 240 240 240 0
265 240 240 240 196 0
240 240 240 196 78 0
240 240 196 78 265 0
240 196 78 265 240 0
196 78 265 240 240 0
78 265 240 240 240 0
265 240 240 240 196 0
240 240 240 196 78 0
240 240 196 78 265 0
240 196 78 265 240 0
196 78 265 240 240 0
78 265 240 240 240 0
265 240 240 240 196 0
240 240 240 196 78 0
240 240 196 78 265 0
240 196 78 265 240 0
196 78 265 240 240 0
78 265 240 240 240 0
265 240 240 240 196 0
240 240 240 196 78 0
240 240 196 78 265 0
240 196 78 265 240 0
196 78 265 240 240 0
78 265 240 240 240 0
265 240 240 240 196 0
240 240 240 196 78 0
240 240 196 78 265 0
240 196 78 265 240 0
196 78 265 240 240 0
78 265 240 240 240 0
265 240 240 240 196 0
240 240 240 196 78 0
240 240 196 78 265 0
240 196 78 265 240 0
196 78 265 240 240 0
78 265 240 240 240 0
265 240 240 240 196 0
240 240 240 196 78 0
240 240 196 78 265 0
240 196 78 265 240 0
196 78 265 240 240 0
78 265 240 240 240 0
265 240 240 240 196 0
240 240 240 196 78 0
240 240 196 78 265 0
240 196 78 265 240 0
196 78 265 240 240 0
78 265 240 240 240 0
265 240 240 240 196 0
240 240 240 196 78 0
240 240 196 78 265 0
240 196 78 265 240 0
196 78 265 240 240 0
78 265 240 240 240 0
265 240 240 240 196 0
240 240 240 196 78 0
240 240 196 78 265 0
240 196 78 265 240 0
196 78 265 240 240 0
78 265 240 240 240 0
265 240 240 240 196 0
240 240 240 196 78 0
240 240 196 78 265 0
240 196 78 265 240 0
196 78 265 240 240 0
78 265 240 240 240 0
265 240 240 240 196 0
240 240 240 196 78 0
240 240 196 78 265 0
240 196 78 265 240 0
196 78 265 240 240 0
78 265 240 240 240 0
265 240 240 240 196 0
240 240 240 196 78 0
240 240 196 78 265 0
240 196 78 265 240 0
196 78 265 240 240 0
78 265 240 240 240 0
265 240 240 240 196 0
240 240 240 196 78 0
240 240 196 78 265 0
240 196 78 265 240 0
196 78 265 240 240 0
78 265 240 240 240 0
265 240 240 240 196 0
240 240 240 196 78 0
240 240 196 78 265 0
240 196 78 265 240 0
196 78 265 240 240 0
78 265 240 240 240 0
265 240 240 240 196 0
240 240 240 196 78 0
240 240 196 78 265 0
240 196 78 265 240 0
196 78 265 240 240 0
78 265 240 240 240 0
265 240 240 240 196 0
240 240 240 196 78 0
240 240 196 78 265 0
240 196 78 265 240 0
196 78 265 240 240 0
78 265 240 240 240 0
265 240 240 240 240 0
240 240 240 240 265 0
240 240 240 265 240 0
240 240 265 240 240 0
240 265 240 240 196 0
265 240 240 196 78 0
240 240 196 78 265 0
240 196 78 265 240 0
196 78 265 240 240 0
78 265 240 240 196 0
265 240 240 196 78 0
240 240 196 78 265 0
240 196 78 265 240 0
196 78 265 240 240 0
78 265 240 240 196 0
265 240 240 196 240 0
240 240 196 240 240 0
240 196 240 240 240 0
196 240 240 240 78 0
240 240 240 78 265 0
240 240 78 265 240 0
240 78 265 240 240 0
78 265 240 240 240 0
265 240 240 240 240 0
240 240 240 240 240 0
240 240 240 240 220 0
240 240 240 220 220 0
240 240 220 220 196 0
240 220 220 196 196 0
220 220 196 196 196 0
220 196 196 196 195 0
196 196 196 195 196 0
196 196 195 196 78 0
196 195 196 78 196 0
195 196 78 196 78 0
196 78 196 78 85 0
78 196 78 85 196 0
196 78 85 196 196 0
78 85 196 196 196 0
85 196 196 196 196 0
196 196 196 196 6 0
196 196 196 6 240 0
196 196 6 240 240 0
196 6 240 240 78 0
6 240 240 78 265 0
240 240 78 265 240 0
240 78 265 240 78 0
78 265 240 78 240 0
265 240 78 240 78 0
240 78 240 78 265 0
78 240 78 265 240 0
240 78 265 240 240 0
78 265 240 240 78 0
265 240 240 78 265 0
240 240 78 265 240 0
240 78 265 240 240 0
78 265 240 240 240 0
265 240 240 240 240 0
240 240 240 240 78 0
240 240 240 78 240 0
240 240 78 240 78 0
240 78 240 78 265 0
78 240 78 265 240 0
240 78 265 240 240 0
78 265 240 240 78 0
265 240 240 78 265 0
240 240 78 265 240 0
240 78 265 240 78 0
78 265 240 78 240 0
265 240 78 240 219 0
new
311 175 199 85 3 0
175 199 85 3 240 0
199 85 3 240 240 0
85 3 240 240 102 0
3 240 240 102 168 0
240 240 102 168 102 0
240 102 168 102 265 0
102 168 102 265 102 0
168 102 265 102 265 0
102 265 102 265 240 0
265 102 265 240 168 0
102 265 240 168 240 0
265 240 168 240 168 0
240 168 240 168 265 0
168 240 168 265 102 0
240 168 265 102 265 0
168 265 102 265 240 0
265 102 265 240 168 0
102 265 240 168 102 0
265 240 168 102 168 0
240 168 102 168 102 0
168 102 168 102 168 0
102 168 102 168 3 0
168 102 168 3 102 0
102 168 3 102 265 0
168 3 102 265 168 0
3 102 265 168 265 0
102 265 168 265 102 0
265 168 265 102 265 0
168 265 102 265 168 0
265 102 265 168 265 0
102 265 168 265 265 0
265 168 265 265 102 0
168 265 265 102 265 0
265 265 102 265 168 0
265 102 265 168 265 0
102 265 168 265 102 0
265 168 265 102 240 0
168 265 102 240 240 0
265 102 240 240 168 0
102 240 240 168 240 0
240 240 168 240 102 0
240 168 240 102 240 0
168 240 102 240 168 0
240 102 240 168 102 0
102 240 168 102 168 0
240 168 102 168 240 0
168 102 168 240 102 0
102 168 240 102 168 0
168 240 102 168 168 0
240 102 168 168 102 0
102 168 168 102 3 0
168 168 102 3 265 0
168 102 3 265 168 0
102 3 265 168 265 0
3 265 168 265 102 0
265 168 265 102 265 0
168 265 102 265 168 0
265 102 265 168 265 0
102 265 168 265 265 0
265 168 265 265 168 0
168 265 265 168 102 0
265 265 168 102 3 0
265 168 102 3 265 0
168 102 3 265 168 0
102 3 265 168 265 0
3 265 168 265 102 0
265 168 265 102 265 0
168 265 102 265 168 0
265 102 265 168 265 0
102 265 168 265 265 0
265 168 265 265 168 0
168 265 265 168 102 0
265 265 168 102 168 0
265 168 102 168 102 0
168 102 168 102 168 0
102 168 102 168 102 0
168 102 168 102 168 0
102 168 102 168 102 0
168 102 168 102 3 0
102 168 102 3 265 0
168 102 3 265 168 0
102 3 265 168 265 0
3 265 168 265 102 0
265 168 265 102 265 0
168 265 102 265 168 0
265 102 265 168 265 0
102 265 168 265 265 0
265 168 265 265 240 0
168 265 265 240 240 0
265 265 240 240 168 0
265 240 240 168 102 0
240 240 168 102 168 0
240 168 102 168 102 0
168 102 168 102 168 0
102 168 102 168 102 0
168 102 168 102 168 0
102 168 102 168 102 0
168 102 168 102 102 0
102 168 102 102 265 0
168 102 102 265 102 0
102 102 265 102 265 0
102 265 102 265 168 0
265 102 265 168 102 0
102 265 168 102 265 0
265 168 102 265 102 0
168 102 265 102 240 0
102 265 102 240 240 0
265 102 240 240 168 0
102 240 240 168 240 0
240 240 168 240 102 0
240 168 240 102 240 0
168 240 102 240 168 0
240 102 240 168 102 0
102 240 168 102 168 0
240 168 102 168 102 0
168 102 168 102 3 0
102 168 102 3 265 0
168 102 3 265 168 0
102 3 265 168 265 0
3 265 168 265 102 0
265 168 265 102 265 0
168 265 102 265 168 0
265 102 265 168 265 0
102 265 168 265 265 0
265 168 265 265 168 0
168 265 265 168 102 0
265 265 168 102 3 0
265 168 102 3 265 0
168 102 3 265 168 0
102 3 265 168 265 0
3 265 168 265 102 0
265 168 265 102 265 0
168 265 102 265 168 0
265 102 265 168 265 0
102 265 168 265 265 0
265 168 265 265 168 0
168 265 265 168 265 0
265 265 168 265 102 0
265 168 265 102 265 0
168 265 102 265 168 0
265 102 265 168 265 0
102 265 168 265 102 0
265 168 265 102 240 0
168 265 102 240 240 0
265 102 240 240 168 0
102 240 240 168 240 0
240 240 168 240 102 0
240 168 240 102 240 0
168 240 102 240 168 0
240 102 240 168 102 0
102 240 168 102 168 0
240 168 102 168 102 0
168 102 168 102 168 0
102 168 102 168 102 0
168 102 168 102 168 0
102 168 102 168 102 0
168 102 168 102 168 0
102 168 102 168 102 0
168 102 168 102 102 0
102 168 102 102 240 0
168 102 102 240 168 0
102 102 240 168 102 0
102 240 168 102 168 0
240 168 102 168 168 0
168 102 168 168 102 0
102 168 168 102 3 0
168 168 102 3 265 0
168 102 3 265 168 0
102 3 265 168 265 0
3 265 168 265 102 0
new
175 174 174 174 57 0
174 174 174 57 175 0
174 174 57 175 54 0
174 57 175 54 175 0
57 175 54 175 6 0
175 54 175 6 3 0
54 175 6 3 6 0
175 6 3 6 174 0
6 3 6 174 174 0
3 6 174 174 174 0
6 174 174 174 174 0
174 174 174 174 174 0
174 174 174 174 174 0
174 174 174 174 174 0
174 174 174 174 174 0
174 174 174 174 174 0
174 174 174 174 174 0
174 174 174 174 174 0
174 174 174 174 174 0
174 174 174 174 174 0
174 174 174 174 174 0
174 174 174 174 174 0
174 174 174 174 174 0
174 174 174 174 174 0
174 174 174 174 174 0
174 174 174 174 174 0
174 174 174 174 11 0
174 174 174 11 45 0
174 174 11 45 33 0
174 11 45 33 192 0
11 45 33 192 33 0
45 33 192 33 5 0
33 192 33 5 197 0
192 33 5 197 192 0
33 5 197 192 6 0
5 197 192 6 33 0
197 192 6 33 5 0
192 6 33 5 3 0
6 33 5 3 197 0
33 5 3 197 192 0
5 3 197 192 192 0
3 197 192 192 192 0
197 192 192 192 6 0
192 192 192 6 192 0
192 192 6 192 243 0
192 6 192 243 125 0
6 192 243 125 125 0
192 243 125 125 125 0
243 125 125 125 91 0
125 125 125 91 45 0
125 125 91 45 45 0
125 91 45 45 5 0
91 45 45 5 197 0
45 45 5 197 192 0
45 5 197 192 192 0
5 197 192 192 6 0
197 192 192 6 5 0
192 192 6 5 197 0
192 6 5 197 192 0
6 5 197 192 3 0
5 197 192 3 3 0
197 192 3 3 6 0
192 3 3 6 91 0
3 3 6 91 268 0
3 6 91 268 5 0
6 91 268 5 197 0
91 268 5 197 192 0
268 5 197 192 3 0
5 197 192 3 3 0
197 192 3 3 6 0
192 3 3 6 91 0
3 3 6 91 5 0
3 6 91 5 5 0
6 91 5 5 5 0
91 5 5 5 5 0
5 5 5 5 197 0
5 5 5 197 192 0
5 5 197 192 6 0
5 197 192 6 197 0
197 192 6 197 192 0
192 6 197 192 4 0
6 197 192 4 4 0
197 192 4 4 268 0
192 4 4 268 268 0
4 4 268 268 268 0
4 268 268 268 268 0
268 268 268 268 268 0
268 268 268 268 4 0
268 268 268 4 268 0
268 268 4 268 268 0
268 4 268 268 4 0
4 268 268 4 268 0
268 268 4 268 4 0
268 4 268 4 268 0
4 268 4 268 4 0
268 4 268 4 268 0
4 268 4 268 268 0
268 4 268 268 6 0
4 268 268 6 91 0
268 268 6 91 6 0
new
