3 3 168 0
3 168 265 0
168 265 168 0
265 168 168 0
168 168 168 0
168 168 168 0
168 168 168 0
168 168 168 0
168 168 3 0
168 3 265 0
3 265 3 0
265 3 168 0
3 168 3 0
168 3 3 0
3 3 265 0
3 265 168 0
265 168 3 0
168 3 265 0
3 265 3 0
265 3 265 0
3 265 265 0
265 265 3 0
265 3 78 0
3 78 265 0
78 265 168 0
265 168 265 0
168 265 3 0
265 3 78 0
3 78 146 0
78 146 265 0
146 265 168 0
265 168 265 0
168 265 168 0
265 168 265 0
168 265 168 0
265 168 265 0
168 265 168 0
265 168 3 0
168 3 265 0
3 265 265 0
265 265 168 0
265 168 168 0
168 168 78 0
168 78 265 0
78 265 168 0
265 168 3 0
168 3 78 0
3 78 265 0
78 265 3 0
265 3 265 0
3 265 3 0
265 3 78 0
3 78 168 0
78 168 78 0
168 78 265 0
78 265 168 0
265 168 3 0
168 3 78 0
3 78 168 0
78 168 3 0
168 3 168 0
3 168 168 0
168 168 78 0
168 78 3 0
78 3 168 0
3 168 265 0
168 265 78 0
265 78 168 0
78 168 168 0
168 168 3 0
168 3 3 0
3 3 265 0
3 265 3 0
265 3 3 0
3 3 78 0
3 78 78 0
78 78 146 0
78 146 265 0
146 265 168 0
265 168 3 0
168 3 265 0
3 265 3 0
265 3 168 0
3 168 168 0
168 168 265 0
168 265 78 0
265 78 3 0
78 3 265 0
3 265 265 0
265 265 265 0
265 265 168 0
265 168 3 0
168 3 168 0
3 168 168 0
168 168 3 0
168 3 265 0
3 265 3 0
265 3 13 0
3 13 168 0
13 168 168 0
168 168 78 0
168 78 195 0
78 195 78 0
195 78 78 0
78 78 195 0
78 195 195 0
195 195 3 0
195 3 265 0
3 265 78 0
265 78 146 0
78 146 168 0
146 168 168 0
168 168 3 0
168 3 168 0
3 168 168 0
168 168 168 0
168 168 3 0
168 3 3 0
3 3 168 0
3 168 168 0
168 168 265 0
168 265 3 0
265 3 78 0
3 78 168 0
78 168 265 0
168 265 168 0
265 168 168 0
168 168 3 0
168 3 265 0
3 265 3 0
265 3 168 0
3 168 168 0
168 168 265 0
168 265 3 0
265 3 265 0
3 265 168 0
265 168 168 0
168 168 168 0
168 168 146 0
168 146 120 0
146 120 265 0
120 265 78 0
265 78 168 0
78 168 265 0
168 265 3 0
265 3 168 0
3 168 3 0
168 3 168 0
3 168 265 0
168 265 3 0
265 3 78 0
3 78 3 0
78 3 168 0
3 168 168 0
168 168 265 0
168 265 168 0
265 168 265 0
168 265 265 0
265 265 168 0
265 168 265 0
168 265 168 0
265 168 265 0
168 265 54 0
265 54 168 0
54 168 3 0
168 3 265 0
3 265 3 0
265 3 265 0
3 265 3 0
265 3 168 0
3 168 168 0
168 168 3 0
168 3 265 0
3 265 3 0
265 3 265 0
3 265 265 0
265 265 168 0
265 168 3 0
168 3 168 0
3 168 168 0
168 168 168 0
168 168 3 0
168 3 3 0
3 3 265 0
3 265 168 0
265 168 168 0
168 168 3 0
168 3 3 0
3 3 168 0
3 168 3 0
168 3 3 0
3 3 168 0
3 168 3 0
168 3 168 0
3 168 265 0
168 265 54 0
265 54 265 0
54 265 54 0
265 54 3 0
54 3 168 0
3 168 168 0
168 168 78 0
168 78 3 0
78 3 168 0
3 168 265 0
168 265 3 0
265 3 265 0
3 265 168 0
265 168 78 0
168 78 54 0
78 54 3 0
54 3 265 0
3 265 3 0
265 3 54 0
3 54 3 0
54 3 168 0
3 168 168 0
168 168 168 0
168 168 3 0
168 3 168 0
3 168 265 0
168 265 265 0
265 265 265 0
265 265 168 0
265 168 78 0
168 78 168 0
78 168 265 0
168 265 168 0
265 168 168 0
168 168 3 0
168 3 3 0
3 3 3 0
3 3 3 0
3 3 3 0
3 3 168 0
3 168 265 0
168 265 265 0
265 265 3 0
265 3 168 0
3 168 3 0
168 3 265 0
3 265 168 0
265 168 168 0
168 168 54 0
168 54 54 0
54 54 265 0
54 265 168 0
265 168 168 0
168 168 3 0
168 3 265 0
3 265 3 0
265 3 265 0
3 265 265 0
265 265 265 0
265 265 265 0
265 265 168 0
265 168 265 0
168 265 3 0
265 3 168 0
3 168 3 0
168 3 168 0
3 168 168 0
168 168 168 0
168 168 168 0
168 168 54 0
168 54 265 0
54 265 3 0
265 3 265 0
3 265 168 0
265 168 168 0
168 168 265 0
168 265 3 0
265 3 3 0
3 3 265 0
3 265 3 0
265 3 265 0
3 265 168 0
265 168 168 0
168 168 168 0
168 168 168 0
168 168 146 0
168 146 3 0
146 3 3 0
3 3 265 0
3 265 3 0
265 3 168 0
3 168 3 0
168 3 265 0
3 265 168 0
265 168 168 0
168 168 265 0
168 265 265 0
265 265 3 0
265 3 168 0
3 168 168 0
168 168 265 0
168 265 168 0
265 168 265 0
168 265 265 0
265 265 265 0
265 265 78 0
265 78 78 0
78 78 265 0
78 265 265 0
265 265 3 0
265 3 78 0
3 78 168 0
78 168 78 0
168 78 168 0
78 168 3 0
168 3 3 0
3 3 265 0
3 265 3 0
265 3 78 0
3 78 265 0
78 265 78 0
265 78 168 0
78 168 78 0
168 78 265 0
78 265 265 0
265 265 168 0
265 168 265 0
168 265 3 0
265 3 3 0
3 3 265 0
3 265 265 0
265 265 3 0
265 3 3 0
3 3 3 0
3 3 265 0
3 265 78 0
265 78 265 0
78 265 3 0
265 3 146 0
3 146 168 0
146 168 265 0
168 265 168 0
265 168 265 0
168 265 168 0
265 168 265 0
168 265 168 0
265 168 168 0
168 168 3 0
168 3 265 0
3 265 168 0
265 168 3 0
168 3 265 0
3 265 78 0
265 78 168 0
78 168 265 0
168 265 265 0
265 265 3 0
265 3 265 0
3 265 168 0
265 168 78 0
168 78 78 0
78 78 195 0
78 195 5 0
195 5 6 0
5 6 195 0
6 195 78 0
195 78 78 0
78 78 195 0
78 195 5 0
195 5 195 0
5 195 195 0
195 195 195 0
195 195 78 0
195 78 195 0
78 195 195 0
195 195 3 0
195 3 195 0
3 195 195 0
195 195 195 0
195 195 195 0
195 195 195 0
195 195 195 0
195 195 195 0
195 195 195 0
195 195 195 0
195 195 195 0
195 195 220 0
195 220 195 0
220 195 195 0
195 195 195 0
195 195 195 0
195 195 195 0
195 195 195 0
195 195 220 0
195 220 195 0
220 195 195 0
195 195 195 0
195 195 195 0
195 195 195 0
195 195 195 0
195 195 195 0
195 195 195 0
195 195 195 0
195 195 195 0
195 195 195 0
195 195 195 0
195 195 195 0
195 195 195 0
195 195 195 0
195 195 195 0
195 195 195 0
195 195 195 0
195 195 195 0
195 195 195 0
195 195 195 0
195 195 195 0
195 195 195 0
195 195 195 0
195 195 195 0
195 195 195 0
195 195 195 0
195 195 195 0
195 195 195 0
195 195 195 0
195 195 195 0
195 195 195 0
195 195 195 0
195 195 195 0
195 195 195 0
195 195 220 0
195 220 195 0
220 195 195 0
195 195 195 0
195 195 195 0
195 195 195 0
195 195 195 0
195 195 78 0
195 78 78 0
78 78 220 0
78 220 5 0
220 5 220 0
5 220 78 0
220 78 265 0
78 265 265 0
265 265 3 0
265 3 3 0
3 3 78 0
3 78 78 0
78 78 78 0
78 78 196 0
78 196 3 0
196 3 78 0
3 78 78 0
78 78 196 0
78 196 78 0
196 78 3 0
78 3 265 0
3 265 78 0
265 78 3 0
78 3 3 0
3 3 6 0
3 6 78 0
6 78 78 0
78 78 78 0
78 78 78 0
78 78 265 0
78 265 196 0
265 196 78 0
196 78 265 0
78 265 78 0
265 78 78 0
78 78 78 0
78 78 78 0
78 78 78 0
78 78 78 0
78 78 78 0
78 78 78 0
78 78 78 0
78 78 78 0
78 78 78 0
78 78 78 0
78 78 78 0
78 78 78 0
78 78 196 0
78 196 5 0
196 5 3 0
5 3 78 0
3 78 3 0
78 3 3 0
3 3 6 0
3 6 3 0
6 3 3 0
3 3 6 0
3 6 5 0
6 5 196 0
5 196 3 0
196 3 196 0
3 196 3 0
196 3 192 0
3 192 168 0
192 168 196 0
168 196 196 0
196 196 78 0
196 78 45 0
78 45 45 0
45 45 168 0
45 168 146 0
168 146 146 0
146 146 146 0
146 146 3 0
146 3 168 0
3 168 3 0
168 3 168 0
3 168 3 0
168 3 168 0
3 168 168 0
168 168 3 0
168 3 168 0
3 168 3 0
168 3 168 0
3 168 168 0
168 168 146 0
168 146 146 0
146 146 146 0
146 146 146 0
146 146 168 0
146 168 3 0
168 3 3 0
3 3 168 0
3 168 168 0
168 168 168 0
168 168 168 0
168 168 168 0
168 168 168 0
168 168 168 0
168 168 168 0
168 168 168 0
168 168 168 0
168 168 168 0
168 168 168 0
168 168 168 0
168 168 3 0
168 3 168 0
3 168 3 0
168 3 168 0
3 168 168 0
168 168 168 0
168 168 168 0
168 168 3 0
168 3 168 0
3 168 146 0
168 146 168 0
146 168 3 0
168 3 168 0
3 168 168 0
168 168 168 0
168 168 3 0
168 3 45 0
3 45 78 0
45 78 13 0
78 13 78 0
13 78 78 0
78 78 78 0
78 78 265 0
78 265 3 0
265 3 78 0
3 78 78 0
78 78 78 0
78 78 4 0
78 4 78 0
4 78 78 0
78 78 78 0
78 78 78 0
78 78 78 0
78 78 265 0
78 265 78 0
265 78 78 0
78 78 78 0
78 78 265 0
78 265 78 0
265 78 78 0
78 78 78 0
78 78 78 0
78 78 3 0
78 3 265 0
3 265 265 0
265 265 168 0
265 168 168 0
168 168 265 0
168 265 3 0
265 3 168 0
3 168 146 0
168 146 13 0
146 13 78 0
13 78 78 0
78 78 3 0
78 3 265 0
3 265 265 0
265 265 168 0
265 168 3 0
168 3 54 0
3 54 168 0
54 168 3 0
168 3 78 0
3 78 168 0
78 168 146 0
168 146 265 0
146 265 265 0
265 265 168 0
265 168 265 0
168 265 3 0
265 3 265 0
3 265 265 0
265 265 265 0
265 265 265 0
265 265 78 0
265 78 265 0
78 265 265 0
265 265 168 0
265 168 265 0
168 265 168 0
265 168 265 0
168 265 265 0
265 265 168 0
265 168 168 0
168 168 265 0
168 265 265 0
265 265 3 0
265 3 3 0
3 3 265 0
3 265 168 0
265 168 3 0
168 3 3 0
3 3 265 0
3 265 265 0
265 265 3 0
265 3 265 0
3 265 168 0
265 168 265 0
168 265 3 0
265 3 168 0
3 168 195 0
168 195 78 0
195 78 168 0
78 168 3 0
168 3 3 0
3 3 168 0
3 168 168 0
168 168 265 0
168 265 146 0
265 146 265 0
146 265 265 0
265 265 3 0
265 3 265 0
3 265 265 0
265 265 265 0
265 265 265 0
265 265 265 0
265 265 265 0
265 265 3 0
265 3 168 0
3 168 168 0
168 168 78 0
168 78 168 0
78 168 265 0
168 265 78 0
265 78 146 0
78 146 3 0
146 3 168 0
3 168 168 0
168 168 78 0
168 78 265 0
78 265 265 0
265 265 265 0
265 265 265 0
265 265 78 0
265 78 168 0
78 168 168 0
168 168 168 0
168 168 168 0
168 168 168 0
168 168 3 0
168 3 195 0
3 195 168 0
195 168 3 0
168 3 3 0
3 3 265 0
3 265 78 0
265 78 168 0
78 168 168 0
168 168 265 0
168 265 265 0
265 265 3 0
265 3 168 0
3 168 265 0
168 265 168 0
265 168 78 0
168 78 78 0
78 78 168 0
78 168 3 0
168 3 265 0
3 265 3 0
265 3 168 0
3 168 168 0
168 168 265 0
168 265 3 0
265 3 265 0
3 265 3 0
265 3 168 0
new
174 6 6 0
6 6 6 0
6 6 5 0
6 5 220 0
5 220 221 0
220 221 221 0
221 221 221 0
221 221 221 0
221 221 221 0
221 221 221 0
221 221 221 0
221 221 221 0
221 221 221 0
221 221 221 0
221 221 221 0
221 221 221 0
221 221 221 0
221 221 221 0
221 221 221 0
221 221 221 0
221 221 221 0
221 221 221 0
221 221 221 0
221 221 221 0
221 221 221 0
221 221 221 0
221 221 221 0
221 221 221 0
221 221 220 0
221 220 6 0
220 6 5 0
6 5 63 0
5 63 6 0
63 6 63 0
6 63 6 0
63 6 63 0
6 63 6 0
63 6 11 0
6 11 11 0
11 11 11 0
11 11 11 0
11 11 11 0
11 11 45 0
11 45 33 0
45 33 192 0
33 192 33 0
192 33 5 0
33 5 197 0
5 197 192 0
197 192 6 0
192 6 33 0
6 33 5 0
33 5 3 0
5 3 197 0
3 197 192 0
197 192 125 0
192 125 192 0
125 192 192 0
192 192 6 0
192 6 33 0
6 33 5 0
33 5 3 0
5 3 197 0
3 197 192 0
197 192 192 0
192 192 192 0
192 192 6 0
192 6 33 0
6 33 5 0
33 5 3 0
5 3 197 0
3 197 192 0
197 192 192 0
192 192 192 0
192 192 6 0
192 6 33 0
6 33 5 0
33 5 3 0
5 3 197 0
3 197 192 0
197 192 192 0
192 192 6 0
192 6 33 0
6 33 5 0
33 5 3 0
5 3 197 0
3 197 192 0
197 192 192 0
192 192 6 0
192 6 33 0
6 33 5 0
33 5 3 0
5 3 197 0
3 197 192 0
197 192 192 0
192 192 6 0
192 6 192 0
6 192 243 0
192 243 125 0
243 125 125 0
125 125 125 0
125 125 125 0
125 125 125 0
125 125 125 0
125 125 125 0
125 125 125 0
125 125 91 0
125 91 45 0
91 45 45 0
45 45 5 0
45 5 197 0
5 197 192 0
197 192 192 0
192 192 6 0
192 6 102 0
6 102 102 0
102 102 102 0
102 102 122 0
102 122 33 0
122 33 5 0
33 5 197 0
5 197 192 0
197 192 3 0
192 3 3 0
3 3 6 0
3 6 91 0
6 91 102 0
91 102 221 0
102 221 221 0
221 221 221 0
221 221 168 0
221 168 146 0
168 146 3 0
146 3 168 0
3 168 3 0
168 3 3 0
3 3 168 0
3 168 146 0
168 146 168 0
146 168 3 0
168 3 168 0
3 168 146 0
168 146 168 0
146 168 3 0
168 3 3 0
3 3 168 0
3 168 146 0
168 146 168 0
146 168 3 0
168 3 3 0
3 3 168 0
3 168 146 0
168 146 168 0
146 168 3 0
168 3 3 0
3 3 3 0
3 3 168 0
3 168 146 0
168 146 168 0
146 168 3 0
168 3 3 0
3 3 3 0
3 3 168 0
3 168 146 0
168 146 168 0
146 168 3 0
168 3 3 0
3 3 3 0
3 3 168 0
3 168 146 0
168 146 168 0
146 168 3 0
168 3 3 0
3 3 3 0
3 3 168 0
3 168 146 0
168 146 168 0
146 168 3 0
168 3 3 0
3 3 3 0
3 3 168 0
3 168 146 0
168 146 168 0
146 168 3 0
168 3 3 0
3 3 3 0
3 3 168 0
3 168 146 0
168 146 168 0
146 168 3 0
168 3 3 0
3 3 3 0
3 3 168 0
3 168 146 0
168 146 168 0
146 168 3 0
168 3 3 0
3 3 3 0
3 3 197 0
3 197 192 0
197 192 168 0
192 168 146 0
168 146 168 0
146 168 3 0
168 3 3 0
3 3 3 0
3 3 4 0
new
311 240 240 0
240 240 240 0
240 240 78 0
240 78 78 0
78 78 78 0
78 78 78 0
78 78 78 0
78 78 78 0
78 78 78 0
78 78 78 0
78 78 78 0
78 78 78 0
78 78 78 0
78 78 78 0
78 78 78 0
78 78 78 0
78 78 78 0
78 78 78 0
78 78 78 0
78 78 78 0
78 78 78 0
78 78 78 0
78 78 78 0
78 78 78 0
78 78 78 0
78 78 78 0
78 78 78 0
78 78 78 0
78 78 78 0
78 78 78 0
78 78 78 0
78 78 78 0
78 78 78 0
78 78 78 0
78 78 78 0
78 78 78 0
78 78 78 0
78 78 78 0
78 78 78 0
78 78 78 0
78 78 78 0
78 78 78 0
78 78 78 0
78 78 78 0
78 78 78 0
78 78 78 0
78 78 78 0
78 78 78 0
78 78 78 0
78 78 78 0
78 78 78 0
78 78 78 0
78 78 78 0
78 78 78 0
78 78 78 0
78 78 78 0
78 78 78 0
78 78 78 0
78 78 78 0
78 78 78 0
78 78 78 0
78 78 78 0
78 78 78 0
78 78 78 0
78 78 78 0
78 78 78 0
78 78 78 0
78 78 78 0
78 78 78 0
78 78 78 0
78 78 78 0
78 78 78 0
78 78 78 0
78 78 78 0
78 78 78 0
78 78 78 0
78 78 78 0
78 78 78 0
78 78 78 0
78 78 78 0
78 78 78 0
78 78 78 0
78 78 78 0
78 78 78 0
78 78 78 0
78 78 78 0
78 78 78 0
78 78 78 0
78 78 78 0
78 78 78 0
78 78 78 0
78 78 78 0
78 78 78 0
78 78 78 0
78 78 78 0
78 78 78 0
78 78 78 0
78 78 78 0
78 78 78 0
78 78 78 0
78 78 78 0
78 78 78 0
78 78 78 0
78 78 78 0
78 78 78 0
78 78 78 0
78 78 78 0
78 78 78 0
78 78 78 0
78 78 78 0
78 78 78 0
78 78 78 0
78 78 78 0
78 78 78 0
78 78 78 0
78 78 78 0
78 78 78 0
78 78 78 0
78 78 240 0
78 240 240 0
240 240 78 0
240 78 78 0
78 78 78 0
78 78 78 0
78 78 78 0
78 78 78 0
78 78 78 0
78 78 78 0
78 78 78 0
78 78 78 0
78 78 78 0
78 78 78 0
78 78 78 0
78 78 78 0
78 78 78 0
78 78 78 0
78 78 78 0
78 78 78 0
78 78 78 0
78 78 4 0
78 4 78 0
4 78 78 0
78 78 265 0
78 265 240 0
265 240 240 0
240 240 78 0
240 78 4 0
78 4 4 0
4 4 219 0
new
311 240 240 0
240 240 240 0
240 240 240 0
240 240 240 0
240 240 265 0
240 265 221 0
265 221 197 0
221 197 265 0
197 265 140 0
265 140 3 0
140 3 265 0
3 265 265 0
265 265 265 0
265 265 265 0
265 265 265 0
265 265 265 0
265 265 265 0
265 265 265 0
265 265 265 0
265 265 265 0
265 265 265 0
265 265 265 0
265 265 265 0
265 265 265 0
265 265 265 0
265 265 265 0
265 265 265 0
265 265 265 0
265 265 265 0
265 265 265 0
265 265 265 0
265 265 265 0
265 265 265 0
265 265 265 0
265 265 265 0
265 265 265 0
265 265 265 0
265 265 265 0
265 265 265 0
265 265 265 0
265 265 265 0
265 265 265 0
265 265 265 0
265 265 265 0
265 265 265 0
265 265 265 0
265 265 265 0
265 265 265 0
265 265 265 0
265 265 265 0
265 265 265 0
265 265 265 0
265 265 265 0
265 265 265 0
265 265 265 0
265 265 265 0
265 265 265 0
265 265 265 0
265 265 265 0
265 265 265 0
265 265 265 0
265 265 265 0
265 265 265 0
265 265 265 0
265 265 265 0
265 265 265 0
265 265 265 0
265 265 265 0
265 265 265 0
265 265 265 0
265 265 265 0
265 265 265 0
265 265 265 0
265 265 265 0
265 265 265 0
265 265 265 0
265 265 265 0
265 265 265 0
265 265 265 0
265 265 265 0
265 265 265 0
265 265 265 0
265 265 265 0
265 265 265 0
265 265 265 0
265 265 265 0
265 265 265 0
265 265 265 0
265 265 265 0
265 265 265 0
265 265 265 0
265 265 265 0
265 265 265 0
265 265 265 0
265 265 265 0
265 265 265 0
265 265 265 0
265 265 265 0
265 265 265 0
265 265 265 0
265 265 265 0
265 265 265 0
265 265 265 0
265 265 265 0
265 265 265 0
265 265 265 0
265 265 265 0
265 265 265 0
265 265 265 0
265 265 265 0
265 265 265 0
265 265 265 0
265 265 265 0
265 265 265 0
265 265 265 0
265 265 265 0
265 265 265 0
265 265 265 0
265 265 265 0
265 265 265 0
265 265 265 0
265 265 265 0
265 265 265 0
265 265 265 0
265 265 265 0
265 265 265 0
265 265 265 0
265 265 265 0
265 265 265 0
265 265 265 0
265 265 265 0
265 265 265 0
265 265 265 0
265 265 265 0
265 265 265 0
265 265 265 0
265 265 265 0
265 265 265 0
265 265 265 0
265 265 265 0
265 265 265 0
265 265 265 0
265 265 265 0
265 265 265 0
265 265 265 0
265 265 265 0
265 265 265 0
265 265 265 0
265 265 265 0
265 265 265 0
265 265 265 0
265 265 265 0
265 265 265 0
265 265 265 0
265 265 265 0
265 265 265 0
265 265 265 0
265 265 265 0
265 265 265 0
265 265 265 0
265 265 265 0
265 265 265 0
265 265 265 0
265 265 265 0
265 265 265 0
265 265 265 0
265 265 265 0
265 265 265 0
265 265 265 0
265 265 265 0
265 265 265 0
265 265 265 0
265 265 265 0
265 265 265 0
265 265 265 0
265 265 265 0
265 265 265 0
265 265 265 0
265 265 265 0
265 265 265 0
265 265 265 0
265 265 265 0
265 265 265 0
265 265 265 0
265 265 265 0
265 265 265 0
265 265 265 0
265 265 265 0
265 265 265 0
265 265 265 0
265 265 265 0
265 265 265 0
265 265 265 0
265 265 265 0
265 265 265 0
265 265 265 0
265 265 265 0
265 265 265 0
265 265 265 0
265 265 265 0
265 265 265 0
265 265 265 0
265 265 265 0
265 265 265 0
265 265 265 0
265 265 265 0
265 265 265 0
265 265 265 0
265 265 265 0
265 265 265 0
265 265 265 0
265 265 265 0
265 265 265 0
265 265 265 0
265 265 265 0
265 265 265 0
265 265 265 0
265 265 265 0
265 265 265 0
265 265 265 0
265 265 265 0
265 265 265 0
265 265 265 0
265 265 265 0
265 265 265 0
265 265 265 0
265 265 265 0
265 265 265 0
265 265 265 0
265 265 265 0
265 265 265 0
265 265 265 0
265 265 265 0
265 265 265 0
265 265 265 0
265 265 265 0
265 265 265 0
265 265 265 0
265 265 265 0
265 265 265 0
265 265 265 0
265 265 265 0
265 265 265 0
265 265 265 0
265 265 265 0
265 265 265 0
265 265 265 0
265 265 265 0
265 265 265 0
265 265 265 0
265 265 265 0
265 265 265 0
265 265 265 0
265 265 265 0
265 265 265 0
265 265 265 0
265 265 265 0
265 265 265 0
265 265 265 0
265 265 265 0
265 265 265 0
265 265 265 0
265 265 265 0
265 265 265 0
265 265 265 0
265 265 265 0
265 265 265 0
265 265 265 0
265 265 265 0
265 265 265 0
265 265 265 0
265 265 265 0
265 265 265 0
265 265 265 0
265 265 265 0
265 265 265 0
265 265 265 0
265 265 265 0
265 265 265 0
265 265 265 0
265 265 265 0
265 265 265 0
265 265 265 0
265 265 265 0
265 265 265 0
265 265 265 0
265 265 265 0
265 265 265 0
265 265 265 0
265 265 265 0
265 265 265 0
265 265 265 0
265 265 265 0
265 265 265 0
265 265 265 0
265 265 265 0
265 265 265 0
265 265 265 0
265 265 265 0
265 265 265 0
265 265 265 0
265 265 265 0
265 265 265 0
265 265 265 0
265 265 265 0
265 265 265 0
265 265 265 0
265 265 265 0
265 265 265 0
265 265 265 0
265 265 265 0
265 265 265 0
265 265 265 0
265 265 265 0
265 265 265 0
265 265 265 0
265 265 265 0
265 265 240 0
265 240 240 0
240 240 240 0
240 240 240 0
240 240 265 0
240 265 265 0
265 265 265 0
265 265 265 0
265 265 265 0
265 265 265 0
265 265 265 0
265 265 265 0
265 265 265 0
265 265 265 0
265 265 265 0
265 265 265 0
265 265 265 0
265 265 265 0
265 265 265 0
265 265 265 0
265 265 265 0
265 265 265 0
265 265 265 0
265 265 265 0
265 265 265 0
265 265 265 0
265 265 265 0
265 265 265 0
265 265 265 0
265 265 265 0
265 265 265 0
265 265 265 0
265 265 265 0
265 265 265 0
265 265 265 0
265 265 265 0
265 265 265 0
265 265 265 0
265 265 265 0
265 265 265 0
265 265 265 0
265 265 265 0
265 265 265 0
265 265 265 0
265 265 265 0
265 265 265 0
265 265 265 0
265 265 265 0
265 265 265 0
265 265 265 0
265 265 265 0
265 265 265 0
265 265 265 0
265 265 265 0
265 265 265 0
265 265 265 0
265 265 265 0
265 265 265 0
265 265 265 0
265 265 265 0
265 265 265 0
265 265 265 0
265 265 265 0
265 265 265 0
265 265 265 0
265 265 265 0
265 265 265 0
265 265 265 0
265 265 265 0
265 265 265 0
265 265 265 0
265 265 265 0
265 265 265 0
265 265 265 0
265 265 265 0
265 265 265 0
265 265 265 0
265 265 265 0
265 265 265 0
265 265 265 0
265 265 265 0
265 265 265 0
265 265 265 0
265 265 265 0
265 265 265 0
265 265 265 0
265 265 265 0
265 265 265 0
265 265 265 0
265 265 265 0
265 265 265 0
265 265 265 0
265 265 265 0
265 265 265 0
265 265 265 0
265 265 265 0
265 265 265 0
265 265 265 0
265 265 265 0
265 265 265 0
265 265 265 0
265 265 265 0
265 265 265 0
265 265 265 0
265 265 265 0
265 265 265 0
265 265 265 0
265 265 265 0
265 265 265 0
265 265 265 0
265 265 265 0
265 265 265 0
265 265 265 0
265 265 265 0
265 265 265 0
265 265 265 0
265 265 265 0
265 265 265 0
265 265 265 0
265 265 265 0
265 265 265 0
265 265 265 0
265 265 265 0
265 265 265 0
265 265 265 0
265 265 265 0
265 265 265 0
265 265 265 0
265 265 265 0
265 265 265 0
265 265 265 0
265 265 265 0
265 265 265 0
265 265 265 0
265 265 265 0
265 265 265 0
265 265 265 0
265 265 265 0
265 265 265 0
265 265 265 0
265 265 265 0
265 265 265 0
265 265 265 0
265 265 265 0
265 265 240 0
265 240 265 0
240 265 265 0
265 265 265 0
265 265 265 0
265 265 265 0
265 265 265 0
265 265 265 0
265 265 265 0
265 265 265 0
265 265 265 0
265 265 265 0
265 265 265 0
265 265 265 0
265 265 265 0
265 265 265 0
265 265 265 0
265 265 265 0
265 265 265 0
265 265 265 0
265 265 265 0
265 265 265 0
265 265 265 0
265 265 265 0
265 265 265 0
265 265 265 0
265 265 265 0
265 265 265 0
265 265 265 0
265 265 265 0
265 265 265 0
265 265 265 0
265 265 265 0
265 265 265 0
265 265 265 0
265 265 265 0
265 265 265 0
265 265 265 0
265 265 265 0
265 265 265 0
265 265 265 0
265 265 265 0
265 265 265 0
265 265 265 0
265 265 265 0
265 265 240 0
265 240 265 0
240 265 265 0
265 265 265 0
265 265 265 0
265 265 265 0
265 265 265 0
265 265 265 0
265 265 265 0
265 265 265 0
265 265 265 0
265 265 265 0
265 265 265 0
265 265 265 0
265 265 265 0
265 265 265 0
265 265 265 0
265 265 265 0
265 265 265 0
265 265 265 0
265 265 265 0
265 265 265 0
265 265 265 0
265 265 265 0
265 265 265 0
265 265 265 0
265 265 265 0
265 265 265 0
265 265 265 0
265 265 265 0
265 265 265 0
265 265 265 0
265 265 265 0
265 265 265 0
265 265 265 0
265 265 265 0
265 265 265 0
265 265 265 0
265 265 265 0
265 265 265 0
265 265 265 0
265 265 265 0
265 265 265 0
265 265 265 0
265 265 265 0
265 265 265 0
265 265 265 0
265 265 265 0
265 265 265 0
265 265 265 0
265 265 265 0
265 265 221 0
265 221 265 0
221 265 265 0
265 265 265 0
265 265 221 0
265 221 197 0
221 197 221 0
197 221 265 0
221 265 140 0
265 140 3 0
140 3 265 0
3 265 221 0
265 221 221 0
221 221 265 0
221 265 265 0
265 265 240 0
265 240 240 0
240 240 4 0
240 4 240 0
4 240 240 0
240 240 265 0
240 265 221 0
265 221 197 0
221 197 221 0
197 221 265 0
221 265 265 0
265 265 265 0
265 265 140 0
265 140 3 0
140 3 265 0
3 265 265 0
265 265 265 0
265 265 265 0
265 265 265 0
265 265 265 0
265 265 265 0
265 265 221 0
265 221 221 0
221 221 221 0
221 221 221 0
221 221 265 0
221 265 140 0
265 140 4 0
140 4 265 0
4 265 265 0
265 265 140 0
265 140 4 0
140 4 265 0
4 265 265 0
265 265 140 0
265 140 4 0
140 4 265 0
4 265 221 0
265 221 221 0
221 221 265 0
221 265 240 0
265 240 240 0
240 240 240 0
240 240 240 0
240 240 265 0
240 265 221 0
265 221 221 0
221 221 221 0
221 221 221 0
221 221 265 0
221 265 265 0
265 265 265 0
265 265 265 0
265 265 265 0
265 265 265 0
265 265 265 0
265 265 265 0
265 265 240 0
265 240 265 0
240 265 140 0
265 140 4 0
140 4 265 0
4 265 265 0
265 265 140 0
265 140 4 0
140 4 265 0
4 265 221 0
265 221 221 0
221 221 265 0
221 265 240 0
265 240 240 0
240 240 265 0
240 265 221 0
265 221 221 0
221 221 221 0
221 221 221 0
221 221 265 0
221 265 140 0
265 140 4 0
140 4 265 0
4 265 265 0
265 265 140 0
265 140 4 0
140 4 265 0
4 265 265 0
265 265 140 0
265 140 4 0
140 4 265 0
4 265 265 0
265 265 140 0
265 140 4 0
140 4 265 0
4 265 265 0
265 265 140 0
265 140 4 0
140 4 265 0
4 265 265 0
265 265 140 0
265 140 4 0
140 4 265 0
4 265 221 0
265 221 221 0
221 221 265 0
221 265 265 0
265 265 4 0
265 4 240 0
4 240 240 0
240 240 265 0
240 265 221 0
265 221 221 0
221 221 221 0
221 221 221 0
221 221 265 0
221 265 140 0
265 140 4 0
140 4 265 0
4 265 265 0
265 265 140 0
265 140 4 0
140 4 265 0
4 265 265 0
265 265 140 0
265 140 4 0
140 4 265 0
4 265 265 0
265 265 140 0
265 140 4 0
140 4 265 0
4 265 265 0
265 265 140 0
265 140 4 0
140 4 265 0
4 265 265 0
265 265 140 0
265 140 4 0
140 4 265 0
4 265 221 0
265 221 221 0
221 221 265 0
221 265 265 0
265 265 240 0
265 240 240 0
240 240 265 0
240 265 221 0
265 221 221 0
221 221 221 0
221 221 221 0
221 221 265 0
221 265 140 0
265 140 4 0
140 4 265 0
4 265 265 0
265 265 140 0
265 140 4 0
140 4 265 0
4 265 265 0
265 265 140 0
265 140 4 0
140 4 265 0
4 265 265 0
265 265 140 0
265 140 4 0
140 4 265 0
4 265 265 0
265 265 140 0
265 140 4 0
140 4 265 0
4 265 265 0
265 265 140 0
265 140 4 0
140 4 265 0
4 265 221 0
265 221 221 0
221 221 265 0
221 265 265 0
265 265 240 0
265 240 240 0
240 240 265 0
240 265 221 0
265 221 221 0
221 221 221 0
221 221 221 0
221 221 265 0
221 265 140 0
265 140 4 0
140 4 265 0
4 265 265 0
265 265 140 0
265 140 4 0
140 4 265 0
4 265 265 0
265 265 140 0
265 140 4 0
140 4 265 0
4 265 265 0
265 265 140 0
265 140 4 0
140 4 265 0
4 265 265 0
265 265 140 0
265 140 4 0
140 4 265 0
4 265 265 0
265 265 140 0
265 140 4 0
140 4 265 0
4 265 221 0
265 221 221 0
221 221 265 0
221 265 265 0
265 265 240 0
265 240 240 0
240 240 265 0
240 265 221 0
265 221 221 0
221 221 221 0
221 221 221 0
221 221 265 0
221 265 140 0
265 140 4 0
140 4 265 0
4 265 265 0
265 265 140 0
265 140 4 0
140 4 265 0
4 265 265 0
265 265 140 0
265 140 4 0
140 4 265 0
4 265 265 0
265 265 140 0
265 140 4 0
140 4 265 0
4 265 265 0
265 265 140 0
265 140 4 0
140 4 265 0
4 265 265 0
265 265 140 0
265 140 4 0
140 4 265 0
4 265 221 0
265 221 221 0
221 221 221 0
221 221 221 0
221 221 221 0
221 221 221 0
221 221 197 0
221 197 265 0
197 265 140 0
265 140 3 0
140 3 265 0
3 265 265 0
265 265 140 0
265 140 4 0
140 4 265 0
4 265 265 0
265 265 140 0
265 140 3 0
140 3 265 0
3 265 265 0
265 265 140 0
265 140 4 0
140 4 265 0
4 265 265 0
265 265 140 0
265 140 3 0
140 3 265 0
3 265 265 0
265 265 140 0
265 140 4 0
140 4 265 0
4 265 265 0
265 265 265 0
265 265 194 0
265 194 265 0
194 265 265 0
265 265 221 0
265 221 221 0
221 221 265 0
221 265 265 0
265 265 265 0
265 265 221 0
265 221 221 0
221 221 221 0
221 221 221 0
221 221 221 0
221 221 221 0
221 221 221 0
221 221 221 0
221 221 265 0
221 265 140 0
265 140 4 0
140 4 265 0
4 265 265 0
265 265 140 0
265 140 4 0
140 4 265 0
4 265 265 0
265 265 140 0
265 140 4 0
140 4 265 0
4 265 265 0
265 265 140 0
265 140 4 0
140 4 265 0
4 265 265 0
265 265 140 0
265 140 4 0
140 4 265 0
4 265 265 0
265 265 140 0
265 140 4 0
140 4 265 0
4 265 265 0
265 265 140 0
265 140 4 0
140 4 265 0
4 265 221 0
265 221 221 0
221 221 265 0
221 265 265 0
265 265 240 0
265 240 240 0
240 240 265 0
240 265 221 0
265 221 221 0
221 221 221 0
221 221 221 0
221 221 265 0
221 265 140 0
265 140 4 0
140 4 265 0
4 265 265 0
265 265 140 0
265 140 4 0
140 4 265 0
4 265 265 0
265 265 140 0
265 140 4 0
140 4 265 0
4 265 265 0
265 265 140 0
265 140 4 0
140 4 265 0
4 265 265 0
265 265 140 0
265 140 4 0
140 4 265 0
4 265 265 0
265 265 140 0
265 140 4 0
140 4 265 0
4 265 221 0
265 221 221 0
221 221 265 0
221 265 265 0
265 265 240 0
265 240 240 0
240 240 265 0
240 265 221 0
265 221 221 0
221 221 221 0
221 221 221 0
221 221 265 0
221 265 140 0
265 140 4 0
140 4 265 0
4 265 265 0
265 265 140 0
265 140 4 0
140 4 265 0
4 265 265 0
265 265 140 0
265 140 4 0
140 4 265 0
4 265 265 0
265 265 140 0
265 140 4 0
140 4 265 0
4 265 265 0
265 265 140 0
265 140 4 0
140 4 265 0
4 265 265 0
265 265 140 0
265 140 4 0
140 4 265 0
4 265 221 0
265 221 221 0
221 221 265 0
221 265 265 0
265 265 240 0
265 240 240 0
240 240 265 0
240 265 221 0
265 221 221 0
221 221 221 0
221 221 221 0
221 221 265 0
221 265 140 0
265 140 4 0
140 4 265 0
4 265 265 0
265 265 140 0
265 140 4 0
140 4 265 0
4 265 265 0
265 265 140 0
265 140 4 0
140 4 265 0
4 265 265 0
265 265 140 0
265 140 4 0
140 4 265 0
4 265 265 0
265 265 140 0
265 140 4 0
140 4 265 0
4 265 265 0
265 265 140 0
265 140 4 0
140 4 265 0
4 265 221 0
265 221 221 0
221 221 265 0
221 265 265 0
265 265 240 0
265 240 240 0
240 240 265 0
240 265 221 0
265 221 221 0
221 221 221 0
221 221 221 0
221 221 265 0
221 265 140 0
265 140 4 0
140 4 265 0
4 265 265 0
265 265 140 0
265 140 4 0
140 4 265 0
4 265 265 0
265 265 140 0
265 140 4 0
140 4 265 0
4 265 265 0
265 265 140 0
265 140 4 0
140 4 265 0
4 265 265 0
265 265 140 0
265 140 4 0
140 4 265 0
4 265 265 0
265 265 140 0
265 140 4 0
140 4 265 0
4 265 221 0
265 221 221 0
221 221 265 0
221 265 265 0
265 265 240 0
265 240 240 0
240 240 265 0
240 265 221 0
265 221 221 0
221 221 221 0
221 221 221 0
221 221 265 0
221 265 140 0
265 140 4 0
140 4 265 0
4 265 265 0
265 265 140 0
265 140 4 0
140 4 265 0
4 265 265 0
265 265 140 0
265 140 4 0
140 4 265 0
4 265 265 0
265 265 140 0
265 140 4 0
140 4 265 0
4 265 265 0
265 265 140 0
265 140 4 0
140 4 265 0
4 265 265 0
265 265 140 0
265 140 4 0
140 4 265 0
4 265 221 0
265 221 221 0
221 221 221 0
221 221 221 0
221 221 221 0
221 221 221 0
221 221 197 0
221 197 265 0
197 265 140 0
265 140 3 0
140 3 265 0
3 265 265 0
265 265 140 0
265 140 4 0
140 4 265 0
4 265 265 0
265 265 140 0
265 140 3 0
140 3 265 0
3 265 265 0
265 265 140 0
265 140 4 0
140 4 265 0
4 265 265 0
265 265 140 0
265 140 3 0
140 3 265 0
3 265 265 0
265 265 140 0
265 140 4 0
140 4 265 0
4 265 265 0
265 265 265 0
265 265 194 0
265 194 265 0
194 265 265 0
265 265 221 0
265 221 221 0
221 221 265 0
221 265 265 0
265 265 265 0
265 265 221 0
265 221 221 0
221 221 221 0
221 221 221 0
221 221 221 0
221 221 221 0
221 221 221 0
221 221 221 0
221 221 265 0
221 265 140 0
265 140 4 0
140 4 265 0
4 265 265 0
265 265 140 0
265 140 4 0
140 4 265 0
4 265 265 0
265 265 140 0
265 140 4 0
140 4 265 0
4 265 265 0
265 265 140 0
265 140 4 0
140 4 265 0
4 265 265 0
265 265 140 0
265 140 4 0
140 4 265 0
4 265 265 0
265 265 140 0
265 140 4 0
140 4 265 0
4 265 265 0
265 265 140 0
265 140 4 0
140 4 265 0
4 265 221 0
265 221 221 0
221 221 265 0
221 265 265 0
265 265 240 0
265 240 240 0
240 240 265 0
240 265 221 0
265 221 221 0
221 221 221 0
221 221 221 0
221 221 265 0
221 265 140 0
265 140 4 0
140 4 265 0
4 265 265 0
265 265 140 0
265 140 4 0
140 4 265 0
4 265 265 0
265 265 140 0
265 140 4 0
140 4 265 0
4 265 265 0
265 265 140 0
265 140 4 0
140 4 265 0
4 265 265 0
265 265 140 0
265 140 4 0
140 4 265 0
4 265 265 0
265 265 140 0
265 140 4 0
140 4 265 0
4 265 221 0
265 221 221 0
221 221 265 0
221 265 265 0
265 265 240 0
265 240 240 0
240 240 265 0
240 265 221 0
265 221 221 0
221 221 221 0
221 221 221 0
221 221 265 0
221 265 140 0
265 140 4 0
140 4 265 0
4 265 265 0
265 265 140 0
265 140 4 0
140 4 265 0
4 265 265 0
265 265 140 0
265 140 4 0
140 4 265 0
4 265 265 0
265 265 140 0
265 140 4 0
140 4 265 0
4 265 265 0
265 265 140 0
265 140 4 0
140 4 265 0
4 265 265 0
265 265 140 0
265 140 4 0
140 4 265 0
4 265 221 0
265 221 221 0
221 221 265 0
221 265 265 0
265 265 240 0
265 240 240 0
240 240 265 0
240 265 221 0
265 221 221 0
221 221 221 0
221 221 221 0
221 221 265 0
221 265 140 0
265 140 4 0
140 4 265 0
4 265 265 0
265 265 140 0
265 140 4 0
140 4 265 0
4 265 265 0
265 265 140 0
265 140 4 0
140 4 265 0
4 265 265 0
265 265 140 0
265 140 4 0
140 4 265 0
4 265 265 0
265 265 140 0
265 140 4 0
140 4 265 0
4 265 265 0
265 265 140 0
265 140 4 0
140 4 265 0
4 265 221 0
265 221 221 0
221 221 265 0
221 265 265 0
265 265 240 0
265 240 240 0
240 240 265 0
240 265 221 0
265 221 221 0
221 221 221 0
221 221 221 0
221 221 265 0
221 265 140 0
265 140 4 0
140 4 265 0
4 265 265 0
265 265 140 0
265 140 4 0
140 4 265 0
4 265 265 0
265 265 140 0
265 140 4 0
140 4 265 0
4 265 265 0
265 265 140 0
265 140 4 0
140 4 265 0
4 265 265 0
265 265 140 0
265 140 4 0
140 4 265 0
4 265 265 0
265 265 140 0
265 140 4 0
140 4 265 0
4 265 221 0
265 221 221 0
221 221 265 0
221 265 265 0
265 265 240 0
265 240 240 0
240 240 265 0
240 265 221 0
265 221 221 0
221 221 221 0
221 221 221 0
221 221 265 0
221 265 140 0
265 140 4 0
140 4 265 0
4 265 265 0
265 265 140 0
265 140 4 0
140 4 265 0
4 265 221 0
265 221 221 0
221 221 221 0
221 221 221 0
221 221 221 0
221 221 221 0
221 221 197 0
221 197 265 0
197 265 140 0
265 140 3 0
140 3 265 0
3 265 265 0
265 265 140 0
265 140 4 0
140 4 265 0
4 265 265 0
265 265 140 0
265 140 3 0
140 3 265 0
3 265 265 0
265 265 140 0
265 140 4 0
140 4 265 0
4 265 265 0
265 265 140 0
265 140 3 0
140 3 265 0
3 265 265 0
265 265 140 0
265 140 4 0
140 4 265 0
4 265 265 0
265 265 265 0
265 265 194 0
265 194 265 0
194 265 265 0
265 265 221 0
265 221 221 0
221 221 265 0
221 265 265 0
265 265 240 0
265 240 240 0
240 240 265 0
240 265 221 0
265 221 221 0
221 221 221 0
221 221 221 0
221 221 221 0
221 221 221 0
221 221 221 0
221 221 221 0
221 221 265 0
221 265 140 0
265 140 4 0
140 4 265 0
4 265 265 0
265 265 140 0
265 140 4 0
140 4 265 0
4 265 265 0
265 265 140 0
265 140 4 0
140 4 265 0
4 265 265 0
265 265 140 0
265 140 4 0
140 4 265 0
4 265 265 0
265 265 140 0
265 140 4 0
140 4 265 0
4 265 265 0
265 265 140 0
265 140 4 0
140 4 265 0
4 265 265 0
265 265 140 0
265 140 4 0
140 4 265 0
4 265 221 0
265 221 221 0
221 221 265 0
221 265 265 0
265 265 240 0
265 240 240 0
240 240 265 0
240 265 221 0
265 221 221 0
221 221 221 0
221 221 221 0
221 221 265 0
221 265 140 0
265 140 4 0
140 4 265 0
4 265 265 0
265 265 140 0
265 140 4 0
140 4 265 0
4 265 265 0
265 265 140 0
265 140 4 0
140 4 265 0
4 265 265 0
265 265 140 0
265 140 4 0
140 4 265 0
4 265 265 0
265 265 140 0
265 140 4 0
140 4 265 0
4 265 265 0
265 265 140 0
265 140 4 0
140 4 265 0
4 265 221 0
265 221 221 0
221 221 265 0
221 265 265 0
new
168 265 3 0
265 3 168 0
3 168 265 0
168 265 168 0
265 168 168 0
168 168 3 0
168 3 168 0
3 168 265 0
168 265 265 0
265 265 168 0
265 168 3 0
168 3 78 0
3 78 78 0
78 78 78 0
78 78 4 0
78 4 4 0
4 4 240 0
4 240 240 0
240 240 265 0
240 265 3 0
265 3 265 0
3 265 33 0
265 33 168 0
33 168 3 0
168 3 3 0
3 3 3 0
3 3 265 0
3 265 3 0
265 3 265 0
3 265 168 0
265 168 168 0
168 168 168 0
168 168 168 0
168 168 168 0
168 168 168 0
168 168 3 0
168 3 168 0
3 168 3 0
168 3 292 0
3 292 3 0
292 3 265 0
3 265 102 0
265 102 102 0
102 102 3 0
102 3 168 0
3 168 168 0
168 168 168 0
168 168 265 0
168 265 168 0
265 168 265 0
168 265 168 0
265 168 265 0
168 265 168 0
265 168 3 0
168 3 265 0
3 265 265 0
265 265 168 0
265 168 3 0
168 3 292 0
3 292 168 0
292 168 168 0
168 168 168 0
168 168 265 0
168 265 3 0
265 3 168 0
3 168 168 0
168 168 54 0
168 54 265 0
54 265 265 0
265 265 3 0
265 3 146 0
3 146 3 0
146 3 3 0
3 3 168 0
3 168 168 0
168 168 3 0
168 3 265 0
3 265 168 0
265 168 265 0
168 265 265 0
265 265 54 0
265 54 3 0
54 3 265 0
3 265 265 0
265 265 168 0
265 168 168 0
168 168 168 0
168 168 78 0
168 78 3 0
78 3 54 0
3 54 168 0
54 168 3 0
168 3 265 0
3 265 168 0
265 168 3 0
168 3 168 0
3 168 168 0
168 168 3 0
168 3 168 0
3 168 54 0
168 54 3 0
54 3 3 0
3 3 265 0
3 265 54 0
265 54 3 0
54 3 54 0
3 54 3 0
54 3 168 0
3 168 168 0
168 168 265 0
168 265 265 0
265 265 168 0
265 168 168 0
168 168 168 0
168 168 3 0
168 3 54 0
3 54 265 0
54 265 3 0
265 3 265 0
3 265 54 0
265 54 168 0
54 168 3 0
168 3 3 0
3 3 168 0
3 168 265 0
168 265 265 0
265 265 265 0
265 265 265 0
265 265 168 0
265 168 168 0
168 168 168 0
168 168 168 0
168 168 265 0
168 265 265 0
265 265 3 0
265 3 3 0
3 3 3 0
3 3 168 0
3 168 3 0
168 3 54 0
3 54 54 0
54 54 168 0
54 168 265 0
168 265 265 0
265 265 3 0
265 3 168 0
3 168 168 0
168 168 265 0
168 265 265 0
265 265 168 0
265 168 168 0
168 168 54 0
168 54 3 0
54 3 3 0
3 3 54 0
3 54 168 0
54 168 54 0
168 54 168 0
54 168 54 0
168 54 168 0
54 168 168 0
168 168 168 0
168 168 292 0
168 292 265 0
292 265 3 0
265 3 3 0
3 3 54 0
3 54 168 0
54 168 292 0
168 292 265 0
292 265 292 0
265 292 3 0
292 3 265 0
3 265 168 0
265 168 195 0
168 195 195 0
195 195 6 0
195 6 195 0
6 195 195 0
195 195 3 0
195 3 78 0
3 78 3 0
78 3 6 0
3 6 195 0
6 195 195 0
195 195 195 0
195 195 195 0
195 195 195 0
195 195 195 0
195 195 195 0
195 195 195 0
195 195 195 0
195 195 195 0
195 195 195 0
195 195 195 0
195 195 195 0
195 195 195 0
195 195 195 0
195 195 195 0
195 195 195 0
195 195 195 0
195 195 195 0
195 195 195 0
195 195 195 0
195 195 195 0
195 195 220 0
195 220 195 0
220 195 195 0
195 195 195 0
195 195 195 0
195 195 195 0
195 195 195 0
195 195 195 0
195 195 195 0
195 195 195 0
195 195 195 0
195 195 195 0
195 195 195 0
195 195 195 0
195 195 195 0
195 195 195 0
195 195 195 0
195 195 195 0
195 195 195 0
195 195 195 0
195 195 195 0
195 195 195 0
195 195 195 0
195 195 195 0
195 195 195 0
195 195 220 0
195 220 195 0
220 195 195 0
195 195 195 0
195 195 195 0
195 195 195 0
195 195 6 0
195 6 195 0
6 195 195 0
195 195 195 0
195 195 195 0
195 195 78 0
195 78 78 0
78 78 78 0
78 78 78 0
78 78 195 0
78 195 220 0
195 220 5 0
220 5 3 0
5 3 196 0
3 196 196 0
196 196 3 0
196 3 78 0
3 78 6 0
78 6 146 0
6 146 3 0
146 3 3 0
3 3 6 0
3 6 146 0
6 146 78 0
146 78 78 0
78 78 78 0
78 78 78 0
78 78 78 0
78 78 78 0
78 78 78 0
78 78 168 0
78 168 168 0
168 168 265 0
168 265 168 0
265 168 6 0
168 6 168 0
6 168 168 0
168 168 168 0
168 168 3 0
168 3 168 0
3 168 3 0
168 3 265 0
3 265 265 0
265 265 265 0
265 265 168 0
265 168 168 0
168 168 3 0
168 3 146 0
3 146 3 0
146 3 168 0
3 168 168 0
168 168 3 0
168 3 168 0
3 168 265 0
168 265 265 0
265 265 168 0
265 168 3 0
168 3 3 0
3 3 168 0
3 168 168 0
168 168 168 0
168 168 168 0
168 168 3 0
168 3 265 0
3 265 3 0
265 3 265 0
3 265 265 0
265 265 3 0
265 3 265 0
3 265 168 0
265 168 3 0
168 3 3 0
3 3 265 0
3 265 3 0
265 3 265 0
3 265 168 0
265 168 265 0
168 265 168 0
265 168 265 0
168 265 168 0
265 168 265 0
168 265 168 0
265 168 265 0
168 265 78 0
265 78 265 0
78 265 265 0
265 265 3 0
265 3 265 0
3 265 168 0
265 168 265 0
168 265 168 0
265 168 265 0
168 265 265 0
265 265 3 0
265 3 168 0
3 168 168 0
168 168 168 0
168 168 265 0
168 265 3 0
265 3 168 0
3 168 3 0
168 3 168 0
3 168 168 0
168 168 3 0
168 3 3 0
3 3 265 0
3 265 168 0
265 168 265 0
168 265 168 0
265 168 146 0
168 146 3 0
146 3 168 0
3 168 265 0
168 265 3 0
265 3 265 0
3 265 265 0
265 265 168 0
265 168 3 0
168 3 146 0
3 146 168 0
146 168 168 0
168 168 265 0
168 265 78 0
265 78 3 0
78 3 265 0
3 265 168 0
265 168 78 0
168 78 265 0
78 265 3 0
265 3 265 0
3 265 168 0
265 168 78 0
168 78 265 0
78 265 3 0
265 3 265 0
3 265 168 0
265 168 78 0
168 78 265 0
78 265 3 0
265 3 265 0
3 265 168 0
265 168 78 0
168 78 265 0
78 265 3 0
265 3 265 0
3 265 168 0
265 168 78 0
168 78 265 0
78 265 3 0
265 3 265 0
3 265 168 0
265 168 78 0
168 78 265 0
78 265 3 0
265 3 265 0
3 265 168 0
265 168 78 0
168 78 265 0
78 265 3 0
265 3 265 0
3 265 168 0
265 168 78 0
168 78 265 0
78 265 3 0
265 3 265 0
3 265 168 0
265 168 78 0
168 78 265 0
78 265 3 0
265 3 265 0
3 265 168 0
265 168 78 0
168 78 265 0
78 265 3 0
265 3 265 0
3 265 168 0
265 168 78 0
168 78 265 0
78 265 3 0
265 3 3 0
3 3 265 0
3 265 168 0
265 168 168 0
168 168 265 0
168 265 78 0
265 78 265 0
78 265 78 0
265 78 265 0
78 265 265 0
265 265 168 0
265 168 265 0
168 265 168 0
265 168 78 0
168 78 265 0
78 265 265 0
265 265 168 0
265 168 168 0
168 168 78 0
168 78 168 0
78 168 78 0
168 78 168 0
78 168 3 0
168 3 168 0
3 168 265 0
168 265 3 0
265 3 78 0
3 78 78 0
78 78 3 0
78 3 265 0
3 265 3 0
265 3 265 0
3 265 3 0
265 3 3 0
3 3 265 0
3 265 3 0
265 3 265 0
3 265 265 0
265 265 78 0
265 78 265 0
78 265 3 0
265 3 265 0
3 265 168 0
265 168 168 0
168 168 3 0
168 3 265 0
3 265 265 0
265 265 3 0
265 3 78 0
3 78 3 0
78 3 168 0
3 168 78 0
168 78 3 0
78 3 265 0
3 265 265 0
265 265 168 0
265 168 168 0
168 168 3 0
168 3 265 0
3 265 3 0
265 3 265 0
3 265 78 0
265 78 168 0
78 168 265 0
168 265 265 0
265 265 3 0
265 3 265 0
3 265 168 0
265 168 265 0
168 265 168 0
265 168 265 0
168 265 168 0
265 168 168 0
168 168 3 0
168 3 265 0
3 265 3 0
265 3 265 0
3 265 78 0
265 78 168 0
78 168 78 0
168 78 168 0
78 168 3 0
168 3 168 0
3 168 168 0
168 168 78 0
168 78 265 0
78 265 168 0
265 168 265 0
168 265 168 0
265 168 78 0
168 78 3 0
78 3 265 0
3 265 265 0
265 265 168 0
265 168 265 0
168 265 3 0
265 3 78 0
3 78 265 0
78 265 265 0
265 265 3 0
265 3 3 0
3 3 265 0
3 265 168 0
265 168 3 0
168 3 168 0
3 168 78 0
168 78 78 0
78 78 78 0
78 78 3 0
78 3 78 0
3 78 265 0
78 265 3 0
265 3 3 0
3 3 168 0
3 168 3 0
168 3 265 0
3 265 168 0
265 168 78 0
168 78 3 0
78 3 3 0
3 3 78 0
3 78 265 0
78 265 168 0
265 168 3 0
168 3 265 0
3 265 168 0
265 168 3 0
168 3 3 0
3 3 265 0
3 265 168 0
265 168 78 0
168 78 78 0
78 78 265 0
78 265 265 0
265 265 265 0
265 265 3 0
265 3 168 0
3 168 78 0
168 78 168 0
78 168 3 0
168 3 265 0
3 265 168 0
265 168 3 0
168 3 265 0
3 265 3 0
265 3 78 0
3 78 265 0
78 265 168 0
265 168 3 0
168 3 3 0
3 3 265 0
3 265 3 0
265 3 78 0
3 78 168 0
78 168 3 0
168 3 78 0
3 78 168 0
78 168 78 0
168 78 168 0
78 168 265 0
168 265 3 0
265 3 168 0
3 168 78 0
168 78 265 0
78 265 3 0
265 3 168 0
3 168 265 0
168 265 78 0
265 78 3 0
78 3 168 0
3 168 3 0
168 3 168 0
3 168 265 0
168 265 3 0
265 3 3 0
3 3 265 0
3 265 78 0
265 78 78 0
78 78 78 0
78 78 265 0
78 265 78 0
265 78 265 0
78 265 168 0
265 168 168 0
168 168 265 0
168 265 265 0
265 265 3 0
265 3 168 0
3 168 3 0
168 3 78 0
3 78 78 0
78 78 3 0
78 3 265 0
3 265 265 0
265 265 78 0
265 78 78 0
78 78 78 0
78 78 168 0
78 168 265 0
168 265 265 0
265 265 168 0
265 168 265 0
168 265 3 0
265 3 78 0
3 78 78 0
78 78 78 0
78 78 3 0
78 3 168 0
3 168 265 0
168 265 78 0
265 78 168 0
78 168 78 0
168 78 78 0
78 78 265 0
78 265 3 0
265 3 78 0
3 78 78 0
78 78 78 0
78 78 265 0
78 265 3 0
265 3 3 0
3 3 168 0
3 168 78 0
168 78 78 0
78 78 3 0
78 3 168 0
3 168 78 0
168 78 3 0
78 3 168 0
3 168 168 0
168 168 265 0
168 265 265 0
265 265 3 0
265 3 168 0
3 168 3 0
168 3 78 0
3 78 168 0
78 168 3 0
168 3 78 0
3 78 265 0
78 265 78 0
265 78 78 0
78 78 168 0
78 168 265 0
168 265 168 0
265 168 3 0
168 3 265 0
3 265 3 0
265 3 265 0
3 265 3 0
265 3 265 0
3 265 78 0
265 78 265 0
78 265 168 0
265 168 3 0
168 3 3 0
3 3 78 0
3 78 78 0
78 78 168 0
78 168 168 0
168 168 265 0
168 265 3 0
265 3 168 0
3 168 265 0
168 265 3 0
265 3 168 0
3 168 78 0
168 78 168 0
78 168 78 0
168 78 265 0
78 265 78 0
265 78 265 0
78 265 168 0
265 168 168 0
168 168 265 0
168 265 3 0
265 3 3 0
3 3 78 0
3 78 78 0
78 78 168 0
78 168 78 0
168 78 168 0
78 168 78 0
168 78 78 0
78 78 265 0
78 265 265 0
265 265 3 0
265 3 265 0
3 265 168 0
265 168 265 0
168 265 3 0
265 3 265 0
3 265 265 0
265 265 3 0
265 3 3 0
3 3 168 0
3 168 3 0
168 3 168 0
3 168 3 0
168 3 265 0
3 265 168 0
265 168 265 0
168 265 3 0
265 3 265 0
3 265 3 0
265 3 168 0
3 168 168 0
168 168 168 0
168 168 168 0
168 168 168 0
168 168 265 0
168 265 78 0
265 78 3 0
78 3 3 0
3 3 3 0
3 3 3 0
3 3 3 0
3 3 265 0
3 265 265 0
265 265 78 0
265 78 168 0
78 168 265 0
168 265 265 0
265 265 265 0
265 265 78 0
265 78 78 0
78 78 265 0
78 265 168 0
265 168 78 0
168 78 78 0
78 78 168 0
78 168 78 0
168 78 168 0
78 168 265 0
168 265 168 0
265 168 3 0
168 3 168 0
3 168 168 0
168 168 265 0
168 265 3 0
265 3 78 0
3 78 168 0
78 168 78 0
168 78 168 0
78 168 3 0
168 3 168 0
3 168 265 0
168 265 168 0
265 168 265 0
168 265 3 0
265 3 265 0
3 265 3 0
265 3 3 0
3 3 265 0
3 265 78 0
265 78 265 0
78 265 168 0
265 168 3 0
168 3 168 0
3 168 3 0
168 3 265 0
3 265 265 0
265 265 3 0
265 3 78 0
3 78 3 0
78 3 265 0
3 265 265 0
265 265 3 0
265 3 3 0
3 3 168 0
3 168 3 0
168 3 78 0
3 78 265 0
78 265 78 0
265 78 265 0
78 265 265 0
265 265 265 0
265 265 78 0
265 78 78 0
78 78 168 0
78 168 3 0
168 3 168 0
3 168 168 0
168 168 265 0
168 265 3 0
265 3 3 0
3 3 265 0
3 265 168 0
265 168 168 0
168 168 78 0
168 78 168 0
78 168 3 0
168 3 265 0
3 265 3 0
265 3 265 0
3 265 78 0
265 78 265 0
78 265 265 0
265 265 168 0
265 168 168 0
168 168 168 0
168 168 168 0
168 168 168 0
168 168 3 0
168 3 3 0
3 3 168 0
3 168 265 0
168 265 78 0
265 78 3 0
78 3 265 0
3 265 168 0
265 168 265 0
168 265 265 0
265 265 265 0
265 265 78 0
265 78 168 0
78 168 265 0
168 265 265 0
265 265 78 0
265 78 78 0
78 78 78 0
78 78 168 0
78 168 168 0
168 168 265 0
168 265 265 0
265 265 265 0
265 265 3 0
265 3 265 0
3 265 168 0
265 168 168 0
168 168 265 0
168 265 265 0
265 265 265 0
265 265 3 0
265 3 168 0
3 168 168 0
168 168 265 0
168 265 3 0
265 3 168 0
3 168 265 0
168 265 78 0
265 78 265 0
78 265 265 0
265 265 3 0
265 3 265 0
3 265 168 0
265 168 265 0
168 265 168 0
265 168 3 0
168 3 265 0
3 265 78 0
265 78 168 0
78 168 265 0
168 265 168 0
265 168 3 0
168 3 78 0
3 78 168 0
78 168 265 0
168 265 3 0
265 3 3 0
3 3 168 0
3 168 78 0
168 78 265 0
78 265 168 0
265 168 78 0
168 78 265 0
78 265 3 0
265 3 168 0
3 168 78 0
168 78 265 0
78 265 168 0
265 168 265 0
168 265 265 0
265 265 3 0
265 3 78 0
3 78 265 0
78 265 168 0
265 168 168 0
168 168 3 0
168 3 78 0
3 78 3 0
78 3 3 0
3 3 3 0
3 3 3 0
3 3 168 0
3 168 168 0
168 168 168 0
168 168 3 0
168 3 78 0
3 78 3 0
78 3 3 0
3 3 3 0
3 3 3 0
3 3 168 0
3 168 265 0
168 265 3 0
265 3 265 0
3 265 265 0
265 265 3 0
265 3 78 0
3 78 3 0
78 3 3 0
3 3 78 0
3 78 78 0
78 78 78 0
78 78 265 0
78 265 3 0
265 3 3 0
3 3 265 0
3 265 3 0
265 3 78 0
3 78 3 0
78 3 78 0
3 78 265 0
78 265 3 0
265 3 265 0
3 265 168 0
265 168 3 0
168 3 168 0
3 168 3 0
168 3 265 0
3 265 78 0
265 78 78 0
78 78 168 0
78 168 265 0
168 265 265 0
265 265 265 0
265 265 3 0
265 3 168 0
3 168 168 0
168 168 78 0
168 78 168 0
78 168 168 0
168 168 3 0
168 3 78 0
3 78 78 0
78 78 265 0
78 265 3 0
265 3 78 0
3 78 265 0
78 265 265 0
265 265 3 0
265 3 265 0
3 265 168 0
265 168 3 0
168 3 168 0
3 168 265 0
168 265 78 0
265 78 265 0
78 265 265 0
265 265 265 0
265 265 168 0
265 168 265 0
168 265 168 0
265 168 3 0
168 3 265 0
3 265 168 0
265 168 265 0
168 265 265 0
265 265 265 0
265 265 78 0
265 78 3 0
78 3 168 0
3 168 3 0
168 3 3 0
3 3 3 0
3 3 265 0
3 265 265 0
265 265 265 0
265 265 265 0
265 265 3 0
265 3 265 0
3 265 265 0
265 265 168 0
265 168 3 0
168 3 78 0
3 78 265 0
78 265 265 0
265 265 265 0
265 265 168 0
265 168 3 0
168 3 78 0
3 78 265 0
78 265 3 0
265 3 3 0
3 3 168 0
3 168 78 0
168 78 78 0
78 78 168 0
78 168 265 0
168 265 265 0
265 265 78 0
265 78 265 0
78 265 265 0
265 265 168 0
265 168 265 0
168 265 3 0
265 3 265 0
3 265 3 0
265 3 168 0
3 168 265 0
168 265 265 0
265 265 168 0
265 168 265 0
168 265 78 0
265 78 265 0
78 265 168 0
265 168 265 0
168 265 3 0
265 3 78 0
3 78 3 0
78 3 3 0
3 3 78 0
3 78 3 0
78 3 265 0
3 265 168 0
265 168 78 0
168 78 3 0
78 3 78 0
3 78 3 0
78 3 265 0
3 265 265 0
265 265 265 0
265 265 3 0
265 3 265 0
3 265 265 0
265 265 265 0
265 265 3 0
265 3 78 0
3 78 265 0
78 265 3 0
265 3 78 0
3 78 265 0
78 265 168 0
265 168 265 0
168 265 168 0
265 168 168 0
168 168 265 0
168 265 78 0
265 78 78 0
78 78 265 0
78 265 265 0
265 265 3 0
265 3 168 0
3 168 3 0
168 3 265 0
3 265 3 0
265 3 78 0
3 78 265 0
78 265 265 0
265 265 3 0
265 3 168 0
3 168 78 0
168 78 168 0
78 168 3 0
168 3 265 0
3 265 78 0
265 78 168 0
78 168 265 0
168 265 78 0
265 78 168 0
78 168 265 0
168 265 3 0
265 3 168 0
3 168 3 0
168 3 168 0
3 168 265 0
168 265 3 0
265 3 265 0
3 265 78 0
265 78 78 0
78 78 168 0
78 168 265 0
168 265 3 0
265 3 265 0
3 265 168 0
265 168 3 0
168 3 168 0
3 168 78 0
168 78 78 0
78 78 265 0
78 265 78 0
265 78 265 0
78 265 265 0
265 265 3 0
265 3 265 0
3 265 265 0
265 265 78 0
265 78 78 0
78 78 3 0
78 3 168 0
3 168 265 0
168 265 265 0
265 265 265 0
265 265 3 0
265 3 78 0
3 78 265 0
78 265 78 0
265 78 168 0
78 168 265 0
168 265 168 0
265 168 265 0
168 265 265 0
265 265 168 0
265 168 265 0
168 265 168 0
265 168 265 0
168 265 168 0
265 168 168 0
168 168 265 0
168 265 168 0
265 168 3 0
168 3 265 0
3 265 265 0
265 265 265 0
265 265 265 0
265 265 265 0
265 265 265 0
265 265 3 0
265 3 168 0
3 168 78 0
168 78 3 0
78 3 3 0
3 3 168 0
3 168 265 0
168 265 265 0
265 265 3 0
265 3 168 0
3 168 168 0
168 168 265 0
168 265 265 0
265 265 3 0
265 3 168 0
3 168 265 0
168 265 3 0
265 3 168 0
3 168 265 0
168 265 3 0
265 3 3 0
3 3 78 0
3 78 265 0
78 265 3 0
265 3 168 0
3 168 3 0
168 3 168 0
3 168 78 0
168 78 78 0
78 78 3 0
78 3 168 0
3 168 78 0
168 78 3 0
78 3 265 0
3 265 168 0
265 168 3 0
168 3 3 0
3 3 168 0
3 168 265 0
168 265 265 0
265 265 78 0
265 78 265 0
78 265 3 0
265 3 265 0
3 265 265 0
265 265 168 0
265 168 168 0
168 168 265 0
168 265 265 0
265 265 3 0
265 3 168 0
3 168 168 0
168 168 168 0
168 168 168 0
168 168 78 0
168 78 168 0
78 168 3 0
168 3 78 0
3 78 168 0
78 168 265 0
168 265 265 0
265 265 3 0
265 3 78 0
3 78 265 0
78 265 168 0
265 168 265 0
168 265 168 0
265 168 265 0
168 265 265 0
265 265 265 0
265 265 265 0
265 265 168 0
265 168 265 0
168 265 3 0
265 3 78 0
3 78 78 0
78 78 265 0
78 265 3 0
265 3 265 0
3 265 265 0
265 265 168 0
265 168 78 0
168 78 3 0
78 3 265 0
3 265 265 0
265 265 78 0
265 78 265 0
78 265 78 0
265 78 168 0
78 168 3 0
168 3 265 0
3 265 265 0
265 265 3 0
265 3 265 0
3 265 3 0
265 3 78 0
3 78 3 0
78 3 265 0
3 265 78 0
265 78 265 0
78 265 3 0
265 3 265 0
3 265 78 0
265 78 3 0
78 3 265 0
3 265 78 0
265 78 265 0
78 265 265 0
265 265 265 0
265 265 265 0
265 265 168 0
265 168 168 0
168 168 168 0
168 168 265 0
168 265 168 0
265 168 168 0
168 168 78 0
168 78 168 0
78 168 265 0
168 265 3 0
265 3 3 0
3 3 168 0
3 168 3 0
168 3 78 0
3 78 3 0
78 3 78 0
3 78 265 0
78 265 3 0
265 3 265 0
3 265 168 0
265 168 168 0
168 168 265 0
168 265 78 0
265 78 265 0
78 265 265 0
265 265 3 0
265 3 78 0
3 78 168 0
78 168 3 0
168 3 265 0
3 265 265 0
265 265 3 0
265 3 3 0
3 3 265 0
3 265 265 0
265 265 265 0
265 265 78 0
265 78 3 0
78 3 3 0
3 3 168 0
3 168 265 0
168 265 265 0
265 265 3 0
265 3 265 0
3 265 3 0
265 3 78 0
3 78 168 0
78 168 78 0
168 78 3 0
78 3 3 0
3 3 168 0
3 168 265 0
168 265 168 0
265 168 78 0
168 78 265 0
78 265 78 0
265 78 168 0
78 168 78 0
168 78 265 0
78 265 265 0
265 265 168 0
265 168 3 0
168 3 168 0
3 168 78 0
168 78 78 0
78 78 78 0
78 78 168 0
78 168 168 0
168 168 265 0
168 265 168 0
265 168 3 0
168 3 3 0
3 3 168 0
3 168 265 0
168 265 78 0
265 78 265 0
78 265 3 0
265 3 78 0
3 78 265 0
78 265 168 0
265 168 78 0
168 78 78 0
78 78 3 0
78 3 78 0
3 78 265 0
78 265 78 0
265 78 3 0
78 3 3 0
3 3 3 0
3 3 78 0
3 78 78 0
78 78 168 0
78 168 265 0
168 265 168 0
265 168 265 0
168 265 168 0
265 168 3 0
168 3 168 0
3 168 78 0
168 78 78 0
78 78 265 0
78 265 265 0
265 265 78 0
265 78 265 0
78 265 265 0
265 265 265 0
265 265 78 0
265 78 265 0
78 265 265 0
265 265 168 0
265 168 168 0
168 168 168 0
168 168 265 0
168 265 265 0
265 265 3 0
265 3 265 0
3 265 3 0
265 3 168 0
3 168 168 0
168 168 168 0
168 168 168 0
168 168 3 0
168 3 78 0
3 78 265 0
78 265 168 0
265 168 265 0
168 265 265 0
265 265 168 0
265 168 265 0
168 265 3 0
265 3 168 0
3 168 265 0
168 265 168 0
265 168 265 0
168 265 78 0
265 78 3 0
78 3 78 0
3 78 168 0
78 168 168 0
168 168 78 0
168 78 78 0
78 78 168 0
78 168 78 0
168 78 78 0
78 78 265 0
78 265 168 0
265 168 78 0
168 78 168 0
78 168 3 0
168 3 3 0
3 3 265 0
3 265 3 0
265 3 168 0
3 168 265 0
168 265 168 0
265 168 3 0
168 3 78 0
3 78 168 0
78 168 3 0
168 3 3 0
3 3 265 0
3 265 168 0
265 168 265 0
168 265 168 0
265 168 265 0
168 265 78 0
265 78 168 0
78 168 265 0
168 265 168 0
265 168 265 0
168 265 265 0
265 265 265 0
265 265 265 0
265 265 3 0
265 3 168 0
3 168 3 0
168 3 168 0
3 168 265 0
168 265 168 0
265 168 3 0
168 3 3 0
3 3 168 0
3 168 168 0
168 168 3 0
168 3 168 0
3 168 168 0
168 168 168 0
168 168 3 0
168 3 3 0
3 3 265 0
3 265 265 0
265 265 3 0
265 3 3 0
3 3 168 0
3 168 78 0
168 78 168 0
78 168 168 0
168 168 78 0
168 78 78 0
78 78 265 0
78 265 265 0
265 265 265 0
265 265 78 0
265 78 3 0
78 3 265 0
3 265 265 0
265 265 78 0
265 78 265 0
78 265 3 0
265 3 3 0
3 3 78 0
3 78 78 0
78 78 168 0
78 168 3 0
168 3 3 0
3 3 265 0
3 265 168 0
265 168 78 0
168 78 168 0
78 168 265 0
168 265 265 0
265 265 168 0
265 168 265 0
168 265 78 0
265 78 265 0
78 265 168 0
265 168 168 0
168 168 168 0
168 168 265 0
168 265 265 0
265 265 78 0
265 78 168 0
78 168 3 0
168 3 168 0
3 168 168 0
168 168 168 0
168 168 3 0
168 3 78 0
3 78 168 0
78 168 78 0
168 78 78 0
78 78 78 0
78 78 265 0
78 265 3 0
265 3 168 0
3 168 265 0
168 265 78 0
265 78 168 0
78 168 265 0
168 265 3 0
265 3 168 0
3 168 265 0
168 265 78 0
265 78 168 0
78 168 265 0
168 265 3 0
265 3 265 0
3 265 3 0
265 3 3 0
3 3 3 0
3 3 3 0
3 3 78 0
3 78 168 0
78 168 3 0
168 3 78 0
3 78 168 0
78 168 3 0
168 3 265 0
3 265 265 0
265 265 3 0
265 3 3 0
3 3 168 0
3 168 168 0
168 168 168 0
168 168 265 0
168 265 265 0
265 265 265 0
265 265 3 0
265 3 168 0
3 168 168 0
168 168 168 0
168 168 265 0
168 265 168 0
265 168 168 0
168 168 265 0
168 265 168 0
265 168 168 0
168 168 168 0
168 168 78 0
168 78 78 0
78 78 3 0
78 3 78 0
3 78 78 0
78 78 3 0
78 3 168 0
3 168 168 0
168 168 78 0
168 78 3 0
78 3 265 0
3 265 3 0
265 3 3 0
3 3 265 0
3 265 265 0
265 265 265 0
265 265 168 0
265 168 265 0
168 265 265 0
265 265 265 0
265 265 78 0
265 78 168 0
78 168 265 0
168 265 3 0
265 3 3 0
3 3 78 0
3 78 265 0
78 265 168 0
265 168 265 0
168 265 168 0
265 168 168 0
168 168 78 0
168 78 265 0
78 265 168 0
265 168 78 0
168 78 3 0
78 3 78 0
3 78 168 0
78 168 3 0
168 3 265 0
3 265 265 0
265 265 168 0
265 168 168 0
168 168 265 0
168 265 3 0
265 3 168 0
3 168 265 0
168 265 168 0
265 168 265 0
168 265 3 0
265 3 78 0
3 78 168 0
78 168 78 0
168 78 78 0
78 78 265 0
78 265 265 0
265 265 168 0
265 168 168 0
168 168 168 0
168 168 3 0
168 3 265 0
3 265 168 0
265 168 168 0
168 168 265 0
168 265 265 0
265 265 265 0
265 265 3 0
265 3 78 0
3 78 3 0
78 3 78 0
3 78 3 0
78 3 3 0
3 3 265 0
3 265 168 0
265 168 265 0
168 265 3 0
265 3 265 0
3 265 3 0
265 3 168 0
3 168 265 0
168 265 265 0
265 265 168 0
265 168 265 0
168 265 3 0
265 3 265 0
3 265 168 0
265 168 78 0
168 78 168 0
78 168 168 0
168 168 78 0
168 78 78 0
78 78 78 0
78 78 78 0
78 78 3 0
78 3 78 0
3 78 78 0
78 78 78 0
78 78 3 0
78 3 168 0
3 168 78 0
168 78 265 0
78 265 3 0
265 3 3 0
3 3 265 0
3 265 3 0
265 3 168 0
3 168 265 0
168 265 78 0
265 78 265 0
78 265 265 0
265 265 265 0
265 265 265 0
265 265 3 0
265 3 265 0
3 265 265 0
265 265 265 0
265 265 3 0
265 3 3 0
3 3 78 0
3 78 168 0
78 168 168 0
168 168 168 0
168 168 265 0
168 265 265 0
265 265 265 0
265 265 78 0
265 78 265 0
78 265 168 0
265 168 265 0
168 265 168 0
265 168 78 0
168 78 3 0
78 3 265 0
3 265 265 0
265 265 168 0
265 168 265 0
168 265 168 0
265 168 168 0
168 168 168 0
168 168 168 0
168 168 78 0
168 78 265 0
78 265 168 0
265 168 3 0
168 3 78 0
3 78 3 0
78 3 78 0
3 78 78 0
78 78 168 0
78 168 265 0
168 265 168 0
265 168 265 0
168 265 3 0
265 3 3 0
3 3 3 0
3 3 265 0
3 265 168 0
265 168 168 0
168 168 265 0
168 265 3 0
265 3 168 0
3 168 265 0
168 265 265 0
265 265 3 0
265 3 78 0
3 78 265 0
78 265 78 0
265 78 265 0
78 265 168 0
265 168 265 0
168 265 78 0
265 78 3 0
78 3 168 0
3 168 168 0
168 168 265 0
168 265 265 0
265 265 3 0
265 3 265 0
3 265 78 0
265 78 168 0
78 168 78 0
168 78 168 0
78 168 3 0
168 3 265 0
3 265 78 0
265 78 168 0
78 168 78 0
168 78 265 0
78 265 78 0
265 78 168 0
78 168 3 0
168 3 78 0
3 78 265 0
78 265 78 0
265 78 265 0
78 265 78 0
265 78 265 0
78 265 78 0
265 78 265 0
78 265 168 0
265 168 78 0
168 78 265 0
78 265 3 0
265 3 265 0
3 265 3 0
265 3 78 0
3 78 265 0
78 265 168 0
265 168 265 0
168 265 78 0
265 78 3 0
78 3 3 0
3 3 265 0
3 265 265 0
265 265 168 0
265 168 78 0
168 78 265 0
78 265 265 0
265 265 265 0
265 265 168 0
265 168 3 0
168 3 78 0
3 78 78 0
78 78 265 0
78 265 265 0
265 265 265 0
265 265 3 0
265 3 265 0
3 265 78 0
265 78 3 0
78 3 265 0
3 265 265 0
265 265 3 0
265 3 168 0
3 168 3 0
168 3 3 0
3 3 78 0
3 78 265 0
78 265 78 0
265 78 168 0
78 168 168 0
168 168 265 0
168 265 168 0
265 168 265 0
168 265 3 0
265 3 265 0
3 265 265 0
265 265 78 0
265 78 168 0
78 168 3 0
168 3 3 0
3 3 168 0
3 168 3 0
168 3 3 0
3 3 265 0
3 265 78 0
265 78 168 0
78 168 265 0
168 265 168 0
265 168 265 0
168 265 168 0
265 168 3 0
168 3 168 0
3 168 168 0
168 168 78 0
168 78 168 0
78 168 3 0
168 3 3 0
3 3 168 0
3 168 78 0
168 78 78 0
78 78 78 0
78 78 265 0
78 265 78 0
265 78 265 0
78 265 265 0
265 265 78 0
265 78 265 0
78 265 265 0
265 265 168 0
265 168 168 0
168 168 168 0
168 168 3 0
168 3 3 0
3 3 78 0
3 78 168 0
78 168 168 0
168 168 3 0
168 3 78 0
3 78 265 0
78 265 265 0
265 265 168 0
265 168 78 0
168 78 78 0
78 78 168 0
78 168 3 0
168 3 168 0
3 168 265 0
168 265 168 0
265 168 265 0
168 265 3 0
265 3 3 0
3 3 78 0
3 78 168 0
78 168 265 0
168 265 168 0
265 168 265 0
168 265 3 0
265 3 168 0
3 168 78 0
168 78 265 0
78 265 78 0
265 78 78 0
78 78 168 0
78 168 265 0
168 265 78 0
265 78 168 0
78 168 3 0
168 3 168 0
3 168 78 0
168 78 265 0
78 265 3 0
265 3 3 0
3 3 3 0
3 3 3 0
3 3 168 0
3 168 168 0
168 168 168 0
168 168 265 0
168 265 168 0
265 168 265 0
168 265 265 0
265 265 265 0
265 265 168 0
265 168 168 0
168 168 265 0
168 265 168 0
265 168 168 0
168 168 3 0
168 3 168 0
3 168 265 0
168 265 292 0
265 292 168 0
292 168 292 0
168 292 3 0
292 3 265 0
3 265 265 0
265 265 168 0
265 168 292 0
168 292 168 0
292 168 3 0
168 3 3 0
3 3 168 0
3 168 168 0
168 168 168 0
168 168 168 0
168 168 3 0
168 3 168 0
3 168 168 0
168 168 3 0
168 3 146 0
3 146 168 0
146 168 265 0
168 265 265 0
265 265 3 0
265 3 3 0
3 3 3 0
3 3 168 0
3 168 292 0
168 292 168 0
292 168 265 0
new
311 78 240 0
78 240 240 0
240 240 240 0
240 240 240 0
240 240 240 0
240 240 78 0
240 78 240 0
78 240 265 0
240 265 102 0
265 102 102 0
102 102 102 0
102 102 13 0
102 13 102 0
13 102 102 0
102 102 102 0
102 102 102 0
102 102 6 0
102 6 5 0
6 5 197 0
5 197 192 0
197 192 3 0
192 3 3 0
3 3 6 0
3 6 91 0
6 91 5 0
91 5 197 0
5 197 192 0
197 192 3 0
192 3 3 0
3 3 6 0
3 6 91 0
6 91 240 0
91 240 195 0
240 195 102 0
195 102 102 0
102 102 78 0
102 78 168 0
78 168 102 0
168 102 168 0
102 168 54 0
168 54 102 0
54 102 6 0
102 6 102 0
6 102 102 0
102 102 102 0
102 102 102 0
102 102 102 0
102 102 102 0
102 102 102 0
102 102 102 0
102 102 102 0
102 102 102 0
102 102 102 0
102 102 102 0
102 102 102 0
102 102 102 0
102 102 102 0
102 102 102 0
102 102 102 0
102 102 102 0
102 102 102 0
102 102 102 0
102 102 102 0
102 102 102 0
102 102 102 0
102 102 102 0
102 102 102 0
102 102 102 0
102 102 102 0
102 102 102 0
102 102 102 0
102 102 102 0
102 102 102 0
102 102 102 0
102 102 102 0
102 102 6 0
102 6 265 0
6 265 78 0
265 78 78 0
78 78 265 0
78 265 102 0
265 102 102 0
102 102 102 0
102 102 13 0
102 13 102 0
13 102 102 0
102 102 102 0
102 102 102 0
102 102 6 0
102 6 195 0
6 195 5 0
195 5 197 0
5 197 192 0
197 192 3 0
192 3 3 0
3 3 6 0
3 6 91 0
6 91 195 0
91 195 102 0
195 102 102 0
102 102 78 0
102 78 168 0
78 168 102 0
168 102 168 0
102 168 54 0
168 54 102 0
54 102 6 0
102 6 102 0
6 102 102 0
102 102 102 0
102 102 102 0
102 102 102 0
102 102 102 0
102 102 102 0
102 102 102 0
102 102 102 0
102 102 102 0
102 102 102 0
102 102 102 0
102 102 102 0
102 102 102 0
102 102 102 0
102 102 102 0
102 102 102 0
102 102 102 0
102 102 102 0
102 102 102 0
102 102 102 0
102 102 102 0
102 102 102 0
102 102 102 0
102 102 102 0
102 102 102 0
102 102 102 0
102 102 102 0
102 102 102 0
102 102 102 0
102 102 102 0
102 102 102 0
102 102 102 0
102 102 6 0
102 6 265 0
6 265 78 0
265 78 78 0
78 78 265 0
78 265 102 0
265 102 102 0
102 102 102 0
102 102 13 0
102 13 102 0
13 102 102 0
102 102 102 0
102 102 102 0
102 102 6 0
102 6 195 0
6 195 5 0
195 5 197 0
5 197 192 0
197 192 3 0
192 3 3 0
3 3 6 0
3 6 91 0
6 91 195 0
91 195 102 0
195 102 102 0
102 102 78 0
102 78 168 0
78 168 102 0
168 102 168 0
102 168 54 0
168 54 102 0
54 102 6 0
102 6 265 0
6 265 78 0
265 78 78 0
78 78 265 0
78 265 102 0
265 102 102 0
102 102 102 0
102 102 13 0
102 13 102 0
13 102 102 0
102 102 102 0
102 102 102 0
102 102 6 0
102 6 195 0
6 195 5 0
195 5 197 0
5 197 192 0
197 192 3 0
192 3 3 0
3 3 6 0
3 6 91 0
6 91 195 0
91 195 102 0
195 102 102 0
102 102 78 0
102 78 168 0
78 168 102 0
168 102 168 0
102 168 54 0
168 54 102 0
54 102 6 0
102 6 265 0
6 265 78 0
265 78 78 0
78 78 265 0
78 265 102 0
265 102 102 0
102 102 102 0
102 102 13 0
102 13 102 0
13 102 102 0
102 102 102 0
102 102 102 0
102 102 6 0
102 6 195 0
6 195 5 0
195 5 197 0
5 197 192 0
197 192 3 0
192 3 3 0
3 3 6 0
3 6 91 0
6 91 195 0
91 195 102 0
195 102 102 0
102 102 78 0
102 78 168 0
78 168 102 0
168 102 168 0
102 168 54 0
168 54 102 0
54 102 6 0
102 6 265 0
6 265 78 0
265 78 78 0
78 78 78 0
78 78 265 0
78 265 240 0
265 240 78 0
240 78 240 0
78 240 265 0
240 265 102 0
265 102 102 0
102 102 102 0
102 102 13 0
102 13 102 0
13 102 102 0
102 102 102 0
102 102 102 0
102 102 6 0
102 6 195 0
6 195 5 0
195 5 197 0
5 197 192 0
197 192 3 0
192 3 3 0
3 3 6 0
3 6 91 0
6 91 195 0
91 195 102 0
195 102 102 0
102 102 78 0
102 78 168 0
78 168 102 0
168 102 168 0
102 168 54 0
168 54 102 0
54 102 6 0
102 6 102 0
6 102 102 0
102 102 102 0
102 102 102 0
102 102 102 0
102 102 102 0
102 102 102 0
102 102 102 0
102 102 102 0
102 102 102 0
102 102 102 0
102 102 102 0
102 102 102 0
102 102 102 0
102 102 102 0
102 102 102 0
102 102 102 0
102 102 102 0
102 102 102 0
102 102 102 0
102 102 102 0
102 102 102 0
102 102 102 0
102 102 102 0
102 102 102 0
102 102 102 0
102 102 102 0
102 102 102 0
102 102 102 0
102 102 102 0
102 102 102 0
102 102 102 0
102 102 102 0
102 102 6 0
102 6 265 0
6 265 78 0
265 78 78 0
78 78 78 0
78 78 265 0
78 265 240 0
265 240 78 0
240 78 240 0
78 240 265 0
240 265 102 0
265 102 102 0
102 102 102 0
102 102 13 0
102 13 102 0
13 102 102 0
102 102 102 0
102 102 102 0
102 102 6 0
102 6 195 0
6 195 5 0
195 5 197 0
5 197 192 0
197 192 3 0
192 3 3 0
3 3 6 0
3 6 91 0
6 91 195 0
91 195 102 0
195 102 102 0
102 102 78 0
102 78 168 0
78 168 102 0
168 102 168 0
102 168 54 0
168 54 102 0
54 102 6 0
102 6 102 0
6 102 102 0
102 102 102 0
102 102 102 0
102 102 102 0
102 102 102 0
102 102 102 0
102 102 102 0
102 102 102 0
102 102 6 0
102 6 265 0
6 265 78 0
265 78 265 0
78 265 78 0
265 78 78 0
78 78 265 0
78 265 240 0
265 240 78 0
240 78 240 0
78 240 265 0
240 265 102 0
265 102 102 0
102 102 102 0
102 102 13 0
102 13 102 0
13 102 102 0
102 102 102 0
102 102 102 0
102 102 6 0
102 6 195 0
6 195 5 0
195 5 197 0
5 197 192 0
197 192 3 0
192 3 3 0
3 3 6 0
3 6 91 0
6 91 195 0
91 195 102 0
195 102 102 0
102 102 78 0
102 78 168 0
78 168 102 0
168 102 168 0
102 168 54 0
168 54 102 0
54 102 6 0
102 6 102 0
6 102 102 0
102 102 102 0
102 102 102 0
102 102 102 0
102 102 102 0
102 102 102 0
102 102 102 0
102 102 102 0
102 102 6 0
102 6 265 0
6 265 78 0
265 78 78 0
78 78 78 0
78 78 265 0
new
6 11 45 0
11 45 33 0
45 33 192 0
33 192 33 0
192 33 5 0
33 5 197 0
5 197 192 0
197 192 6 0
192 6 33 0
6 33 5 0
33 5 3 0
5 3 197 0
3 197 192 0
197 192 192 0
192 192 192 0
192 192 6 0
192 6 192 0
6 192 243 0
192 243 125 0
243 125 125 0
125 125 125 0
125 125 91 0
125 91 45 0
91 45 45 0
45 45 102 0
45 102 102 0
102 102 6 0
102 6 102 0
6 102 102 0
102 102 6 0
102 6 5 0
6 5 197 0
5 197 192 0
197 192 3 0
192 3 3 0
3 3 6 0
3 6 91 0
6 91 5 0
91 5 197 0
5 197 192 0
197 192 6 0
192 6 33 0
6 33 5 0
33 5 3 0
5 3 197 0
3 197 192 0
197 192 192 0
192 192 6 0
192 6 33 0
6 33 5 0
33 5 3 0
5 3 197 0
3 197 192 0
197 192 192 0
192 192 192 0
192 192 6 0
192 6 125 0
6 125 125 0
125 125 91 0
125 91 5 0
91 5 197 0
5 197 192 0
197 192 6 0
192 6 33 0
6 33 5 0
33 5 3 0
5 3 197 0
3 197 192 0
197 192 192 0
192 192 6 0
192 6 33 0
6 33 5 0
33 5 3 0
5 3 197 0
3 197 192 0
197 192 192 0
192 192 6 0
192 6 125 0
6 125 125 0
125 125 91 0
125 91 5 0
91 5 221 0
5 221 140 0
221 140 197 0
140 197 192 0
197 192 140 0
192 140 91 0
140 91 6 0
91 6 102 0
6 102 102 0
102 102 6 0
102 6 102 0
6 102 102 0
102 102 6 0
102 6 5 0
6 5 140 0
5 140 197 0
140 197 192 0
197 192 140 0
192 140 91 0
140 91 6 0
91 6 300 0
6 300 298 0
300 298 6 0
298 6 6 0
new
311 240 240 0
240 240 240 0
240 240 240 0
240 240 240 0
240 240 265 0
240 265 221 0
265 221 197 0
221 197 265 0
197 265 140 0
265 140 3 0
140 3 265 0
3 265 265 0
265 265 140 0
265 140 3 0
140 3 265 0
3 265 265 0
265 265 140 0
265 140 3 0
140 3 265 0
3 265 265 0
265 265 265 0
265 265 265 0
265 265 265 0
265 265 221 0
265 221 265 0
221 265 265 0
265 265 4 0
265 4 265 0
4 265 221 0
265 221 197 0
221 197 221 0
197 221 265 0
221 265 265 0
265 265 265 0
265 265 221 0
265 221 197 0
221 197 265 0
197 265 140 0
265 140 3 0
140 3 265 0
3 265 265 0
265 265 265 0
265 265 265 0
265 265 265 0
265 265 221 0
265 221 265 0
221 265 265 0
265 265 265 0
265 265 221 0
265 221 197 0
221 197 221 0
197 221 265 0
221 265 265 0
265 265 240 0
265 240 265 0
240 265 221 0
265 221 240 0
221 240 265 0
240 265 221 0
265 221 221 0
221 221 221 0
221 221 265 0
221 265 140 0
265 140 3 0
140 3 265 0
3 265 265 0
265 265 140 0
265 140 3 0
140 3 265 0
3 265 221 0
265 221 265 0
221 265 265 0
265 265 265 0
265 265 221 0
265 221 221 0
221 221 265 0
221 265 265 0
265 265 265 0
265 265 221 0
265 221 221 0
221 221 265 0
221 265 265 0
265 265 265 0
265 265 221 0
265 221 221 0
221 221 265 0
221 265 265 0
265 265 265 0
265 265 221 0
265 221 221 0
221 221 265 0
221 265 265 0
265 265 265 0
265 265 221 0
265 221 221 0
221 221 265 0
221 265 265 0
265 265 265 0
265 265 221 0
265 221 221 0
221 221 265 0
221 265 265 0
265 265 265 0
265 265 221 0
265 221 221 0
221 221 265 0
221 265 265 0
265 265 265 0
265 265 221 0
265 221 221 0
221 221 265 0
221 265 265 0
265 265 265 0
265 265 221 0
265 221 221 0
221 221 265 0
221 265 265 0
265 265 265 0
265 265 221 0
265 221 221 0
221 221 265 0
221 265 265 0
265 265 265 0
265 265 221 0
265 221 221 0
221 221 265 0
221 265 265 0
265 265 265 0
265 265 221 0
265 221 221 0
221 221 265 0
221 265 265 0
265 265 265 0
265 265 221 0
265 221 221 0
221 221 265 0
221 265 265 0
265 265 265 0
265 265 221 0
265 221 221 0
221 221 265 0
221 265 265 0
265 265 265 0
265 265 221 0
265 221 221 0
221 221 265 0
221 265 265 0
265 265 265 0
265 265 221 0
265 221 221 0
221 221 265 0
221 265 265 0
265 265 265 0
265 265 221 0
265 221 221 0
221 221 265 0
221 265 265 0
265 265 265 0
265 265 221 0
265 221 221 0
221 221 265 0
221 265 265 0
265 265 265 0
265 265 221 0
265 221 221 0
221 221 265 0
221 265 265 0
265 265 265 0
265 265 221 0
265 221 221 0
221 221 265 0
221 265 265 0
265 265 265 0
265 265 221 0
265 221 221 0
221 221 265 0
221 265 265 0
265 265 265 0
265 265 221 0
265 221 221 0
221 221 265 0
221 265 265 0
265 265 240 0
265 240 240 0
240 240 265 0
240 265 221 0
265 221 221 0
221 221 265 0
221 265 265 0
265 265 265 0
265 265 221 0
265 221 221 0
221 221 265 0
221 265 265 0
265 265 265 0
265 265 221 0
265 221 221 0
221 221 265 0
221 265 265 0
265 265 240 0
265 240 240 0
240 240 265 0
240 265 221 0
265 221 221 0
221 221 265 0
221 265 265 0
265 265 4 0
265 4 265 0
4 265 221 0
265 221 221 0
221 221 265 0
221 265 265 0
265 265 265 0
265 265 221 0
265 221 221 0
221 221 265 0
221 265 265 0
265 265 265 0
265 265 221 0
265 221 221 0
221 221 265 0
221 265 265 0
265 265 265 0
265 265 221 0
265 221 221 0
221 221 265 0
221 265 265 0
265 265 265 0
265 265 221 0
265 221 221 0
221 221 265 0
221 265 265 0
265 265 265 0
265 265 221 0
265 221 221 0
221 221 265 0
221 265 265 0
265 265 265 0
265 265 221 0
265 221 221 0
221 221 265 0
221 265 265 0
265 265 265 0
265 265 221 0
265 221 221 0
221 221 265 0
221 265 265 0
265 265 265 0
265 265 221 0
265 221 221 0
221 221 265 0
221 265 265 0
265 265 265 0
265 265 221 0
265 221 221 0
221 221 265 0
221 265 265 0
265 265 265 0
265 265 221 0
265 221 221 0
221 221 265 0
221 265 265 0
265 265 265 0
265 265 221 0
265 221 221 0
221 221 265 0
221 265 265 0
265 265 265 0
265 265 221 0
265 221 221 0
221 221 265 0
221 265 265 0
265 265 265 0
265 265 221 0
265 221 221 0
221 221 265 0
221 265 265 0
265 265 265 0
265 265 221 0
265 221 221 0
221 221 265 0
221 265 265 0
265 265 265 0
265 265 221 0
265 221 221 0
221 221 265 0
221 265 265 0
265 265 221 0
265 221 265 0
221 265 265 0
265 265 265 0
265 265 221 0
265 221 221 0
221 221 265 0
221 265 265 0
265 265 265 0
265 265 221 0
265 221 221 0
221 221 265 0
221 265 265 0
265 265 265 0
265 265 221 0
265 221 221 0
221 221 265 0
221 265 265 0
265 265 265 0
265 265 221 0
265 221 221 0
221 221 265 0
221 265 265 0
265 265 265 0
265 265 221 0
265 221 221 0
221 221 265 0
221 265 265 0
265 265 265 0
265 265 221 0
265 221 221 0
221 221 265 0
221 265 265 0
265 265 265 0
265 265 221 0
265 221 221 0
221 221 265 0
221 265 265 0
265 265 265 0
265 265 221 0
265 221 221 0
221 221 265 0
221 265 265 0
265 265 265 0
265 265 221 0
265 221 221 0
221 221 265 0
221 265 265 0
265 265 265 0
265 265 221 0
265 221 221 0
221 221 265 0
221 265 265 0
265 265 265 0
265 265 221 0
265 221 221 0
221 221 265 0
221 265 265 0
265 265 265 0
265 265 221 0
265 221 221 0
221 221 265 0
221 265 265 0
265 265 265 0
265 265 221 0
265 221 221 0
221 221 265 0
221 265 265 0
265 265 265 0
265 265 221 0
265 221 221 0
221 221 265 0
221 265 265 0
265 265 265 0
265 265 221 0
265 221 221 0
221 221 265 0
221 265 265 0
265 265 265 0
265 265 221 0
265 221 221 0
221 221 265 0
221 265 265 0
265 265 265 0
265 265 221 0
265 221 221 0
221 221 265 0
221 265 265 0
265 265 265 0
265 265 221 0
265 221 221 0
221 221 265 0
221 265 265 0
265 265 265 0
265 265 221 0
265 221 221 0
221 221 265 0
221 265 265 0
265 265 240 0
265 240 240 0
240 240 265 0
240 265 221 0
265 221 221 0
221 221 265 0
221 265 265 0
265 265 4 0
265 4 265 0
4 265 221 0
265 221 221 0
221 221 265 0
221 265 265 0
265 265 265 0
265 265 221 0
265 221 221 0
221 221 265 0
221 265 265 0
265 265 265 0
265 265 221 0
265 221 221 0
221 221 265 0
221 265 265 0
265 265 265 0
265 265 221 0
265 221 221 0
221 221 265 0
221 265 265 0
265 265 265 0
265 265 221 0
265 221 221 0
221 221 265 0
221 265 265 0
265 265 4 0
265 4 265 0
4 265 221 0
265 221 221 0
221 221 265 0
221 265 265 0
265 265 265 0
265 265 221 0
265 221 221 0
221 221 265 0
221 265 265 0
265 265 265 0
265 265 221 0
265 221 221 0
221 221 265 0
221 265 265 0
265 265 265 0
265 265 221 0
265 221 221 0
221 221 265 0
221 265 265 0
265 265 265 0
265 265 221 0
265 221 221 0
221 221 265 0
221 265 265 0
265 265 265 0
265 265 221 0
265 221 265 0
221 265 140 0
265 140 3 0
140 3 265 0
3 265 265 0
265 265 140 0
265 140 3 0
140 3 265 0
3 265 265 0
265 265 265 0
265 265 265 0
265 265 265 0
265 265 221 0
265 221 265 0
221 265 265 0
265 265 265 0
265 265 221 0
265 221 221 0
221 221 265 0
221 265 265 0
265 265 265 0
265 265 221 0
265 221 221 0
221 221 265 0
221 265 265 0
265 265 265 0
265 265 221 0
265 221 221 0
221 221 265 0
221 265 265 0
265 265 265 0
265 265 221 0
265 221 221 0
221 221 265 0
221 265 265 0
265 265 265 0
265 265 221 0
265 221 221 0
221 221 265 0
221 265 265 0
265 265 240 0
265 240 240 0
240 240 265 0
240 265 221 0
265 221 221 0
221 221 221 0
221 221 265 0
221 265 140 0
265 140 3 0
140 3 265 0
3 265 265 0
265 265 140 0
265 140 3 0
140 3 265 0
3 265 221 0
265 221 265 0
221 265 265 0
265 265 240 0
265 240 240 0
240 240 265 0
240 265 221 0
265 221 265 0
221 265 140 0
265 140 3 0
140 3 265 0
3 265 265 0
265 265 140 0
265 140 3 0
140 3 265 0
3 265 221 0
265 221 265 0
221 265 265 0
265 265 265 0
265 265 221 0
265 221 221 0
221 221 221 0
221 221 265 0
221 265 140 0
265 140 3 0
140 3 265 0
3 265 265 0
265 265 140 0
265 140 3 0
140 3 265 0
3 265 221 0
265 221 265 0
221 265 265 0
265 265 240 0
265 240 240 0
240 240 265 0
240 265 221 0
265 221 221 0
221 221 265 0
221 265 265 0
265 265 265 0
265 265 221 0
265 221 221 0
221 221 265 0
221 265 265 0
265 265 240 0
265 240 240 0
240 240 265 0
240 265 221 0
265 221 221 0
221 221 265 0
221 265 265 0
265 265 4 0
265 4 240 0
4 240 240 0
240 240 265 0
240 265 221 0
265 221 265 0
221 265 140 0
265 140 3 0
140 3 265 0
3 265 265 0
265 265 140 0
265 140 3 0
140 3 265 0
3 265 265 0
265 265 265 0
265 265 265 0
265 265 265 0
265 265 221 0
265 221 265 0
221 265 265 0
265 265 265 0
265 265 221 0
265 221 221 0
221 221 265 0
221 265 265 0
265 265 265 0
265 265 221 0
265 221 221 0
221 221 265 0
221 265 265 0
265 265 265 0
265 265 221 0
265 221 221 0
221 221 265 0
221 265 265 0
265 265 265 0
265 265 221 0
265 221 221 0
221 221 265 0
221 265 265 0
265 265 265 0
265 265 221 0
265 221 221 0
221 221 265 0
221 265 265 0
265 265 265 0
265 265 221 0
265 221 221 0
221 221 265 0
221 265 265 0
265 265 265 0
265 265 221 0
265 221 221 0
221 221 265 0
221 265 265 0
265 265 265 0
265 265 221 0
265 221 221 0
221 221 265 0
221 265 265 0
265 265 265 0
265 265 221 0
265 221 221 0
221 221 265 0
221 265 265 0
265 265 265 0
265 265 221 0
265 221 221 0
221 221 265 0
221 265 265 0
265 265 265 0
265 265 221 0
265 221 221 0
221 221 265 0
221 265 265 0
265 265 265 0
265 265 221 0
265 221 221 0
221 221 265 0
221 265 265 0
265 265 265 0
265 265 221 0
265 221 221 0
221 221 265 0
221 265 265 0
265 265 265 0
265 265 221 0
265 221 221 0
221 221 265 0
221 265 265 0
265 265 265 0
265 265 221 0
265 221 221 0
221 221 265 0
221 265 265 0
265 265 265 0
265 265 221 0
265 221 221 0
221 221 265 0
221 265 265 0
265 265 265 0
265 265 221 0
265 221 221 0
221 221 265 0
221 265 265 0
265 265 265 0
265 265 221 0
265 221 221 0
221 221 265 0
221 265 265 0
265 265 240 0
265 240 240 0
240 240 265 0
240 265 221 0
265 221 221 0
221 221 265 0
221 265 265 0
265 265 240 0
265 240 240 0
240 240 265 0
240 265 221 0
265 221 221 0
221 221 265 0
221 265 265 0
new
240 195 195 0
195 195 195 0
195 195 180 0
195 180 78 0
180 78 142 0
78 142 4 0
142 4 10 0
4 10 181 0
10 181 180 0
181 180 118 0
180 118 240 0
118 240 195 0
240 195 195 0
195 195 142 0
195 142 181 0
142 181 181 0
181 181 181 0
181 181 181 0
181 181 181 0
181 181 181 0
181 181 181 0
181 181 181 0
181 181 181 0
181 181 181 0
181 181 118 0
181 118 180 0
118 180 38 0
180 38 4 0
38 4 195 0
4 195 195 0
195 195 78 0
195 78 142 0
78 142 240 0
142 240 240 0
240 240 240 0
240 240 4 0
240 4 78 0
4 78 195 0
78 195 195 0
195 195 195 0
195 195 78 0
195 78 142 0
78 142 118 0
142 118 180 0
118 180 118 0
180 118 180 0
118 180 240 0
180 240 78 0
240 78 240 0
78 240 142 0
240 142 78 0
142 78 142 0
78 142 78 0
142 78 181 0
78 181 181 0
181 181 181 0
181 181 10 0
181 10 118 0
10 118 118 0
118 118 118 0
118 118 118 0
118 118 240 0
118 240 240 0
240 240 240 0
240 240 240 0
240 240 240 0
240 240 240 0
240 240 142 0
240 142 142 0
142 142 142 0
142 142 78 0
142 78 142 0
78 142 142 0
142 142 142 0
142 142 181 0
142 181 181 0
181 181 118 0
181 118 118 0
118 118 118 0
118 118 118 0
118 118 5 0
118 5 180 0
5 180 78 0
180 78 142 0
78 142 142 0
142 142 78 0
142 78 142 0
78 142 118 0
142 118 118 0
118 118 142 0
118 142 142 0
142 142 142 0
142 142 78 0
142 78 181 0
78 181 181 0
181 181 181 0
181 181 118 0
181 118 38 0
118 38 5 0
38 5 4 0
5 4 142 0
4 142 142 0
142 142 78 0
142 78 181 0
78 181 180 0
181 180 181 0
180 181 180 0
181 180 181 0
180 181 118 0
181 118 118 0
118 118 6 0
118 6 240 0
6 240 240 0
240 240 240 0
240 240 240 0
240 240 240 0
240 240 240 0
240 240 240 0
240 240 142 0
240 142 78 0
142 78 78 0
78 78 78 0
78 78 78 0
78 78 118 0
78 118 118 0
118 118 118 0
118 118 118 0
118 118 142 0
118 142 142 0
142 142 142 0
142 142 142 0
142 142 142 0
142 142 78 0
142 78 195 0
78 195 4 0
195 4 10 0
4 10 180 0
10 180 181 0
180 181 181 0
181 181 181 0
181 181 181 0
181 181 10 0
181 10 118 0
10 118 38 0
118 38 118 0
38 118 118 0
118 118 118 0
118 118 180 0
118 180 78 0
180 78 142 0
78 142 142 0
142 142 181 0
142 181 181 0
181 181 118 0
181 118 240 0
118 240 195 0
240 195 240 0
195 240 10 0
240 10 142 0
10 142 78 0
142 78 142 0
78 142 142 0
142 142 78 0
142 78 195 0
78 195 78 0
195 78 180 0
new
