175 174 174 0
174 174 174 0
174 174 63 0
174 63 6 0
63 6 195 0
6 195 195 0
195 195 195 0
195 195 195 0
195 195 195 0
195 195 195 0
195 195 195 0
195 195 195 0
195 195 195 0
195 195 201 0
195 201 202 0
201 202 199 0
202 199 200 0
199 200 33 0
200 33 195 0
33 195 201 0
195 201 202 0
201 202 199 0
202 199 200 0
199 200 33 0
200 33 195 0
33 195 195 0
195 195 201 0
195 201 202 0
201 202 199 0
202 199 200 0
199 200 33 0
200 33 195 0
33 195 201 0
195 201 202 0
201 202 199 0
202 199 200 0
199 200 33 0
200 33 174 0
33 174 174 0
174 174 174 0
174 174 174 0
174 174 174 0
174 174 174 0
174 174 174 0
174 174 174 0
174 174 174 0
174 174 174 0
174 174 174 0
174 174 174 0
174 174 174 0
174 174 174 0
174 174 174 0
174 174 174 0
174 174 174 0
174 174 174 0
174 174 174 0
174 174 11 0
174 11 45 0
11 45 33 0
45 33 192 0
33 192 33 0
192 33 5 0
33 5 197 0
5 197 192 0
197 192 6 0
192 6 33 0
6 33 5 0
33 5 3 0
5 3 197 0
3 197 192 0
197 192 192 0
192 192 6 0
192 6 33 0
6 33 5 0
33 5 3 0
5 3 197 0
3 197 192 0
197 192 192 0
192 192 192 0
192 192 6 0
192 6 33 0
6 33 5 0
33 5 3 0
5 3 197 0
3 197 192 0
197 192 192 0
192 192 192 0
192 192 6 0
192 6 192 0
6 192 243 0
192 243 125 0
243 125 125 0
125 125 125 0
125 125 125 0
125 125 125 0
125 125 91 0
125 91 268 0
91 268 45 0
268 45 45 0
45 45 5 0
45 5 197 0
5 197 192 0
197 192 3 0
192 3 3 0
3 3 6 0
3 6 91 0
6 91 5 0
91 5 197 0
5 197 192 0
197 192 192 0
192 192 6 0
192 6 5 0
6 5 5 0
5 5 5 0
5 5 197 0
5 197 192 0
197 192 3 0
192 3 3 0
3 3 3 0
3 3 3 0
3 3 3 0
3 3 3 0
3 3 3 0
3 3 3 0
3 3 3 0
3 3 3 0
3 3 3 0
3 3 3 0
3 3 3 0
3 3 3 0
3 3 3 0
3 3 6 0
3 6 91 0
6 91 221 0
91 221 197 0
221 197 192 0
197 192 140 0
192 140 3 0
140 3 197 0
3 197 192 0
197 192 3 0
192 3 6 0
3 6 91 0
6 91 4 0
91 4 6 0
4 6 91 0
6 91 6 0
new
6 11 45 0
11 45 33 0
45 33 192 0
33 192 33 0
192 33 5 0
33 5 197 0
5 197 192 0
197 192 6 0
192 6 33 0
6 33 5 0
33 5 3 0
5 3 197 0
3 197 192 0
197 192 192 0
192 192 192 0
192 192 6 0
192 6 192 0
6 192 243 0
192 243 125 0
243 125 125 0
125 125 125 0
125 125 91 0
125 91 45 0
91 45 45 0
45 45 102 0
45 102 102 0
102 102 6 0
102 6 102 0
6 102 102 0
102 102 6 0
102 6 5 0
6 5 197 0
5 197 192 0
197 192 3 0
192 3 3 0
3 3 6 0
3 6 91 0
6 91 5 0
91 5 197 0
5 197 192 0
197 192 6 0
192 6 33 0
6 33 5 0
33 5 3 0
5 3 197 0
3 197 192 0
197 192 192 0
192 192 6 0
192 6 33 0
6 33 5 0
33 5 3 0
5 3 197 0
3 197 192 0
197 192 192 0
192 192 192 0
192 192 6 0
192 6 125 0
6 125 125 0
125 125 91 0
125 91 5 0
91 5 197 0
5 197 192 0
197 192 6 0
192 6 33 0
6 33 5 0
33 5 3 0
5 3 197 0
3 197 192 0
197 192 192 0
192 192 6 0
192 6 33 0
6 33 5 0
33 5 3 0
5 3 197 0
3 197 192 0
197 192 192 0
192 192 6 0
192 6 125 0
6 125 125 0
125 125 91 0
125 91 5 0
91 5 221 0
5 221 140 0
221 140 197 0
140 197 192 0
197 192 140 0
192 140 91 0
140 91 6 0
91 6 102 0
6 102 102 0
102 102 6 0
102 6 102 0
6 102 102 0
102 102 6 0
102 6 5 0
6 5 140 0
5 140 197 0
140 197 192 0
197 192 140 0
192 140 91 0
140 91 6 0
91 6 300 0
6 300 298 0
300 298 6 0
298 6 6 0
new
6 221 221 0
221 221 66 0
221 66 6 0
66 6 6 0
6 6 6 0
6 6 5 0
6 5 41 0
5 41 41 0
41 41 60 0
41 60 97 0
60 97 12 0
97 12 174 0
12 174 174 0
174 174 174 0
174 174 174 0
174 174 174 0
174 174 174 0
174 174 174 0
174 174 174 0
174 174 174 0
174 174 174 0
174 174 174 0
174 174 174 0
174 174 174 0
174 174 174 0
174 174 174 0
174 174 174 0
174 174 174 0
174 174 174 0
174 174 174 0
174 174 174 0
174 174 174 0
174 174 174 0
174 174 174 0
174 174 174 0
174 174 174 0
174 174 174 0
174 174 174 0
174 174 174 0
174 174 174 0
174 174 174 0
174 174 174 0
174 174 175 0
174 175 11 0
175 11 45 0
11 45 33 0
45 33 192 0
33 192 33 0
192 33 5 0
33 5 197 0
5 197 192 0
197 192 6 0
192 6 33 0
6 33 5 0
33 5 3 0
5 3 197 0
3 197 192 0
197 192 192 0
192 192 192 0
192 192 6 0
192 6 192 0
6 192 243 0
192 243 125 0
243 125 125 0
125 125 125 0
125 125 91 0
125 91 20 0
91 20 174 0
20 174 201 0
174 201 45 0
201 45 45 0
45 45 64 0
45 64 183 0
64 183 5 0
183 5 221 0
5 221 6 0
221 6 221 0
6 221 174 0
221 174 174 0
174 174 174 0
174 174 174 0
174 174 174 0
174 174 174 0
174 174 3 0
174 3 195 0
3 195 195 0
195 195 195 0
195 195 195 0
195 195 195 0
195 195 195 0
195 195 195 0
195 195 120 0
195 120 114 0
120 114 195 0
114 195 120 0
195 120 114 0
120 114 195 0
114 195 120 0
195 120 114 0
120 114 114 0
114 114 195 0
114 195 5 0
195 5 221 0
5 221 6 0
221 6 221 0
6 221 63 0
221 63 195 0
63 195 120 0
195 120 6 0
120 6 221 0
6 221 6 0
221 6 221 0
6 221 63 0
221 63 195 0
63 195 195 0
195 195 195 0
195 195 195 0
195 195 195 0
195 195 4 0
195 4 63 0
4 63 6 0
63 6 63 0
6 63 6 0
63 6 195 0
6 195 201 0
195 201 42 0
201 42 120 0
42 120 6 0
120 6 3 0
6 3 6 0
3 6 114 0
6 114 3 0
new
174 6 6 0
6 6 6 0
6 6 5 0
6 5 220 0
5 220 221 0
220 221 221 0
221 221 221 0
221 221 221 0
221 221 221 0
221 221 221 0
221 221 221 0
221 221 221 0
221 221 221 0
221 221 221 0
221 221 221 0
221 221 221 0
221 221 221 0
221 221 221 0
221 221 221 0
221 221 221 0
221 221 221 0
221 221 221 0
221 221 221 0
221 221 221 0
221 221 221 0
221 221 221 0
221 221 221 0
221 221 221 0
221 221 220 0
221 220 6 0
220 6 5 0
6 5 63 0
5 63 6 0
63 6 63 0
6 63 6 0
63 6 63 0
6 63 6 0
63 6 11 0
6 11 11 0
11 11 11 0
11 11 11 0
11 11 11 0
11 11 45 0
11 45 33 0
45 33 192 0
33 192 33 0
192 33 5 0
33 5 197 0
5 197 192 0
197 192 6 0
192 6 33 0
6 33 5 0
33 5 3 0
5 3 197 0
3 197 192 0
197 192 125 0
192 125 192 0
125 192 6 0
192 6 33 0
6 33 5 0
33 5 3 0
5 3 197 0
3 197 192 0
197 192 192 0
192 192 6 0
192 6 33 0
6 33 5 0
33 5 3 0
5 3 197 0
3 197 192 0
197 192 192 0
192 192 192 0
192 192 6 0
192 6 33 0
6 33 5 0
33 5 3 0
5 3 197 0
3 197 192 0
197 192 192 0
192 192 192 0
192 192 6 0
192 6 33 0
6 33 5 0
33 5 3 0
5 3 197 0
3 197 192 0
197 192 192 0
192 192 192 0
192 192 6 0
192 6 33 0
6 33 5 0
33 5 3 0
5 3 197 0
3 197 192 0
197 192 192 0
192 192 192 0
192 192 6 0
192 6 33 0
6 33 5 0
33 5 3 0
5 3 197 0
3 197 192 0
197 192 125 0
192 125 192 0
125 192 192 0
192 192 6 0
192 6 33 0
6 33 5 0
33 5 3 0
5 3 197 0
3 197 192 0
197 192 192 0
192 192 192 0
192 192 6 0
192 6 33 0
6 33 5 0
33 5 3 0
5 3 197 0
3 197 192 0
197 192 192 0
192 192 6 0
192 6 33 0
6 33 5 0
33 5 3 0
5 3 197 0
3 197 192 0
197 192 192 0
192 192 6 0
192 6 33 0
6 33 5 0
33 5 3 0
5 3 197 0
3 197 192 0
197 192 192 0
192 192 6 0
192 6 33 0
6 33 5 0
33 5 3 0
5 3 197 0
3 197 192 0
197 192 192 0
192 192 6 0
192 6 33 0
6 33 5 0
33 5 3 0
5 3 197 0
3 197 192 0
197 192 192 0
192 192 192 0
192 192 6 0
192 6 33 0
6 33 5 0
33 5 3 0
5 3 197 0
3 197 192 0
197 192 192 0
192 192 6 0
192 6 33 0
6 33 5 0
33 5 3 0
5 3 197 0
3 197 192 0
197 192 192 0
192 192 6 0
192 6 33 0
6 33 5 0
33 5 3 0
5 3 197 0
3 197 192 0
197 192 192 0
192 192 192 0
192 192 6 0
192 6 33 0
6 33 5 0
33 5 3 0
5 3 197 0
3 197 192 0
197 192 192 0
192 192 6 0
192 6 192 0
6 192 192 0
192 192 192 0
192 192 243 0
192 243 125 0
243 125 125 0
125 125 125 0
125 125 125 0
125 125 125 0
125 125 125 0
125 125 125 0
125 125 125 0
125 125 125 0
125 125 125 0
125 125 125 0
125 125 125 0
125 125 125 0
125 125 125 0
125 125 125 0
125 125 125 0
125 125 125 0
125 125 125 0
125 125 125 0
125 125 91 0
125 91 258 0
91 258 311 0
258 311 240 0
311 240 240 0
240 240 174 0
240 174 174 0
174 174 175 0
174 175 191 0
175 191 122 0
191 122 268 0
122 268 45 0
268 45 45 0
45 45 5 0
45 5 197 0
5 197 192 0
197 192 3 0
192 3 3 0
3 3 6 0
3 6 91 0
6 91 240 0
91 240 5 0
240 5 197 0
5 197 192 0
197 192 192 0
192 192 6 0
192 6 155 0
6 155 157 0
155 157 266 0
157 266 160 0
266 160 159 0
160 159 159 0
159 159 78 0
159 78 5 0
78 5 5 0
5 5 197 0
5 197 192 0
197 192 3 0
192 3 3 0
3 3 6 0
3 6 91 0
6 91 5 0
91 5 197 0
5 197 192 0
197 192 3 0
192 3 3 0
3 3 6 0
3 6 91 0
6 91 5 0
91 5 5 0
5 5 5 0
5 5 5 0
5 5 5 0
5 5 5 0
5 5 5 0
5 5 5 0
5 5 174 0
5 174 102 0
174 102 221 0
102 221 221 0
221 221 221 0
221 221 102 0
221 102 201 0
102 201 202 0
201 202 201 0
202 201 202 0
201 202 168 0
202 168 102 0
168 102 168 0
102 168 102 0
168 102 168 0
102 168 102 0
168 102 168 0
102 168 102 0
168 102 168 0
102 168 102 0
168 102 168 0
102 168 102 0
168 102 168 0
102 168 102 0
168 102 168 0
102 168 102 0
168 102 331 0
102 331 160 0
331 160 159 0
160 159 192 0
159 192 125 0
192 125 120 0
125 120 158 0
120 158 158 0
158 158 158 0
158 158 158 0
158 158 158 0
158 158 158 0
158 158 158 0
158 158 158 0
158 158 158 0
158 158 158 0
158 158 158 0
158 158 158 0
158 158 158 0
158 158 158 0
158 158 331 0
158 331 4 0
331 4 240 0
4 240 240 0
240 240 266 0
240 266 265 0
266 265 240 0
265 240 265 0
240 265 168 0
265 168 3 0
168 3 6 0
3 6 6 0
6 6 331 0
6 331 192 0
331 192 91 0
192 91 91 0
91 91 125 0
91 125 265 0
125 265 240 0
265 240 265 0
240 265 168 0
265 168 3 0
168 3 6 0
3 6 6 0
6 6 4 0
6 4 240 0
4 240 240 0
240 240 240 0
240 240 6 0
240 6 5 0
6 5 102 0
5 102 102 0
102 102 6 0
102 6 102 0
6 102 102 0
102 102 6 0
102 6 5 0
6 5 197 0
5 197 192 0
197 192 3 0
192 3 3 0
3 3 6 0
3 6 91 0
6 91 5 0
91 5 197 0
5 197 192 0
197 192 6 0
192 6 33 0
6 33 5 0
33 5 3 0
5 3 197 0
3 197 192 0
197 192 192 0
192 192 6 0
192 6 33 0
6 33 5 0
33 5 3 0
5 3 197 0
3 197 192 0
197 192 192 0
192 192 192 0
192 192 6 0
192 6 125 0
6 125 125 0
125 125 91 0
125 91 5 0
91 5 197 0
5 197 192 0
197 192 6 0
192 6 33 0
6 33 5 0
33 5 3 0
5 3 197 0
3 197 192 0
197 192 192 0
192 192 6 0
192 6 33 0
6 33 5 0
33 5 3 0
5 3 197 0
3 197 192 0
197 192 192 0
192 192 6 0
192 6 125 0
6 125 125 0
125 125 91 0
125 91 5 0
91 5 221 0
5 221 140 0
221 140 197 0
140 197 192 0
197 192 140 0
192 140 91 0
140 91 6 0
91 6 199 0
6 199 122 0
199 122 5 0
122 5 174 0
5 174 331 0
174 331 42 0
331 42 221 0
42 221 195 0
221 195 199 0
195 199 199 0
199 199 39 0
199 39 195 0
39 195 199 0
195 199 199 0
199 199 30 0
199 30 199 0
30 199 5 0
199 5 3 0
5 3 6 0
3 6 78 0
6 78 78 0
78 78 78 0
78 78 199 0
78 199 102 0
199 102 221 0
102 221 221 0
221 221 199 0
221 199 102 0
199 102 146 0
102 146 168 0
146 168 3 0
168 3 3 0
3 3 78 0
3 78 78 0
78 78 102 0
78 102 102 0
102 102 102 0
102 102 199 0
102 199 102 0
199 102 221 0
102 221 221 0
221 221 102 0
221 102 146 0
102 146 168 0
146 168 102 0
168 102 221 0
102 221 221 0
221 221 168 0
221 168 3 0
168 3 3 0
3 3 146 0
3 146 168 0
146 168 3 0
168 3 3 0
3 3 146 0
3 146 168 0
146 168 3 0
168 3 3 0
3 3 197 0
3 197 192 0
197 192 4 0
192 4 146 0
4 146 6 0
146 6 146 0
6 146 6 0
146 6 6 0
6 6 6 0
6 6 10 0
6 10 6 0
new
175 174 174 0
174 174 174 0
174 174 63 0
174 63 6 0
63 6 195 0
6 195 195 0
195 195 195 0
195 195 195 0
195 195 195 0
195 195 195 0
195 195 195 0
195 195 195 0
195 195 195 0
195 195 201 0
195 201 202 0
201 202 199 0
202 199 200 0
199 200 33 0
200 33 195 0
33 195 201 0
195 201 202 0
201 202 199 0
202 199 200 0
199 200 33 0
200 33 195 0
33 195 195 0
195 195 201 0
195 201 202 0
201 202 199 0
202 199 200 0
199 200 33 0
200 33 195 0
33 195 201 0
195 201 202 0
201 202 199 0
202 199 200 0
199 200 33 0
200 33 174 0
33 174 174 0
174 174 174 0
174 174 174 0
174 174 174 0
174 174 174 0
174 174 174 0
174 174 174 0
174 174 174 0
174 174 174 0
174 174 174 0
174 174 174 0
174 174 174 0
174 174 174 0
174 174 174 0
174 174 174 0
174 174 174 0
174 174 174 0
174 174 174 0
174 174 11 0
174 11 45 0
11 45 33 0
45 33 192 0
33 192 33 0
192 33 5 0
33 5 197 0
5 197 192 0
197 192 6 0
192 6 33 0
6 33 5 0
33 5 3 0
5 3 197 0
3 197 192 0
197 192 192 0
192 192 6 0
192 6 33 0
6 33 5 0
33 5 3 0
5 3 197 0
3 197 192 0
197 192 192 0
192 192 192 0
192 192 6 0
192 6 33 0
6 33 5 0
33 5 3 0
5 3 197 0
3 197 192 0
197 192 192 0
192 192 192 0
192 192 6 0
192 6 192 0
6 192 243 0
192 243 125 0
243 125 125 0
125 125 125 0
125 125 125 0
125 125 125 0
125 125 91 0
125 91 268 0
91 268 45 0
268 45 45 0
45 45 5 0
45 5 197 0
5 197 192 0
197 192 3 0
192 3 3 0
3 3 6 0
3 6 91 0
6 91 5 0
91 5 197 0
5 197 192 0
197 192 192 0
192 192 6 0
192 6 5 0
6 5 5 0
5 5 5 0
5 5 197 0
5 197 192 0
197 192 3 0
192 3 3 0
3 3 3 0
3 3 3 0
3 3 3 0
3 3 3 0
3 3 3 0
3 3 3 0
3 3 3 0
3 3 3 0
3 3 3 0
3 3 3 0
3 3 3 0
3 3 3 0
3 3 3 0
3 3 6 0
3 6 91 0
6 91 221 0
91 221 197 0
221 197 192 0
197 192 140 0
192 140 3 0
140 3 197 0
3 197 192 0
197 192 3 0
192 3 6 0
3 6 91 0
6 91 4 0
91 4 6 0
4 6 91 0
6 91 6 0
new
175 174 174 0
174 174 174 0
174 174 63 0
174 63 6 0
63 6 195 0
6 195 195 0
195 195 195 0
195 195 195 0
195 195 195 0
195 195 195 0
195 195 195 0
195 195 195 0
195 195 195 0
195 195 201 0
195 201 202 0
201 202 199 0
202 199 200 0
199 200 33 0
200 33 195 0
33 195 201 0
195 201 202 0
201 202 199 0
202 199 200 0
199 200 33 0
200 33 195 0
33 195 195 0
195 195 201 0
195 201 202 0
201 202 199 0
202 199 200 0
199 200 33 0
200 33 195 0
33 195 201 0
195 201 202 0
201 202 199 0
202 199 200 0
199 200 33 0
200 33 174 0
33 174 174 0
174 174 174 0
174 174 174 0
174 174 174 0
174 174 174 0
174 174 174 0
174 174 174 0
174 174 174 0
174 174 174 0
174 174 174 0
174 174 174 0
174 174 174 0
174 174 174 0
174 174 174 0
174 174 174 0
174 174 174 0
174 174 174 0
174 174 174 0
174 174 11 0
174 11 45 0
11 45 33 0
45 33 192 0
33 192 33 0
192 33 5 0
33 5 197 0
5 197 192 0
197 192 6 0
192 6 33 0
6 33 5 0
33 5 3 0
5 3 197 0
3 197 192 0
197 192 192 0
192 192 6 0
192 6 33 0
6 33 5 0
33 5 3 0
5 3 197 0
3 197 192 0
197 192 192 0
192 192 192 0
192 192 6 0
192 6 33 0
6 33 5 0
33 5 3 0
5 3 197 0
3 197 192 0
197 192 192 0
192 192 192 0
192 192 6 0
192 6 192 0
6 192 243 0
192 243 125 0
243 125 125 0
125 125 125 0
125 125 125 0
125 125 125 0
125 125 91 0
125 91 268 0
91 268 45 0
268 45 45 0
45 45 5 0
45 5 197 0
5 197 192 0
197 192 3 0
192 3 3 0
3 3 6 0
3 6 91 0
6 91 5 0
91 5 197 0
5 197 192 0
197 192 192 0
192 192 6 0
192 6 5 0
6 5 5 0
5 5 5 0
5 5 197 0
5 197 192 0
197 192 3 0
192 3 3 0
3 3 3 0
3 3 3 0
3 3 3 0
3 3 3 0
3 3 3 0
3 3 3 0
3 3 3 0
3 3 3 0
3 3 3 0
3 3 3 0
3 3 3 0
3 3 3 0
3 3 3 0
3 3 6 0
3 6 91 0
6 91 221 0
91 221 197 0
221 197 192 0
197 192 140 0
192 140 3 0
140 3 197 0
3 197 192 0
197 192 3 0
192 3 6 0
3 6 91 0
6 91 4 0
91 4 6 0
4 6 91 0
6 91 6 0
new
265 102 102 0
102 102 168 0
102 168 265 0
168 265 168 0
265 168 265 0
168 265 168 0
265 168 168 0
168 168 3 0
168 3 3 0
3 3 168 0
3 168 265 0
168 265 168 0
265 168 146 0
168 146 168 0
146 168 3 0
168 3 168 0
3 168 168 0
168 168 265 0
168 265 168 0
265 168 265 0
168 265 265 0
265 265 168 0
265 168 265 0
168 265 3 0
265 3 168 0
3 168 265 0
168 265 265 0
265 265 102 0
265 102 3 0
102 3 168 0
3 168 3 0
168 3 3 0
3 3 265 0
3 265 265 0
265 265 168 0
265 168 3 0
168 3 168 0
3 168 265 0
168 265 168 0
265 168 102 0
168 102 102 0
102 102 265 0
102 265 168 0
265 168 265 0
168 265 102 0
265 102 3 0
102 3 265 0
3 265 3 0
265 3 102 0
3 102 265 0
102 265 265 0
265 265 265 0
265 265 168 0
265 168 102 0
168 102 265 0
102 265 146 0
265 146 168 0
146 168 168 0
168 168 168 0
168 168 168 0
168 168 265 0
168 265 102 0
265 102 265 0
102 265 168 0
265 168 265 0
168 265 102 0
265 102 168 0
102 168 3 0
168 3 168 0
3 168 265 0
168 265 168 0
265 168 168 0
168 168 3 0
168 3 265 0
3 265 3 0
265 3 265 0
3 265 265 0
265 265 168 0
265 168 168 0
168 168 3 0
168 3 265 0
3 265 3 0
265 3 265 0
3 265 168 0
265 168 265 0
new
6 6 63 0
6 63 6 0
63 6 11 0
6 11 11 0
11 11 11 0
11 11 11 0
11 11 11 0
11 11 45 0
11 45 33 0
45 33 192 0
33 192 33 0
192 33 5 0
33 5 197 0
5 197 192 0
197 192 6 0
192 6 33 0
6 33 5 0
33 5 3 0
5 3 197 0
3 197 192 0
197 192 192 0
192 192 192 0
192 192 6 0
192 6 33 0
6 33 5 0
33 5 3 0
5 3 197 0
3 197 192 0
197 192 192 0
192 192 6 0
192 6 33 0
6 33 5 0
33 5 3 0
5 3 197 0
3 197 192 0
197 192 192 0
192 192 192 0
192 192 6 0
192 6 33 0
6 33 5 0
33 5 3 0
5 3 197 0
3 197 192 0
197 192 125 0
192 125 192 0
125 192 6 0
192 6 33 0
6 33 5 0
33 5 3 0
5 3 197 0
3 197 192 0
197 192 192 0
192 192 192 0
192 192 6 0
192 6 33 0
6 33 5 0
33 5 3 0
5 3 197 0
3 197 192 0
197 192 192 0
192 192 6 0
192 6 33 0
6 33 5 0
33 5 3 0
5 3 197 0
3 197 192 0
197 192 192 0
192 192 6 0
192 6 33 0
6 33 5 0
33 5 3 0
5 3 197 0
3 197 192 0
197 192 192 0
192 192 192 0
192 192 192 0
192 192 6 0
192 6 192 0
6 192 243 0
192 243 125 0
243 125 125 0
125 125 125 0
125 125 125 0
125 125 125 0
125 125 125 0
125 125 125 0
125 125 125 0
125 125 125 0
125 125 125 0
125 125 91 0
125 91 258 0
91 258 311 0
258 311 240 0
311 240 240 0
240 240 174 0
240 174 174 0
174 174 175 0
174 175 191 0
175 191 122 0
191 122 54 0
122 54 45 0
54 45 45 0
45 45 192 0
45 192 5 0
192 5 197 0
5 197 192 0
197 192 3 0
192 3 6 0
3 6 91 0
6 91 197 0
91 197 197 0
197 197 197 0
197 197 197 0
197 197 85 0
197 85 85 0
85 85 195 0
85 195 195 0
195 195 195 0
195 195 195 0
195 195 195 0
195 195 195 0
195 195 195 0
195 195 174 0
195 174 174 0
174 174 174 0
174 174 174 0
174 174 174 0
174 174 174 0
174 174 174 0
174 174 174 0
174 174 174 0
174 174 174 0
174 174 174 0
174 174 174 0
174 174 174 0
174 174 174 0
174 174 174 0
174 174 174 0
174 174 174 0
174 174 174 0
174 174 174 0
174 174 174 0
174 174 174 0
174 174 174 0
174 174 174 0
174 174 174 0
174 174 174 0
174 174 174 0
174 174 174 0
174 174 174 0
174 174 174 0
174 174 174 0
174 174 174 0
174 174 174 0
174 174 174 0
174 174 174 0
174 174 174 0
174 174 174 0
174 174 174 0
174 174 174 0
174 174 174 0
174 174 174 0
174 174 174 0
174 174 174 0
174 174 174 0
174 174 174 0
174 174 174 0
174 174 174 0
174 174 174 0
174 174 174 0
174 174 174 0
174 174 174 0
174 174 174 0
174 174 174 0
174 174 174 0
174 174 174 0
174 174 174 0
174 174 174 0
174 174 174 0
174 174 174 0
174 174 174 0
174 174 174 0
174 174 174 0
174 174 174 0
174 174 174 0
174 174 174 0
174 174 174 0
174 174 195 0
174 195 195 0
195 195 195 0
195 195 5 0
195 5 5 0
5 5 5 0
5 5 197 0
5 197 5 0
197 5 197 0
5 197 192 0
197 192 3 0
192 3 197 0
3 197 45 0
197 45 3 0
45 3 3 0
3 3 3 0
3 3 6 0
3 6 91 0
6 91 195 0
91 195 5 0
195 5 5 0
5 5 5 0
5 5 197 0
5 197 5 0
197 5 197 0
5 197 192 0
197 192 3 0
192 3 197 0
3 197 3 0
197 3 3 0
3 3 3 0
3 3 6 0
3 6 91 0
6 91 192 0
91 192 195 0
192 195 5 0
195 5 5 0
5 5 5 0
5 5 197 0
5 197 5 0
197 5 197 0
5 197 192 0
197 192 3 0
192 3 197 0
3 197 3 0
197 3 3 0
3 3 3 0
3 3 6 0
3 6 91 0
6 91 195 0
91 195 5 0
195 5 5 0
5 5 5 0
5 5 197 0
5 197 5 0
197 5 197 0
5 197 192 0
197 192 3 0
192 3 197 0
3 197 3 0
197 3 6 0
3 6 91 0
6 91 6 0
91 6 195 0
6 195 5 0
195 5 5 0
5 5 5 0
5 5 197 0
5 197 5 0
197 5 197 0
5 197 192 0
197 192 3 0
192 3 197 0
3 197 3 0
197 3 45 0
3 45 6 0
45 6 91 0
6 91 6 0
91 6 195 0
6 195 5 0
195 5 5 0
5 5 5 0
5 5 197 0
5 197 5 0
197 5 197 0
5 197 192 0
197 192 3 0
192 3 197 0
3 197 3 0
197 3 3 0
3 3 3 0
3 3 6 0
3 6 91 0
6 91 195 0
91 195 5 0
195 5 5 0
5 5 5 0
5 5 197 0
5 197 5 0
197 5 197 0
5 197 192 0
197 192 3 0
192 3 197 0
3 197 3 0
197 3 6 0
3 6 91 0
6 91 6 0
91 6 195 0
6 195 5 0
195 5 5 0
5 5 5 0
5 5 197 0
5 197 5 0
197 5 197 0
5 197 192 0
197 192 3 0
192 3 197 0
3 197 3 0
197 3 6 0
3 6 91 0
6 91 6 0
91 6 6 0
6 6 6 0
6 6 195 0
6 195 5 0
195 5 5 0
5 5 5 0
5 5 197 0
5 197 5 0
197 5 197 0
5 197 192 0
197 192 3 0
192 3 197 0
3 197 3 0
197 3 3 0
3 3 3 0
3 3 6 0
3 6 91 0
6 91 195 0
91 195 5 0
195 5 5 0
5 5 5 0
5 5 197 0
5 197 5 0
197 5 197 0
5 197 192 0
197 192 3 0
192 3 197 0
3 197 3 0
197 3 3 0
3 3 3 0
3 3 6 0
3 6 91 0
6 91 195 0
91 195 5 0
195 5 5 0
5 5 5 0
5 5 197 0
5 197 5 0
197 5 197 0
5 197 192 0
197 192 3 0
192 3 197 0
3 197 3 0
197 3 3 0
3 3 6 0
3 6 91 0
6 91 195 0
91 195 5 0
195 5 5 0
5 5 5 0
5 5 197 0
5 197 5 0
197 5 197 0
5 197 192 0
197 192 3 0
192 3 197 0
3 197 3 0
197 3 3 0
3 3 3 0
3 3 6 0
3 6 91 0
6 91 6 0
91 6 6 0
6 6 6 0
6 6 6 0
6 6 195 0
6 195 5 0
195 5 5 0
5 5 5 0
5 5 197 0
5 197 5 0
197 5 197 0
5 197 192 0
197 192 3 0
192 3 197 0
3 197 3 0
197 3 3 0
3 3 6 0
3 6 91 0
6 91 6 0
91 6 6 0
6 6 195 0
6 195 5 0
195 5 5 0
5 5 5 0
5 5 197 0
5 197 5 0
197 5 197 0
5 197 192 0
197 192 3 0
192 3 197 0
3 197 3 0
197 3 3 0
3 3 3 0
3 3 6 0
3 6 91 0
6 91 6 0
91 6 201 0
6 201 199 0
201 199 202 0
199 202 200 0
202 200 195 0
200 195 195 0
195 195 195 0
195 195 5 0
195 5 5 0
5 5 5 0
5 5 197 0
5 197 5 0
197 5 197 0
5 197 192 0
197 192 3 0
192 3 197 0
3 197 3 0
197 3 3 0
3 3 3 0
3 3 6 0
3 6 91 0
6 91 196 0
91 196 196 0
196 196 196 0
196 196 196 0
196 196 85 0
196 85 196 0
85 196 196 0
196 196 196 0
196 196 196 0
196 196 195 0
196 195 195 0
195 195 6 0
195 6 195 0
6 195 5 0
195 5 5 0
5 5 5 0
5 5 197 0
5 197 5 0
197 5 197 0
5 197 192 0
197 192 3 0
192 3 197 0
3 197 3 0
197 3 3 0
3 3 3 0
3 3 6 0
3 6 91 0
6 91 195 0
91 195 5 0
195 5 5 0
5 5 5 0
5 5 197 0
5 197 5 0
197 5 197 0
5 197 192 0
197 192 3 0
192 3 197 0
3 197 3 0
197 3 3 0
3 3 3 0
3 3 6 0
3 6 91 0
6 91 195 0
91 195 5 0
195 5 5 0
5 5 5 0
5 5 197 0
5 197 5 0
197 5 197 0
5 197 192 0
197 192 3 0
192 3 197 0
3 197 3 0
197 3 3 0
3 3 3 0
3 3 6 0
3 6 91 0
6 91 195 0
91 195 5 0
195 5 5 0
5 5 5 0
5 5 197 0
5 197 5 0
197 5 197 0
5 197 192 0
197 192 3 0
192 3 197 0
3 197 3 0
197 3 3 0
3 3 192 0
3 192 6 0
192 6 91 0
6 91 6 0
91 6 6 0
6 6 6 0
6 6 6 0
6 6 5 0
6 5 197 0
5 197 197 0
197 197 192 0
197 192 3 0
192 3 3 0
3 3 3 0
3 3 3 0
3 3 3 0
3 3 3 0
3 3 3 0
3 3 3 0
3 3 3 0
3 3 3 0
3 3 3 0
3 3 3 0
3 3 3 0
3 3 6 0
3 6 91 0
6 91 45 0
91 45 5 0
45 5 197 0
5 197 197 0
197 197 192 0
197 192 3 0
192 3 3 0
3 3 3 0
3 3 3 0
3 3 3 0
3 3 3 0
3 3 3 0
3 3 3 0
3 3 3 0
3 3 3 0
3 3 6 0
3 6 91 0
6 91 195 0
91 195 195 0
195 195 195 0
195 195 195 0
195 195 5 0
195 5 221 0
5 221 220 0
221 220 220 0
220 220 6 0
220 6 195 0
6 195 5 0
195 5 220 0
5 220 220 0
220 220 6 0
220 6 5 0
6 5 197 0
5 197 197 0
197 197 192 0
197 192 3 0
192 3 3 0
3 3 195 0
3 195 3 0
195 3 6 0
3 6 91 0
6 91 5 0
91 5 197 0
5 197 197 0
197 197 192 0
197 192 3 0
192 3 3 0
3 3 195 0
3 195 3 0
195 3 6 0
3 6 91 0
6 91 5 0
91 5 197 0
5 197 197 0
197 197 192 0
197 192 3 0
192 3 3 0
3 3 195 0
3 195 3 0
195 3 6 0
3 6 91 0
6 91 5 0
91 5 197 0
5 197 197 0
197 197 192 0
197 192 3 0
192 3 3 0
3 3 195 0
3 195 3 0
195 3 6 0
3 6 91 0
6 91 5 0
91 5 197 0
5 197 197 0
197 197 192 0
197 192 3 0
192 3 3 0
3 3 195 0
3 195 3 0
195 3 6 0
3 6 91 0
6 91 5 0
91 5 197 0
5 197 197 0
197 197 192 0
197 192 3 0
192 3 3 0
3 3 195 0
3 195 3 0
195 3 6 0
3 6 91 0
6 91 5 0
91 5 197 0
5 197 197 0
197 197 192 0
197 192 3 0
192 3 3 0
3 3 195 0
3 195 195 0
195 195 195 0
195 195 195 0
195 195 195 0
195 195 195 0
195 195 195 0
195 195 3 0
195 3 6 0
3 6 91 0
6 91 5 0
91 5 197 0
5 197 197 0
197 197 192 0
197 192 3 0
192 3 3 0
3 3 195 0
3 195 3 0
195 3 6 0
3 6 91 0
6 91 195 0
91 195 5 0
195 5 5 0
5 5 5 0
5 5 197 0
5 197 5 0
197 5 197 0
5 197 192 0
197 192 3 0
192 3 197 0
3 197 3 0
197 3 6 0
3 6 91 0
6 91 195 0
91 195 5 0
195 5 5 0
5 5 5 0
5 5 5 0
5 5 195 0
5 195 195 0
195 195 195 0
195 195 5 0
195 5 5 0
5 5 5 0
5 5 5 0
5 5 195 0
5 195 195 0
195 195 195 0
195 195 5 0
195 5 5 0
5 5 5 0
5 5 5 0
5 5 195 0
5 195 195 0
195 195 195 0
195 195 195 0
195 195 195 0
195 195 195 0
195 195 5 0
195 5 5 0
5 5 5 0
5 5 5 0
5 5 195 0
5 195 195 0
195 195 195 0
195 195 5 0
195 5 5 0
5 5 5 0
5 5 5 0
5 5 195 0
5 195 195 0
195 195 195 0
195 195 5 0
195 5 5 0
5 5 5 0
5 5 197 0
5 197 5 0
197 5 197 0
5 197 192 0
197 192 3 0
192 3 197 0
3 197 3 0
197 3 3 0
3 3 3 0
3 3 6 0
3 6 91 0
6 91 6 0
91 6 6 0
6 6 195 0
6 195 5 0
195 5 5 0
5 5 5 0
5 5 5 0
5 5 195 0
5 195 5 0
195 5 5 0
5 5 5 0
5 5 5 0
5 5 195 0
5 195 5 0
195 5 5 0
5 5 5 0
5 5 5 0
5 5 195 0
5 195 5 0
195 5 5 0
5 5 5 0
5 5 5 0
5 5 195 0
5 195 5 0
195 5 5 0
5 5 5 0
5 5 5 0
5 5 195 0
5 195 5 0
195 5 5 0
5 5 5 0
5 5 5 0
5 5 195 0
5 195 195 0
195 195 195 0
195 195 5 0
195 5 5 0
5 5 5 0
5 5 5 0
5 5 195 0
5 195 195 0
195 195 195 0
195 195 5 0
195 5 5 0
5 5 5 0
5 5 5 0
5 5 195 0
5 195 195 0
195 195 195 0
195 195 5 0
195 5 5 0
5 5 5 0
5 5 5 0
5 5 195 0
5 195 195 0
195 195 195 0
195 195 5 0
195 5 5 0
5 5 5 0
5 5 5 0
5 5 195 0
5 195 195 0
195 195 195 0
195 195 5 0
195 5 5 0
5 5 5 0
5 5 5 0
5 5 195 0
5 195 195 0
195 195 195 0
195 195 5 0
195 5 5 0
5 5 5 0
5 5 5 0
5 5 195 0
5 195 195 0
195 195 195 0
195 195 5 0
195 5 5 0
5 5 5 0
5 5 5 0
5 5 195 0
5 195 195 0
195 195 195 0
195 195 5 0
195 5 5 0
5 5 5 0
5 5 5 0
5 5 6 0
5 6 5 0
6 5 197 0
5 197 192 0
197 192 192 0
192 192 6 0
192 6 195 0
6 195 195 0
195 195 195 0
195 195 5 0
195 5 5 0
5 5 5 0
5 5 197 0
5 197 5 0
197 5 197 0
5 197 192 0
197 192 3 0
192 3 197 0
3 197 3 0
197 3 3 0
3 3 6 0
3 6 91 0
6 91 195 0
91 195 195 0
195 195 195 0
195 195 5 0
195 5 5 0
5 5 5 0
5 5 5 0
5 5 195 0
5 195 5 0
195 5 5 0
5 5 5 0
5 5 197 0
5 197 5 0
197 5 197 0
5 197 192 0
197 192 3 0
192 3 197 0
3 197 45 0
197 45 3 0
45 3 3 0
3 3 3 0
3 3 6 0
3 6 91 0
6 91 6 0
91 6 195 0
6 195 5 0
195 5 5 0
5 5 5 0
5 5 5 0
5 5 195 0
5 195 5 0
195 5 5 0
5 5 5 0
5 5 197 0
5 197 5 0
197 5 197 0
5 197 192 0
197 192 3 0
192 3 197 0
3 197 3 0
197 3 3 0
3 3 3 0
3 3 6 0
3 6 91 0
6 91 6 0
91 6 195 0
6 195 5 0
195 5 5 0
5 5 5 0
5 5 5 0
5 5 6 0
5 6 195 0
6 195 5 0
195 5 5 0
5 5 5 0
5 5 197 0
5 197 5 0
197 5 197 0
5 197 192 0
197 192 3 0
192 3 197 0
3 197 3 0
197 3 6 0
3 6 91 0
6 91 6 0
91 6 54 0
6 54 54 0
54 54 54 0
54 54 85 0
54 85 196 0
85 196 196 0
196 196 196 0
196 196 195 0
196 195 5 0
195 5 197 0
5 197 192 0
197 192 197 0
192 197 140 0
197 140 3 0
140 3 3 0
3 3 6 0
3 6 91 0
6 91 195 0
91 195 5 0
195 5 197 0
5 197 54 0
197 54 197 0
54 197 192 0
197 192 140 0
192 140 3 0
140 3 140 0
3 140 3 0
140 3 6 0
3 6 91 0
6 91 195 0
91 195 195 0
195 195 195 0
195 195 5 0
195 5 5 0
5 5 5 0
5 5 5 0
5 5 195 0
5 195 5 0
195 5 5 0
5 5 5 0
5 5 197 0
5 197 5 0
197 5 197 0
5 197 192 0
197 192 3 0
192 3 197 0
3 197 3 0
197 3 3 0
3 3 3 0
3 3 6 0
3 6 91 0
6 91 195 0
91 195 5 0
195 5 5 0
5 5 5 0
5 5 5 0
5 5 195 0
5 195 5 0
195 5 5 0
5 5 5 0
5 5 197 0
5 197 5 0
197 5 197 0
5 197 192 0
197 192 3 0
192 3 197 0
3 197 3 0
197 3 3 0
3 3 3 0
3 3 6 0
3 6 91 0
6 91 195 0
91 195 5 0
195 5 5 0
5 5 5 0
5 5 5 0
5 5 195 0
5 195 5 0
195 5 5 0
5 5 5 0
5 5 197 0
5 197 5 0
197 5 197 0
5 197 192 0
197 192 3 0
192 3 197 0
3 197 3 0
197 3 3 0
3 3 3 0
3 3 6 0
3 6 91 0
6 91 6 0
91 6 6 0
6 6 195 0
6 195 5 0
195 5 5 0
5 5 5 0
5 5 5 0
5 5 195 0
5 195 5 0
195 5 5 0
5 5 5 0
5 5 197 0
5 197 5 0
197 5 197 0
5 197 192 0
197 192 3 0
192 3 197 0
3 197 3 0
197 3 3 0
3 3 3 0
3 3 6 0
3 6 91 0
6 91 195 0
91 195 5 0
195 5 5 0
5 5 5 0
5 5 5 0
5 5 195 0
5 195 5 0
195 5 5 0
5 5 5 0
5 5 197 0
5 197 5 0
197 5 197 0
5 197 192 0
197 192 3 0
192 3 197 0
3 197 45 0
197 45 3 0
45 3 3 0
3 3 3 0
3 3 192 0
3 192 6 0
192 6 91 0
6 91 195 0
91 195 5 0
195 5 5 0
5 5 5 0
5 5 5 0
5 5 195 0
5 195 5 0
195 5 5 0
5 5 5 0
5 5 197 0
5 197 5 0
197 5 197 0
5 197 192 0
197 192 3 0
192 3 197 0
3 197 3 0
197 3 3 0
3 3 6 0
3 6 91 0
6 91 6 0
91 6 6 0
6 6 195 0
6 195 5 0
195 5 5 0
5 5 5 0
5 5 5 0
5 5 195 0
5 195 5 0
195 5 5 0
5 5 5 0
5 5 197 0
5 197 5 0
197 5 197 0
5 197 192 0
197 192 3 0
192 3 197 0
3 197 3 0
197 3 3 0
3 3 3 0
3 3 6 0
3 6 91 0
6 91 195 0
91 195 5 0
195 5 5 0
5 5 5 0
5 5 5 0
5 5 195 0
5 195 5 0
195 5 5 0
5 5 5 0
5 5 197 0
5 197 5 0
197 5 197 0
5 197 192 0
197 192 3 0
192 3 197 0
3 197 3 0
197 3 3 0
3 3 3 0
3 3 6 0
3 6 91 0
6 91 6 0
91 6 195 0
6 195 5 0
195 5 5 0
5 5 5 0
5 5 5 0
5 5 195 0
5 195 5 0
195 5 5 0
5 5 5 0
5 5 5 0
5 5 195 0
5 195 5 0
195 5 5 0
5 5 5 0
5 5 5 0
5 5 195 0
5 195 5 0
195 5 5 0
5 5 5 0
5 5 5 0
5 5 195 0
5 195 5 0
195 5 5 0
5 5 5 0
5 5 5 0
5 5 195 0
5 195 5 0
195 5 5 0
5 5 5 0
5 5 5 0
5 5 195 0
5 195 5 0
195 5 5 0
5 5 5 0
5 5 5 0
5 5 195 0
5 195 5 0
195 5 5 0
5 5 5 0
5 5 5 0
5 5 195 0
5 195 5 0
195 5 5 0
5 5 5 0
5 5 5 0
5 5 195 0
5 195 5 0
195 5 5 0
5 5 5 0
5 5 5 0
5 5 195 0
5 195 5 0
195 5 5 0
5 5 5 0
5 5 5 0
5 5 195 0
5 195 5 0
195 5 5 0
5 5 5 0
5 5 5 0
5 5 195 0
5 195 5 0
195 5 5 0
5 5 5 0
5 5 5 0
5 5 195 0
5 195 5 0
195 5 5 0
5 5 5 0
5 5 5 0
5 5 195 0
5 195 5 0
195 5 5 0
5 5 5 0
5 5 5 0
5 5 6 0
5 6 195 0
6 195 5 0
195 5 5 0
5 5 5 0
5 5 5 0
5 5 195 0
5 195 5 0
195 5 5 0
5 5 5 0
5 5 197 0
5 197 5 0
197 5 197 0
5 197 192 0
197 192 3 0
192 3 197 0
3 197 3 0
197 3 6 0
3 6 91 0
6 91 6 0
91 6 6 0
6 6 195 0
6 195 195 0
195 195 195 0
195 195 195 0
195 195 195 0
195 195 195 0
195 195 195 0
195 195 195 0
195 195 195 0
195 195 195 0
195 195 195 0
195 195 195 0
195 195 195 0
195 195 195 0
195 195 195 0
195 195 195 0
195 195 195 0
195 195 195 0
195 195 195 0
195 195 195 0
195 195 195 0
195 195 195 0
195 195 195 0
195 195 195 0
195 195 195 0
195 195 195 0
195 195 195 0
195 195 195 0
195 195 195 0
195 195 195 0
195 195 195 0
195 195 195 0
195 195 6 0
195 6 195 0
6 195 5 0
195 5 5 0
5 5 5 0
5 5 5 0
5 5 195 0
5 195 5 0
195 5 5 0
5 5 5 0
5 5 197 0
5 197 5 0
197 5 197 0
5 197 192 0
197 192 3 0
192 3 197 0
3 197 3 0
197 3 6 0
3 6 91 0
6 91 6 0
91 6 195 0
6 195 5 0
195 5 5 0
5 5 5 0
5 5 5 0
5 5 195 0
5 195 5 0
195 5 5 0
5 5 5 0
5 5 5 0
5 5 195 0
5 195 5 0
195 5 5 0
5 5 5 0
5 5 5 0
5 5 195 0
5 195 5 0
195 5 5 0
5 5 5 0
5 5 5 0
5 5 195 0
5 195 5 0
195 5 5 0
5 5 5 0
5 5 5 0
5 5 195 0
5 195 5 0
195 5 5 0
5 5 5 0
5 5 5 0
5 5 195 0
5 195 5 0
195 5 5 0
5 5 5 0
5 5 197 0
5 197 5 0
197 5 197 0
5 197 192 0
197 192 3 0
192 3 197 0
3 197 3 0
197 3 3 0
3 3 6 0
3 6 91 0
6 91 6 0
91 6 195 0
6 195 195 0
195 195 195 0
195 195 195 0
195 195 195 0
195 195 195 0
195 195 195 0
195 195 195 0
195 195 195 0
195 195 195 0
195 195 195 0
195 195 195 0
195 195 195 0
195 195 195 0
195 195 195 0
195 195 195 0
195 195 195 0
195 195 5 0
195 5 197 0
5 197 197 0
197 197 192 0
197 192 3 0
192 3 3 0
3 3 3 0
3 3 6 0
3 6 91 0
6 91 197 0
91 197 192 0
197 192 174 0
192 174 4 0
new
6 174 174 0
174 174 174 0
174 174 11 0
174 11 45 0
11 45 33 0
45 33 192 0
33 192 33 0
192 33 5 0
33 5 197 0
5 197 192 0
197 192 6 0
192 6 33 0
6 33 5 0
33 5 3 0
5 3 197 0
3 197 192 0
197 192 192 0
192 192 192 0
192 192 6 0
192 6 192 0
6 192 243 0
192 243 125 0
243 125 125 0
125 125 125 0
125 125 91 0
125 91 20 0
91 20 174 0
20 174 201 0
174 201 45 0
201 45 45 0
45 45 64 0
45 64 195 0
64 195 195 0
195 195 5 0
195 5 221 0
5 221 6 0
221 6 221 0
6 221 174 0
221 174 174 0
174 174 174 0
174 174 174 0
174 174 174 0
174 174 174 0
174 174 3 0
174 3 5 0
3 5 221 0
5 221 6 0
221 6 221 0
6 221 3 0
221 3 3 0
3 3 195 0
3 195 5 0
195 5 221 0
5 221 6 0
221 6 221 0
6 221 3 0
221 3 3 0
3 3 6 0
3 6 3 0
6 3 6 0
3 6 195 0
6 195 5 0
195 5 221 0
5 221 6 0
221 6 221 0
6 221 3 0
221 3 3 0
3 3 6 0
3 6 195 0
6 195 195 0
195 195 120 0
195 120 114 0
120 114 195 0
114 195 120 0
195 120 114 0
120 114 195 0
114 195 120 0
195 120 114 0
120 114 5 0
114 5 221 0
5 221 6 0
221 6 221 0
6 221 63 0
221 63 6 0
63 6 221 0
6 221 6 0
221 6 221 0
6 221 63 0
221 63 195 0
63 195 120 0
195 120 114 0
120 114 63 0
114 63 6 0
63 6 63 0
6 63 6 0
63 6 195 0
6 195 120 0
195 120 114 0
120 114 120 0
114 120 114 0
120 114 120 0
114 120 114 0
120 114 5 0
114 5 221 0
5 221 6 0
221 6 221 0
6 221 63 0
221 63 6 0
63 6 221 0
6 221 6 0
221 6 221 0
6 221 63 0
221 63 120 0
63 120 114 0
120 114 63 0
114 63 6 0
63 6 63 0
6 63 6 0
new
