6 6 63 0
6 63 6 0
63 6 195 0
6 195 195 0
195 195 195 0
195 195 195 0
195 195 195 0
195 195 195 0
195 195 11 0
195 11 45 0
11 45 33 0
45 33 192 0
33 192 33 0
192 33 5 0
33 5 197 0
5 197 192 0
197 192 6 0
192 6 33 0
6 33 5 0
33 5 3 0
5 3 197 0
3 197 192 0
197 192 192 0
192 192 6 0
192 6 33 0
6 33 5 0
33 5 3 0
5 3 197 0
3 197 192 0
197 192 192 0
192 192 192 0
192 192 6 0
192 6 33 0
6 33 5 0
33 5 3 0
5 3 197 0
3 197 192 0
197 192 192 0
192 192 192 0
192 192 6 0
192 6 33 0
6 33 5 0
33 5 3 0
5 3 197 0
3 197 192 0
197 192 192 0
192 192 6 0
192 6 33 0
6 33 5 0
33 5 3 0
5 3 197 0
3 197 192 0
197 192 192 0
192 192 192 0
192 192 6 0
192 6 33 0
6 33 5 0
33 5 3 0
5 3 197 0
3 197 192 0
197 192 192 0
192 192 6 0
192 6 33 0
6 33 5 0
33 5 3 0
5 3 197 0
3 197 192 0
197 192 192 0
192 192 6 0
192 6 33 0
6 33 5 0
33 5 3 0
5 3 197 0
3 197 192 0
197 192 192 0
192 192 192 0
192 192 6 0
192 6 192 0
6 192 243 0
192 243 125 0
243 125 125 0
125 125 125 0
125 125 125 0
125 125 125 0
125 125 125 0
125 125 192 0
125 192 125 0
192 125 125 0
125 125 125 0
125 125 125 0
125 125 91 0
125 91 45 0
91 45 45 0
45 45 195 0
45 195 195 0
195 195 195 0
195 195 5 0
195 5 221 0
5 221 141 0
221 141 141 0
141 141 6 0
141 6 5 0
6 5 3 0
5 3 3 0
3 3 6 0
3 6 5 0
6 5 3 0
5 3 3 0
3 3 6 0
3 6 5 0
6 5 3 0
5 3 3 0
3 3 6 0
3 6 5 0
6 5 3 0
5 3 3 0
3 3 6 0
3 6 5 0
6 5 3 0
5 3 3 0
3 3 6 0
3 6 5 0
6 5 3 0
5 3 3 0
3 3 6 0
3 6 5 0
6 5 3 0
5 3 3 0
3 3 6 0
3 6 5 0
6 5 3 0
5 3 3 0
3 3 6 0
3 6 5 0
6 5 3 0
5 3 3 0
3 3 6 0
3 6 5 0
6 5 3 0
5 3 3 0
3 3 6 0
3 6 5 0
6 5 3 0
5 3 3 0
3 3 6 0
3 6 195 0
6 195 195 0
195 195 195 0
195 195 195 0
195 195 197 0
195 197 192 0
new
311 240 240 0
240 240 240 0
240 240 240 0
240 240 240 0
240 240 240 0
240 240 240 0
240 240 240 0
240 240 240 0
240 240 240 0
240 240 240 0
240 240 240 0
240 240 240 0
240 240 240 0
240 240 240 0
240 240 240 0
240 240 240 0
240 240 240 0
240 240 240 0
240 240 240 0
240 240 240 0
240 240 240 0
240 240 240 0
240 240 240 0
240 240 240 0
240 240 240 0
240 240 33 0
240 33 195 0
33 195 240 0
195 240 240 0
240 240 240 0
240 240 240 0
240 240 240 0
240 240 240 0
240 240 240 0
240 240 240 0
240 240 240 0
240 240 240 0
240 240 240 0
240 240 240 0
240 240 240 0
240 240 240 0
240 240 240 0
240 240 240 0
240 240 240 0
240 240 240 0
240 240 240 0
240 240 102 0
240 102 102 0
102 102 102 0
102 102 13 0
102 13 102 0
13 102 102 0
102 102 102 0
102 102 102 0
102 102 6 0
102 6 102 0
6 102 102 0
102 102 6 0
102 6 102 0
6 102 102 0
102 102 6 0
102 6 5 0
6 5 197 0
5 197 192 0
197 192 3 0
192 3 3 0
3 3 6 0
3 6 91 0
6 91 240 0
91 240 5 0
240 5 197 0
5 197 192 0
197 192 3 0
192 3 3 0
3 3 6 0
3 6 91 0
6 91 5 0
91 5 221 0
5 221 197 0
221 197 192 0
197 192 3 0
192 3 3 0
3 3 6 0
3 6 91 0
6 91 5 0
91 5 197 0
5 197 192 0
197 192 6 0
192 6 33 0
6 33 5 0
33 5 3 0
5 3 197 0
3 197 192 0
197 192 192 0
192 192 6 0
192 6 125 0
6 125 91 0
125 91 5 0
91 5 197 0
5 197 192 0
197 192 6 0
192 6 33 0
6 33 5 0
33 5 3 0
5 3 197 0
3 197 192 0
197 192 192 0
192 192 6 0
192 6 125 0
6 125 91 0
125 91 195 0
91 195 5 0
195 5 197 0
5 197 192 0
197 192 3 0
192 3 3 0
3 3 6 0
3 6 91 0
6 91 102 0
91 102 102 0
102 102 78 0
102 78 168 0
78 168 102 0
168 102 168 0
102 168 54 0
168 54 102 0
54 102 6 0
102 6 102 0
6 102 102 0
102 102 78 0
102 78 168 0
78 168 102 0
168 102 168 0
102 168 54 0
168 54 102 0
54 102 6 0
102 6 195 0
6 195 102 0
195 102 102 0
102 102 78 0
102 78 168 0
78 168 102 0
168 102 168 0
102 168 54 0
168 54 102 0
54 102 6 0
102 6 102 0
6 102 221 0
102 221 221 0
221 221 102 0
221 102 168 0
102 168 102 0
168 102 240 0
102 240 240 0
240 240 168 0
240 168 102 0
168 102 240 0
102 240 168 0
240 168 102 0
168 102 240 0
102 240 240 0
240 240 240 0
240 240 240 0
240 240 195 0
240 195 5 0
195 5 197 0
5 197 221 0
197 221 197 0
221 197 192 0
197 192 140 0
192 140 3 0
140 3 3 0
3 3 240 0
3 240 195 0
240 195 240 0
195 240 195 0
240 195 240 0
195 240 195 0
240 195 240 0
195 240 195 0
240 195 240 0
195 240 240 0
240 240 195 0
240 195 240 0
195 240 240 0
240 240 240 0
240 240 195 0
240 195 195 0
195 195 195 0
195 195 195 0
195 195 195 0
195 195 240 0
195 240 240 0
240 240 240 0
240 240 195 0
240 195 195 0
195 195 195 0
195 195 195 0
195 195 195 0
195 195 195 0
195 195 240 0
195 240 6 0
new
5 195 5 0
195 5 195 0
5 195 5 0
195 5 195 0
5 195 5 0
195 5 195 0
5 195 5 0
195 5 195 0
5 195 5 0
195 5 195 0
5 195 5 0
195 5 195 0
5 195 5 0
195 5 195 0
5 195 5 0
195 5 195 0
5 195 5 0
195 5 195 0
5 195 5 0
195 5 195 0
5 195 5 0
195 5 195 0
5 195 5 0
195 5 195 0
5 195 5 0
195 5 195 0
5 195 5 0
195 5 195 0
5 195 5 0
195 5 195 0
5 195 5 0
195 5 195 0
5 195 5 0
195 5 195 0
5 195 5 0
195 5 195 0
5 195 5 0
195 5 195 0
5 195 5 0
195 5 195 0
5 195 5 0
195 5 195 0
5 195 5 0
195 5 195 0
5 195 5 0
195 5 195 0
5 195 5 0
195 5 195 0
5 195 5 0
195 5 195 0
5 195 5 0
195 5 195 0
5 195 5 0
195 5 195 0
5 195 5 0
195 5 195 0
5 195 5 0
195 5 195 0
5 195 5 0
195 5 195 0
5 195 5 0
195 5 195 0
5 195 5 0
195 5 195 0
5 195 5 0
195 5 195 0
5 195 5 0
195 5 195 0
5 195 5 0
195 5 195 0
5 195 5 0
195 5 195 0
5 195 5 0
195 5 195 0
5 195 5 0
195 5 195 0
5 195 5 0
195 5 197 0
5 197 192 0
197 192 6 0
192 6 33 0
6 33 5 0
33 5 195 0
5 195 5 0
195 5 195 0
5 195 5 0
195 5 195 0
5 195 5 0
195 5 195 0
5 195 5 0
195 5 195 0
5 195 5 0
195 5 195 0
5 195 5 0
195 5 195 0
5 195 5 0
195 5 195 0
5 195 5 0
195 5 195 0
5 195 5 0
195 5 195 0
5 195 5 0
195 5 195 0
5 195 5 0
195 5 195 0
5 195 5 0
195 5 195 0
5 195 5 0
195 5 195 0
5 195 5 0
195 5 195 0
5 195 5 0
195 5 195 0
5 195 5 0
195 5 195 0
5 195 5 0
195 5 195 0
5 195 5 0
195 5 195 0
5 195 5 0
195 5 195 0
5 195 5 0
195 5 195 0
5 195 5 0
195 5 195 0
5 195 5 0
195 5 195 0
5 195 5 0
195 5 195 0
5 195 5 0
195 5 195 0
5 195 5 0
195 5 195 0
5 195 5 0
195 5 195 0
5 195 5 0
195 5 195 0
5 195 5 0
195 5 195 0
5 195 5 0
195 5 195 0
5 195 5 0
195 5 195 0
5 195 5 0
195 5 195 0
5 195 5 0
195 5 195 0
5 195 5 0
195 5 195 0
5 195 5 0
195 5 195 0
5 195 5 0
195 5 195 0
5 195 5 0
195 5 195 0
5 195 5 0
195 5 195 0
5 195 5 0
195 5 195 0
5 195 5 0
195 5 195 0
5 195 5 0
195 5 195 0
5 195 5 0
195 5 195 0
5 195 5 0
195 5 195 0
5 195 5 0
195 5 195 0
5 195 5 0
195 5 195 0
5 195 5 0
195 5 195 0
5 195 5 0
195 5 195 0
5 195 5 0
195 5 195 0
5 195 5 0
195 5 195 0
5 195 5 0
195 5 195 0
5 195 5 0
195 5 195 0
5 195 5 0
195 5 195 0
5 195 5 0
195 5 195 0
5 195 5 0
195 5 195 0
5 195 5 0
195 5 195 0
5 195 5 0
195 5 195 0
5 195 5 0
195 5 195 0
5 195 5 0
195 5 195 0
5 195 5 0
195 5 195 0
5 195 5 0
195 5 195 0
5 195 5 0
195 5 195 0
5 195 5 0
195 5 195 0
5 195 5 0
195 5 195 0
5 195 5 0
195 5 195 0
5 195 91 0
195 91 192 0
91 192 91 0
192 91 91 0
91 91 192 0
91 192 91 0
192 91 192 0
91 192 192 0
192 192 192 0
192 192 192 0
192 192 168 0
192 168 146 0
168 146 168 0
146 168 3 0
168 3 4 0
3 4 6 0
4 6 5 0
6 5 63 0
5 63 63 0
63 63 6 0
63 6 5 0
6 5 197 0
5 197 192 0
197 192 6 0
192 6 33 0
6 33 5 0
33 5 3 0
5 3 19 0
3 19 3 0
19 3 197 0
3 197 192 0
197 192 125 0
192 125 192 0
125 192 192 0
192 192 6 0
192 6 33 0
6 33 5 0
33 5 3 0
5 3 197 0
3 197 192 0
197 192 192 0
192 192 6 0
192 6 33 0
6 33 5 0
33 5 3 0
5 3 197 0
3 197 192 0
197 192 192 0
192 192 6 0
192 6 125 0
6 125 125 0
125 125 125 0
125 125 91 0
125 91 240 0
91 240 102 0
240 102 102 0
102 102 102 0
102 102 122 0
102 122 33 0
122 33 5 0
33 5 197 0
5 197 192 0
197 192 3 0
192 3 3 0
3 3 6 0
3 6 91 0
6 91 102 0
91 102 221 0
102 221 221 0
221 221 221 0
221 221 168 0
221 168 146 0
168 146 3 0
146 3 168 0
3 168 3 0
168 3 3 0
3 3 168 0
3 168 146 0
168 146 168 0
146 168 3 0
168 3 168 0
3 168 146 0
168 146 168 0
146 168 3 0
168 3 3 0
3 3 168 0
3 168 146 0
168 146 168 0
146 168 3 0
168 3 3 0
3 3 168 0
3 168 146 0
168 146 168 0
146 168 3 0
168 3 3 0
3 3 3 0
3 3 168 0
3 168 146 0
168 146 168 0
146 168 3 0
168 3 3 0
3 3 3 0
3 3 168 0
3 168 146 0
168 146 168 0
146 168 3 0
168 3 3 0
3 3 3 0
3 3 168 0
3 168 146 0
168 146 168 0
146 168 3 0
168 3 3 0
3 3 3 0
3 3 168 0
3 168 146 0
168 146 168 0
146 168 3 0
168 3 3 0
3 3 3 0
3 3 168 0
3 168 146 0
168 146 168 0
146 168 3 0
168 3 3 0
3 3 3 0
3 3 168 0
3 168 146 0
168 146 168 0
146 168 3 0
168 3 3 0
3 3 3 0
3 3 168 0
3 168 146 0
168 146 168 0
146 168 3 0
168 3 3 0
3 3 3 0
3 3 168 0
3 168 146 0
168 146 168 0
146 168 3 0
168 3 3 0
3 3 3 0
3 3 168 0
3 168 146 0
168 146 168 0
146 168 3 0
168 3 3 0
3 3 3 0
3 3 168 0
3 168 146 0
168 146 168 0
146 168 3 0
168 3 3 0
3 3 3 0
3 3 168 0
3 168 146 0
168 146 168 0
146 168 3 0
168 3 3 0
3 3 3 0
3 3 168 0
3 168 3 0
168 3 3 0
3 3 168 0
3 168 3 0
168 3 3 0
3 3 3 0
3 3 168 0
3 168 146 0
168 146 168 0
146 168 3 0
168 3 3 0
3 3 3 0
3 3 168 0
3 168 146 0
168 146 168 0
146 168 3 0
168 3 3 0
3 3 3 0
3 3 168 0
3 168 3 0
168 3 3 0
3 3 168 0
3 168 3 0
168 3 3 0
3 3 168 0
3 168 3 0
168 3 3 0
3 3 168 0
3 168 3 0
168 3 3 0
3 3 168 0
3 168 3 0
168 3 3 0
3 3 168 0
3 168 3 0
168 3 3 0
3 3 168 0
3 168 3 0
168 3 3 0
3 3 168 0
3 168 3 0
168 3 3 0
3 3 3 0
3 3 168 0
3 168 146 0
168 146 168 0
146 168 3 0
168 3 3 0
3 3 3 0
3 3 168 0
3 168 146 0
168 146 168 0
146 168 3 0
168 3 3 0
3 3 3 0
3 3 168 0
3 168 3 0
168 3 3 0
3 3 168 0
3 168 3 0
168 3 3 0
3 3 3 0
3 3 168 0
3 168 146 0
168 146 168 0
146 168 3 0
168 3 3 0
3 3 3 0
3 3 168 0
3 168 146 0
168 146 168 0
146 168 3 0
168 3 3 0
3 3 3 0
3 3 168 0
3 168 3 0
168 3 3 0
3 3 168 0
3 168 3 0
168 3 3 0
3 3 168 0
3 168 3 0
168 3 3 0
3 3 168 0
3 168 3 0
168 3 3 0
3 3 168 0
3 168 3 0
168 3 3 0
3 3 168 0
3 168 3 0
168 3 3 0
3 3 168 0
3 168 3 0
168 3 3 0
3 3 168 0
3 168 3 0
168 3 3 0
3 3 3 0
3 3 201 0
3 201 199 0
201 199 5 0
199 5 5 0
5 5 3 0
5 3 197 0
3 197 192 0
197 192 192 0
192 192 6 0
192 6 5 0
6 5 195 0
5 195 5 0
195 5 195 0
5 195 5 0
195 5 195 0
5 195 5 0
195 5 195 0
5 195 5 0
195 5 195 0
5 195 5 0
195 5 195 0
5 195 5 0
195 5 195 0
5 195 5 0
195 5 195 0
5 195 5 0
195 5 195 0
5 195 5 0
195 5 195 0
5 195 5 0
195 5 195 0
5 195 5 0
195 5 195 0
5 195 5 0
195 5 195 0
5 195 5 0
195 5 195 0
5 195 5 0
195 5 195 0
5 195 5 0
195 5 3 0
5 3 197 0
3 197 192 0
197 192 192 0
192 192 192 0
192 192 6 0
192 6 5 0
6 5 3 0
5 3 197 0
3 197 192 0
197 192 192 0
192 192 192 0
192 192 6 0
192 6 125 0
6 125 125 0
125 125 125 0
125 125 4 0
125 4 5 0
4 5 5 0
5 5 5 0
5 5 195 0
5 195 5 0
195 5 195 0
5 195 5 0
195 5 195 0
5 195 5 0
195 5 195 0
5 195 5 0
195 5 195 0
5 195 5 0
195 5 195 0
5 195 5 0
195 5 195 0
5 195 5 0
195 5 195 0
5 195 5 0
new
6 6 63 0
6 63 6 0
63 6 195 0
6 195 195 0
195 195 195 0
195 195 195 0
195 195 195 0
195 195 195 0
195 195 11 0
195 11 45 0
11 45 33 0
45 33 192 0
33 192 33 0
192 33 5 0
33 5 197 0
5 197 192 0
197 192 6 0
192 6 33 0
6 33 5 0
33 5 3 0
5 3 197 0
3 197 192 0
197 192 192 0
192 192 6 0
192 6 33 0
6 33 5 0
33 5 3 0
5 3 197 0
3 197 192 0
197 192 192 0
192 192 192 0
192 192 6 0
192 6 33 0
6 33 5 0
33 5 3 0
5 3 197 0
3 197 192 0
197 192 192 0
192 192 192 0
192 192 6 0
192 6 33 0
6 33 5 0
33 5 3 0
5 3 197 0
3 197 192 0
197 192 192 0
192 192 6 0
192 6 33 0
6 33 5 0
33 5 3 0
5 3 197 0
3 197 192 0
197 192 192 0
192 192 192 0
192 192 6 0
192 6 33 0
6 33 5 0
33 5 3 0
5 3 197 0
3 197 192 0
197 192 192 0
192 192 6 0
192 6 33 0
6 33 5 0
33 5 3 0
5 3 197 0
3 197 192 0
197 192 192 0
192 192 6 0
192 6 33 0
6 33 5 0
33 5 3 0
5 3 197 0
3 197 192 0
197 192 192 0
192 192 192 0
192 192 6 0
192 6 192 0
6 192 243 0
192 243 125 0
243 125 125 0
125 125 125 0
125 125 125 0
125 125 125 0
125 125 125 0
125 125 192 0
125 192 125 0
192 125 125 0
125 125 125 0
125 125 125 0
125 125 91 0
125 91 45 0
91 45 45 0
45 45 195 0
45 195 195 0
195 195 195 0
195 195 5 0
195 5 221 0
5 221 141 0
221 141 141 0
141 141 6 0
141 6 5 0
6 5 3 0
5 3 3 0
3 3 6 0
3 6 5 0
6 5 3 0
5 3 3 0
3 3 6 0
3 6 5 0
6 5 3 0
5 3 3 0
3 3 6 0
3 6 5 0
6 5 3 0
5 3 3 0
3 3 6 0
3 6 5 0
6 5 3 0
5 3 3 0
3 3 6 0
3 6 5 0
6 5 3 0
5 3 3 0
3 3 6 0
3 6 5 0
6 5 3 0
5 3 3 0
3 3 6 0
3 6 5 0
6 5 3 0
5 3 3 0
3 3 6 0
3 6 5 0
6 5 3 0
5 3 3 0
3 3 6 0
3 6 5 0
6 5 3 0
5 3 3 0
3 3 6 0
3 6 5 0
6 5 3 0
5 3 3 0
3 3 6 0
3 6 195 0
6 195 195 0
195 195 195 0
new
6 221 221 0
221 221 66 0
221 66 6 0
66 6 6 0
6 6 6 0
6 6 5 0
6 5 41 0
5 41 41 0
41 41 60 0
41 60 97 0
60 97 12 0
97 12 174 0
12 174 174 0
174 174 174 0
174 174 174 0
174 174 174 0
174 174 174 0
174 174 174 0
174 174 174 0
174 174 174 0
174 174 174 0
174 174 174 0
174 174 174 0
174 174 174 0
174 174 174 0
174 174 174 0
174 174 174 0
174 174 174 0
174 174 174 0
174 174 174 0
174 174 174 0
174 174 174 0
174 174 174 0
174 174 174 0
174 174 174 0
174 174 174 0
174 174 174 0
174 174 174 0
174 174 174 0
174 174 174 0
174 174 174 0
174 174 174 0
174 174 175 0
174 175 11 0
175 11 45 0
11 45 33 0
45 33 192 0
33 192 33 0
192 33 5 0
33 5 197 0
5 197 192 0
197 192 6 0
192 6 33 0
6 33 5 0
33 5 3 0
5 3 197 0
3 197 192 0
197 192 192 0
192 192 192 0
192 192 6 0
192 6 192 0
6 192 243 0
192 243 125 0
243 125 125 0
125 125 125 0
125 125 91 0
125 91 20 0
91 20 174 0
20 174 201 0
174 201 45 0
201 45 45 0
45 45 64 0
45 64 183 0
64 183 5 0
183 5 221 0
5 221 6 0
221 6 221 0
6 221 174 0
221 174 174 0
174 174 174 0
174 174 174 0
174 174 174 0
174 174 174 0
174 174 3 0
174 3 195 0
3 195 195 0
195 195 195 0
195 195 195 0
195 195 195 0
195 195 195 0
195 195 195 0
195 195 120 0
195 120 114 0
120 114 195 0
114 195 120 0
195 120 114 0
120 114 195 0
114 195 120 0
195 120 114 0
120 114 114 0
114 114 195 0
114 195 5 0
195 5 221 0
5 221 6 0
221 6 221 0
6 221 63 0
221 63 195 0
63 195 120 0
195 120 6 0
120 6 221 0
6 221 6 0
221 6 221 0
6 221 63 0
221 63 195 0
63 195 195 0
195 195 195 0
195 195 195 0
195 195 195 0
195 195 4 0
195 4 63 0
4 63 6 0
63 6 63 0
6 63 6 0
63 6 195 0
6 195 201 0
195 201 42 0
201 42 120 0
42 120 6 0
120 6 3 0
6 3 6 0
new
175 5 3 0
5 3 6 0
3 6 195 0
6 195 175 0
195 175 175 0
175 175 175 0
175 175 175 0
175 175 195 0
175 195 175 0
195 175 175 0
175 175 208 0
175 208 175 0
208 175 60 0
175 60 195 0
60 195 195 0
195 195 60 0
195 60 175 0
60 175 208 0
175 208 175 0
208 175 175 0
175 175 208 0
175 208 175 0
208 175 175 0
175 175 5 0
175 5 143 0
5 143 197 0
143 197 3 0
197 3 19 0
3 19 4 0
19 4 143 0
4 143 6 0
143 6 175 0
6 175 175 0
175 175 208 0
175 208 175 0
208 175 175 0
175 175 175 0
175 175 175 0
175 175 208 0
175 208 175 0
208 175 5 0
175 5 175 0
5 175 208 0
175 208 175 0
208 175 54 0
175 54 54 0
54 54 221 0
54 221 221 0
221 221 175 0
221 175 54 0
175 54 54 0
54 54 54 0
54 54 54 0
54 54 54 0
54 54 54 0
54 54 54 0
54 54 54 0
54 54 175 0
54 175 221 0
175 221 221 0
221 221 221 0
221 221 221 0
221 221 4 0
221 4 176 0
4 176 3 0
176 3 176 0
3 176 162 0
176 162 3 0
162 3 176 0
3 176 162 0
176 162 3 0
162 3 4 0
3 4 4 0
4 4 176 0
4 176 3 0
176 3 176 0
3 176 162 0
176 162 3 0
162 3 176 0
3 176 162 0
176 162 3 0
162 3 3 0
3 3 4 0
3 4 176 0
4 176 175 0
176 175 175 0
175 175 175 0
175 175 175 0
175 175 6 0
175 6 175 0
6 175 208 0
175 208 175 0
208 175 10 0
175 10 175 0
10 175 208 0
175 208 175 0
208 175 175 0
175 175 175 0
175 175 175 0
175 175 175 0
new
142 142 142 0
142 142 7 0
142 7 7 0
7 7 142 0
7 142 142 0
142 142 142 0
142 142 7 0
142 7 7 0
7 7 142 0
7 142 7 0
142 7 7 0
7 7 142 0
7 142 142 0
142 142 142 0
142 142 142 0
142 142 142 0
142 142 142 0
142 142 142 0
142 142 7 0
142 7 7 0
7 7 142 0
7 142 142 0
142 142 7 0
142 7 7 0
7 7 7 0
7 7 142 0
7 142 142 0
142 142 7 0
142 7 142 0
7 142 142 0
142 142 142 0
142 142 7 0
142 7 142 0
7 142 142 0
142 142 142 0
142 142 142 0
142 142 142 0
142 142 142 0
142 142 7 0
142 7 7 0
7 7 142 0
7 142 142 0
142 142 142 0
142 142 142 0
142 142 142 0
142 142 142 0
142 142 7 0
142 7 142 0
7 142 142 0
142 142 142 0
142 142 142 0
142 142 7 0
142 7 142 0
7 142 142 0
142 142 142 0
142 142 142 0
142 142 142 0
142 142 142 0
142 142 7 0
142 7 142 0
7 142 142 0
142 142 142 0
142 142 142 0
142 142 142 0
142 142 142 0
142 142 142 0
142 142 142 0
142 142 142 0
142 142 142 0
142 142 142 0
142 142 7 0
142 7 142 0
7 142 142 0
142 142 7 0
142 7 142 0
7 142 142 0
142 142 142 0
142 142 7 0
142 7 142 0
7 142 142 0
142 142 142 0
142 142 142 0
142 142 142 0
142 142 7 0
142 7 142 0
7 142 7 0
142 7 7 0
7 7 142 0
7 142 142 0
142 142 142 0
142 142 142 0
142 142 142 0
142 142 7 0
142 7 142 0
7 142 142 0
142 142 142 0
142 142 142 0
142 142 7 0
142 7 142 0
7 142 142 0
142 142 142 0
142 142 7 0
142 7 142 0
7 142 142 0
142 142 142 0
142 142 7 0
142 7 7 0
7 7 142 0
7 142 7 0
142 7 142 0
7 142 142 0
142 142 142 0
142 142 142 0
142 142 142 0
142 142 142 0
142 142 142 0
142 142 142 0
142 142 7 0
142 7 142 0
7 142 142 0
142 142 142 0
142 142 7 0
142 7 142 0
7 142 7 0
142 7 7 0
7 7 142 0
7 142 142 0
142 142 142 0
142 142 142 0
142 142 142 0
142 142 142 0
142 142 142 0
142 142 142 0
142 142 142 0
142 142 7 0
142 7 7 0
7 7 142 0
7 142 7 0
142 7 142 0
7 142 7 0
142 7 7 0
7 7 142 0
7 142 7 0
142 7 142 0
7 142 7 0
142 7 142 0
7 142 142 0
142 142 142 0
142 142 142 0
142 142 7 0
142 7 142 0
7 142 142 0
142 142 7 0
142 7 7 0
7 7 7 0
7 7 7 0
7 7 142 0
7 142 7 0
142 7 142 0
7 142 142 0
142 142 7 0
142 7 142 0
7 142 142 0
142 142 142 0
142 142 142 0
142 142 142 0
142 142 142 0
142 142 142 0
142 142 142 0
142 142 7 0
142 7 142 0
7 142 142 0
142 142 142 0
142 142 7 0
142 7 142 0
7 142 142 0
142 142 142 0
142 142 142 0
142 142 142 0
142 142 142 0
142 142 7 0
142 7 142 0
7 142 142 0
142 142 7 0
142 7 7 0
7 7 142 0
7 142 142 0
142 142 142 0
142 142 142 0
142 142 7 0
142 7 7 0
7 7 142 0
7 142 142 0
142 142 142 0
142 142 142 0
142 142 142 0
142 142 7 0
142 7 142 0
7 142 142 0
142 142 142 0
142 142 142 0
142 142 142 0
142 142 142 0
142 142 142 0
142 142 7 0
142 7 142 0
7 142 7 0
142 7 142 0
7 142 7 0
142 7 142 0
7 142 142 0
142 142 142 0
142 142 142 0
142 142 142 0
142 142 142 0
142 142 7 0
142 7 7 0
7 7 7 0
7 7 142 0
7 142 142 0
142 142 142 0
142 142 142 0
142 142 142 0
142 142 142 0
142 142 142 0
142 142 142 0
142 142 7 0
142 7 142 0
7 142 142 0
142 142 142 0
142 142 142 0
142 142 142 0
142 142 142 0
142 142 7 0
142 7 7 0
7 7 142 0
7 142 142 0
142 142 142 0
142 142 142 0
142 142 142 0
142 142 142 0
142 142 142 0
142 142 7 0
142 7 142 0
7 142 142 0
142 142 7 0
142 7 142 0
7 142 7 0
142 7 7 0
7 7 142 0
7 142 142 0
142 142 7 0
142 7 142 0
7 142 7 0
142 7 7 0
7 7 142 0
7 142 142 0
142 142 142 0
142 142 142 0
142 142 7 0
142 7 142 0
7 142 7 0
142 7 142 0
7 142 7 0
142 7 142 0
7 142 142 0
142 142 7 0
142 7 142 0
7 142 142 0
142 142 142 0
142 142 7 0
142 7 142 0
7 142 142 0
142 142 142 0
142 142 142 0
142 142 142 0
142 142 142 0
142 142 142 0
142 142 142 0
142 142 142 0
142 142 142 0
142 142 7 0
142 7 142 0
7 142 7 0
142 7 142 0
7 142 142 0
142 142 142 0
142 142 142 0
142 142 142 0
142 142 142 0
142 142 142 0
142 142 142 0
142 142 142 0
142 142 142 0
142 142 142 0
142 142 142 0
142 142 142 0
142 142 7 0
142 7 142 0
7 142 142 0
142 142 142 0
142 142 142 0
142 142 142 0
142 142 142 0
142 142 142 0
142 142 142 0
142 142 142 0
142 142 7 0
142 7 142 0
7 142 7 0
142 7 142 0
7 142 142 0
142 142 142 0
142 142 7 0
142 7 142 0
7 142 7 0
142 7 142 0
7 142 142 0
142 142 142 0
142 142 142 0
142 142 7 0
142 7 142 0
7 142 142 0
142 142 142 0
142 142 142 0
142 142 142 0
142 142 142 0
142 142 142 0
142 142 142 0
142 142 142 0
142 142 142 0
new
174 174 174 0
174 174 174 0
174 174 174 0
174 174 174 0
174 174 221 0
174 221 221 0
221 221 221 0
221 221 221 0
221 221 221 0
221 221 221 0
221 221 221 0
221 221 221 0
221 221 221 0
221 221 221 0
221 221 221 0
221 221 221 0
221 221 221 0
221 221 221 0
221 221 221 0
221 221 221 0
221 221 221 0
221 221 221 0
221 221 221 0
221 221 221 0
221 221 221 0
221 221 221 0
221 221 221 0
221 221 221 0
221 221 221 0
221 221 221 0
221 221 221 0
221 221 221 0
221 221 221 0
221 221 221 0
221 221 221 0
221 221 221 0
221 221 221 0
221 221 221 0
221 221 221 0
221 221 221 0
221 221 221 0
221 221 63 0
221 63 63 0
63 63 221 0
63 221 221 0
221 221 221 0
221 221 11 0
221 11 45 0
11 45 33 0
45 33 192 0
33 192 33 0
192 33 5 0
33 5 197 0
5 197 192 0
197 192 6 0
192 6 33 0
6 33 5 0
33 5 3 0
5 3 197 0
3 197 192 0
197 192 192 0
192 192 6 0
192 6 33 0
6 33 5 0
33 5 3 0
5 3 197 0
3 197 192 0
197 192 192 0
192 192 192 0
192 192 6 0
192 6 33 0
6 33 5 0
33 5 3 0
5 3 197 0
3 197 192 0
197 192 192 0
192 192 192 0
192 192 6 0
192 6 33 0
6 33 5 0
33 5 3 0
5 3 197 0
3 197 192 0
197 192 192 0
192 192 6 0
192 6 33 0
6 33 5 0
33 5 3 0
5 3 197 0
3 197 192 0
197 192 192 0
192 192 192 0
192 192 6 0
192 6 33 0
6 33 5 0
33 5 3 0
5 3 197 0
3 197 192 0
197 192 192 0
192 192 6 0
192 6 33 0
6 33 5 0
33 5 3 0
5 3 197 0
3 197 192 0
197 192 192 0
192 192 6 0
192 6 33 0
6 33 5 0
33 5 3 0
5 3 197 0
3 197 192 0
197 192 192 0
192 192 192 0
192 192 6 0
192 6 192 0
6 192 243 0
192 243 125 0
243 125 125 0
125 125 125 0
125 125 125 0
125 125 125 0
125 125 125 0
125 125 192 0
125 192 125 0
192 125 125 0
125 125 125 0
125 125 125 0
125 125 91 0
125 91 45 0
91 45 45 0
45 45 5 0
45 5 197 0
5 197 192 0
197 192 192 0
192 192 6 0
192 6 174 0
6 174 4 0
174 4 221 0
4 221 221 0
221 221 174 0
221 174 174 0
new
311 240 240 0
240 240 168 0
240 168 168 0
168 168 42 0
168 42 221 0
42 221 221 0
221 221 221 0
221 221 221 0
221 221 221 0
221 221 221 0
221 221 221 0
221 221 221 0
221 221 168 0
221 168 240 0
168 240 3 0
240 3 240 0
3 240 240 0
240 240 240 0
240 240 240 0
240 240 240 0
240 240 102 0
240 102 168 0
102 168 102 0
168 102 168 0
102 168 102 0
168 102 6 0
102 6 6 0
6 6 168 0
6 168 4 0
168 4 168 0
4 168 42 0
168 42 221 0
42 221 221 0
221 221 221 0
221 221 221 0
221 221 221 0
221 221 221 0
221 221 221 0
221 221 221 0
221 221 168 0
221 168 102 0
168 102 168 0
102 168 102 0
168 102 6 0
102 6 6 0
6 6 168 0
6 168 168 0
168 168 42 0
168 42 221 0
42 221 221 0
221 221 221 0
221 221 221 0
221 221 221 0
221 221 221 0
221 221 221 0
221 221 221 0
221 221 168 0
221 168 3 0
168 3 102 0
3 102 168 0
102 168 102 0
168 102 168 0
102 168 102 0
168 102 6 0
102 6 6 0
6 6 168 0
6 168 168 0
168 168 102 0
168 102 168 0
102 168 168 0
168 168 102 0
168 102 168 0
102 168 4 0
168 4 240 0
4 240 240 0
240 240 240 0
240 240 240 0
240 240 168 0
240 168 42 0
168 42 221 0
42 221 221 0
221 221 221 0
221 221 221 0
221 221 221 0
221 221 221 0
221 221 221 0
221 221 221 0
221 221 168 0
221 168 102 0
168 102 168 0
102 168 102 0
168 102 168 0
102 168 102 0
168 102 6 0
102 6 6 0
6 6 168 0
6 168 4 0
168 4 240 0
4 240 6 0
240 6 6 0
6 6 168 0
6 168 42 0
168 42 221 0
42 221 221 0
221 221 221 0
221 221 221 0
221 221 221 0
221 221 221 0
221 221 221 0
221 221 221 0
221 221 168 0
221 168 3 0
168 3 240 0
3 240 240 0
240 240 102 0
240 102 240 0
102 240 240 0
240 240 102 0
240 102 102 0
102 102 240 0
102 240 168 0
240 168 102 0
168 102 168 0
102 168 102 0
168 102 6 0
102 6 6 0
6 6 168 0
6 168 168 0
168 168 102 0
168 102 168 0
102 168 168 0
168 168 102 0
168 102 168 0
102 168 4 0
168 4 240 0
4 240 168 0
240 168 42 0
168 42 221 0
42 221 221 0
221 221 221 0
221 221 221 0
221 221 221 0
221 221 221 0
221 221 221 0
221 221 221 0
221 221 168 0
221 168 240 0
168 240 3 0
240 3 240 0
3 240 240 0
240 240 240 0
240 240 240 0
240 240 240 0
240 240 102 0
new
