175 174 27 0
174 27 174 0
27 174 174 0
174 174 175 0
174 175 175 0
175 175 13 0
175 13 174 0
13 174 27 0
174 27 175 0
27 175 6 0
175 6 175 0
6 175 175 0
175 175 27 0
175 27 6 0
27 6 5 0
6 5 6 0
5 6 5 0
6 5 63 0
5 63 63 0
63 63 6 0
63 6 197 0
6 197 197 0
197 197 197 0
197 197 60 0
197 60 60 0
60 60 195 0
60 195 5 0
195 5 221 0
5 221 195 0
221 195 197 0
195 197 201 0
197 201 201 0
201 201 13 0
201 13 13 0
13 13 195 0
13 195 13 0
195 13 195 0
13 195 5 0
195 5 197 0
5 197 3 0
197 3 6 0
3 6 197 0
6 197 3 0
197 3 13 0
3 13 13 0
13 13 5 0
13 5 140 0
5 140 197 0
140 197 192 0
197 192 140 0
192 140 91 0
140 91 6 0
91 6 13 0
6 13 13 0
13 13 13 0
13 13 195 0
13 195 196 0
195 196 201 0
196 201 196 0
201 196 201 0
196 201 196 0
201 196 201 0
196 201 5 0
201 5 197 0
5 197 221 0
197 221 5 0
221 5 3 0
5 3 6 0
3 6 195 0
6 195 5 0
195 5 221 0
5 221 221 0
221 221 3 0
221 3 5 0
3 5 195 0
5 195 13 0
195 13 78 0
13 78 5 0
78 5 3 0
5 3 6 0
3 6 45 0
6 45 5 0
45 5 221 0
5 221 221 0
221 221 197 0
221 197 180 0
197 180 6 0
180 6 197 0
6 197 197 0
197 197 13 0
197 13 221 0
13 221 197 0
221 197 180 0
197 180 221 0
180 221 195 0
221 195 195 0
195 195 221 0
195 221 197 0
221 197 221 0
197 221 5 0
221 5 140 0
5 140 197 0
140 197 192 0
197 192 140 0
192 140 91 0
140 91 6 0
91 6 201 0
6 201 201 0
201 201 202 0
201 202 5 0
202 5 3 0
5 3 6 0
3 6 5 0
6 5 140 0
5 140 197 0
140 197 192 0
197 192 140 0
192 140 197 0
140 197 91 0
197 91 6 0
91 6 206 0
6 206 175 0
206 175 175 0
175 175 13 0
175 13 174 0
13 174 27 0
174 27 175 0
27 175 196 0
175 196 201 0
196 201 196 0
201 196 201 0
196 201 195 0
201 195 175 0
195 175 175 0
175 175 27 0
175 27 214 0
27 214 201 0
214 201 201 0
201 201 202 0
201 202 5 0
202 5 3 0
5 3 6 0
3 6 5 0
6 5 140 0
5 140 197 0
140 197 192 0
197 192 140 0
192 140 197 0
140 197 91 0
197 91 6 0
91 6 206 0
6 206 175 0
206 175 175 0
175 175 13 0
175 13 174 0
13 174 27 0
174 27 175 0
27 175 196 0
175 196 201 0
196 201 196 0
201 196 201 0
196 201 195 0
201 195 175 0
195 175 175 0
175 175 27 0
175 27 214 0
27 214 3 0
214 3 5 0
3 5 197 0
5 197 5 0
197 5 221 0
5 221 221 0
221 221 197 0
221 197 4 0
197 4 118 0
4 118 38 0
118 38 118 0
38 118 5 0
118 5 118 0
5 118 6 0
118 6 6 0
6 6 197 0
6 197 197 0
197 197 197 0
197 197 201 0
197 201 13 0
201 13 13 0
13 13 197 0
13 197 197 0
197 197 197 0
197 197 197 0
197 197 197 0
197 197 197 0
197 197 42 0
197 42 197 0
42 197 197 0
197 197 42 0
197 42 197 0
42 197 197 0
197 197 174 0
197 174 120 0
174 120 6 0
120 6 221 0
6 221 6 0
221 6 221 0
6 221 197 0
221 197 13 0
197 13 13 0
13 13 197 0
13 197 19 0
197 19 19 0
19 19 3 0
19 3 3 0
3 3 19 0
3 19 19 0
19 19 4 0
19 4 6 0
4 6 221 0
6 221 221 0
221 221 197 0
221 197 3 0
197 3 78 0
3 78 142 0
78 142 78 0
142 78 3 0
78 3 6 0
3 6 114 0
6 114 13 0
114 13 13 0
13 13 13 0
13 13 102 0
13 102 197 0
102 197 197 0
197 197 197 0
197 197 13 0
197 13 197 0
13 197 197 0
197 197 197 0
197 197 13 0
197 13 196 0
13 196 196 0
196 196 201 0
196 201 196 0
201 196 201 0
196 201 196 0
201 196 201 0
196 201 196 0
201 196 201 0
196 201 13 0
201 13 6 0
13 6 10 0
6 10 5 0
10 5 118 0
5 118 6 0
118 6 10 0
6 10 5 0
10 5 118 0
5 118 6 0
118 6 6 0
6 6 10 0
6 10 27 0
10 27 175 0
27 175 13 0
175 13 196 0
13 196 196 0
196 196 201 0
196 201 196 0
201 196 201 0
196 201 196 0
201 196 201 0
196 201 196 0
201 196 201 0
196 201 6 0
201 6 6 0
6 6 213 0
new
311 240 240 0
240 240 168 0
240 168 168 0
168 168 42 0
168 42 221 0
42 221 221 0
221 221 221 0
221 221 221 0
221 221 221 0
221 221 221 0
221 221 221 0
221 221 221 0
221 221 168 0
221 168 240 0
168 240 3 0
240 3 240 0
3 240 240 0
240 240 240 0
240 240 102 0
240 102 168 0
102 168 102 0
168 102 168 0
102 168 102 0
168 102 6 0
102 6 6 0
6 6 168 0
6 168 4 0
168 4 240 0
4 240 168 0
240 168 102 0
168 102 168 0
102 168 102 0
168 102 168 0
102 168 102 0
168 102 168 0
102 168 168 0
168 168 42 0
168 42 221 0
42 221 221 0
221 221 221 0
221 221 221 0
221 221 221 0
221 221 221 0
221 221 221 0
221 221 221 0
221 221 168 0
221 168 102 0
168 102 168 0
102 168 102 0
168 102 6 0
102 6 6 0
6 6 168 0
6 168 4 0
168 4 240 0
4 240 168 0
240 168 42 0
168 42 221 0
42 221 221 0
221 221 221 0
221 221 221 0
221 221 221 0
221 221 221 0
221 221 221 0
221 221 221 0
221 221 4 0
221 4 168 0
4 168 6 0
168 6 6 0
6 6 168 0
6 168 221 0
168 221 221 0
221 221 240 0
221 240 3 0
240 3 240 0
3 240 168 0
240 168 42 0
168 42 221 0
42 221 221 0
221 221 221 0
221 221 221 0
221 221 221 0
221 221 221 0
221 221 168 0
221 168 240 0
168 240 3 0
240 3 240 0
3 240 240 0
240 240 240 0
240 240 240 0
240 240 240 0
240 240 102 0
240 102 168 0
102 168 102 0
168 102 168 0
102 168 102 0
168 102 6 0
102 6 6 0
6 6 168 0
6 168 4 0
168 4 168 0
4 168 102 0
168 102 168 0
102 168 168 0
168 168 102 0
168 102 168 0
102 168 168 0
168 168 42 0
168 42 221 0
42 221 221 0
221 221 221 0
221 221 221 0
221 221 221 0
221 221 221 0
221 221 221 0
221 221 221 0
221 221 168 0
221 168 3 0
168 3 102 0
3 102 102 0
102 102 168 0
102 168 102 0
168 102 168 0
102 168 102 0
168 102 6 0
102 6 6 0
6 6 168 0
6 168 168 0
168 168 102 0
168 102 168 0
102 168 168 0
168 168 102 0
168 102 168 0
102 168 168 0
168 168 42 0
168 42 221 0
42 221 221 0
221 221 221 0
221 221 221 0
221 221 221 0
221 221 221 0
221 221 221 0
221 221 221 0
new
6 11 45 0
11 45 221 0
45 221 221 0
221 221 221 0
221 221 33 0
221 33 33 0
33 33 192 0
33 192 33 0
192 33 5 0
33 5 197 0
5 197 192 0
197 192 6 0
192 6 33 0
6 33 5 0
33 5 3 0
5 3 197 0
3 197 192 0
197 192 192 0
192 192 6 0
192 6 33 0
6 33 5 0
33 5 3 0
5 3 197 0
3 197 192 0
197 192 192 0
192 192 6 0
192 6 33 0
6 33 5 0
33 5 3 0
5 3 197 0
3 197 192 0
197 192 192 0
192 192 192 0
192 192 192 0
192 192 6 0
192 6 33 0
6 33 5 0
33 5 3 0
5 3 197 0
3 197 192 0
197 192 192 0
192 192 6 0
192 6 33 0
6 33 5 0
33 5 3 0
5 3 197 0
3 197 192 0
197 192 192 0
192 192 6 0
192 6 33 0
6 33 5 0
33 5 3 0
5 3 197 0
3 197 192 0
197 192 192 0
192 192 6 0
192 6 33 0
6 33 5 0
33 5 3 0
5 3 197 0
3 197 192 0
197 192 192 0
192 192 6 0
192 6 33 0
6 33 5 0
33 5 3 0
5 3 197 0
3 197 192 0
197 192 192 0
192 192 192 0
192 192 192 0
192 192 6 0
192 6 33 0
6 33 5 0
33 5 3 0
5 3 197 0
3 197 192 0
197 192 192 0
192 192 6 0
192 6 192 0
6 192 243 0
192 243 125 0
243 125 125 0
125 125 125 0
125 125 125 0
125 125 125 0
125 125 125 0
125 125 125 0
125 125 125 0
125 125 125 0
125 125 125 0
125 125 125 0
125 125 91 0
125 91 258 0
91 258 311 0
258 311 240 0
311 240 240 0
240 240 174 0
240 174 174 0
174 174 175 0
174 175 191 0
175 191 122 0
191 122 155 0
122 155 157 0
155 157 266 0
157 266 160 0
266 160 159 0
160 159 159 0
159 159 45 0
159 45 45 0
45 45 78 0
45 78 5 0
78 5 5 0
5 5 197 0
5 197 192 0
197 192 3 0
192 3 3 0
3 3 6 0
3 6 91 0
6 91 102 0
91 102 102 0
102 102 221 0
102 221 221 0
221 221 201 0
221 201 102 0
201 102 174 0
102 174 168 0
174 168 102 0
168 102 102 0
102 102 168 0
102 168 3 0
168 3 168 0
3 168 102 0
168 102 168 0
102 168 3 0
168 3 168 0
3 168 102 0
168 102 168 0
102 168 102 0
168 102 265 0
102 265 168 0
265 168 102 0
168 102 102 0
102 102 102 0
102 102 265 0
102 265 168 0
265 168 102 0
168 102 102 0
102 102 102 0
new
168 265 3 0
265 3 168 0
3 168 265 0
168 265 168 0
265 168 168 0
168 168 3 0
168 3 168 0
3 168 265 0
168 265 265 0
265 265 168 0
265 168 3 0
168 3 78 0
3 78 78 0
78 78 78 0
78 78 4 0
78 4 4 0
4 4 240 0
4 240 240 0
240 240 265 0
240 265 3 0
265 3 265 0
3 265 33 0
265 33 168 0
33 168 3 0
168 3 3 0
3 3 3 0
3 3 265 0
3 265 3 0
265 3 265 0
3 265 168 0
265 168 168 0
168 168 168 0
168 168 168 0
168 168 168 0
168 168 168 0
168 168 3 0
168 3 168 0
3 168 3 0
168 3 292 0
3 292 3 0
292 3 265 0
3 265 102 0
265 102 102 0
102 102 3 0
102 3 168 0
3 168 168 0
168 168 168 0
168 168 265 0
168 265 168 0
265 168 265 0
168 265 168 0
265 168 265 0
168 265 168 0
265 168 3 0
168 3 265 0
3 265 265 0
265 265 168 0
265 168 3 0
168 3 292 0
3 292 168 0
292 168 168 0
168 168 168 0
168 168 265 0
168 265 3 0
265 3 168 0
3 168 168 0
168 168 54 0
168 54 265 0
54 265 265 0
265 265 3 0
265 3 146 0
3 146 3 0
146 3 3 0
3 3 168 0
3 168 168 0
168 168 3 0
168 3 265 0
3 265 168 0
265 168 265 0
168 265 265 0
265 265 54 0
265 54 3 0
54 3 265 0
3 265 265 0
265 265 168 0
265 168 168 0
168 168 168 0
168 168 78 0
168 78 3 0
78 3 54 0
3 54 168 0
54 168 3 0
168 3 265 0
3 265 168 0
265 168 3 0
168 3 168 0
3 168 168 0
168 168 3 0
168 3 168 0
3 168 54 0
168 54 3 0
54 3 3 0
3 3 265 0
3 265 54 0
265 54 3 0
54 3 54 0
3 54 3 0
54 3 168 0
3 168 168 0
168 168 265 0
168 265 265 0
265 265 168 0
265 168 168 0
168 168 168 0
168 168 3 0
168 3 54 0
3 54 265 0
54 265 3 0
265 3 265 0
3 265 54 0
265 54 168 0
54 168 3 0
168 3 3 0
3 3 168 0
3 168 265 0
168 265 265 0
265 265 265 0
265 265 265 0
265 265 168 0
265 168 168 0
168 168 168 0
168 168 168 0
168 168 265 0
168 265 265 0
265 265 3 0
265 3 3 0
3 3 3 0
3 3 168 0
3 168 3 0
168 3 54 0
3 54 54 0
54 54 168 0
54 168 265 0
168 265 265 0
265 265 3 0
265 3 168 0
3 168 168 0
168 168 265 0
168 265 265 0
265 265 168 0
265 168 168 0
168 168 54 0
168 54 3 0
54 3 3 0
3 3 54 0
3 54 168 0
54 168 54 0
168 54 168 0
54 168 54 0
168 54 168 0
54 168 168 0
168 168 168 0
168 168 292 0
168 292 265 0
292 265 3 0
265 3 3 0
3 3 54 0
3 54 168 0
54 168 292 0
168 292 265 0
292 265 292 0
265 292 3 0
292 3 265 0
3 265 168 0
265 168 195 0
168 195 195 0
195 195 6 0
195 6 195 0
6 195 195 0
195 195 3 0
195 3 78 0
3 78 3 0
78 3 6 0
3 6 195 0
6 195 195 0
195 195 195 0
195 195 195 0
195 195 195 0
195 195 195 0
195 195 195 0
195 195 195 0
195 195 195 0
195 195 195 0
195 195 195 0
195 195 195 0
195 195 195 0
195 195 195 0
195 195 195 0
195 195 195 0
195 195 195 0
195 195 195 0
195 195 195 0
195 195 195 0
195 195 195 0
195 195 195 0
195 195 220 0
195 220 195 0
220 195 195 0
195 195 195 0
195 195 195 0
195 195 195 0
195 195 195 0
195 195 195 0
195 195 195 0
195 195 195 0
195 195 195 0
195 195 195 0
195 195 195 0
195 195 195 0
195 195 195 0
195 195 195 0
195 195 195 0
195 195 195 0
195 195 195 0
195 195 195 0
195 195 195 0
195 195 195 0
195 195 195 0
195 195 195 0
195 195 195 0
195 195 220 0
195 220 195 0
220 195 195 0
195 195 195 0
195 195 195 0
195 195 195 0
195 195 6 0
195 6 195 0
6 195 195 0
195 195 195 0
195 195 195 0
195 195 78 0
195 78 78 0
78 78 78 0
78 78 78 0
78 78 195 0
78 195 220 0
195 220 5 0
220 5 3 0
5 3 196 0
3 196 196 0
196 196 3 0
196 3 78 0
3 78 6 0
78 6 146 0
6 146 3 0
146 3 3 0
3 3 6 0
3 6 146 0
6 146 78 0
146 78 78 0
78 78 78 0
78 78 78 0
78 78 78 0
78 78 78 0
78 78 78 0
78 78 168 0
78 168 168 0
168 168 265 0
168 265 168 0
265 168 6 0
168 6 168 0
6 168 168 0
168 168 168 0
168 168 3 0
168 3 168 0
3 168 3 0
168 3 265 0
3 265 265 0
265 265 265 0
265 265 168 0
265 168 168 0
168 168 3 0
168 3 146 0
3 146 3 0
146 3 168 0
3 168 168 0
168 168 3 0
168 3 168 0
3 168 265 0
168 265 265 0
265 265 168 0
265 168 3 0
168 3 3 0
3 3 168 0
3 168 168 0
168 168 168 0
168 168 168 0
168 168 3 0
168 3 265 0
3 265 3 0
265 3 265 0
3 265 265 0
265 265 3 0
265 3 265 0
3 265 168 0
265 168 3 0
168 3 3 0
3 3 265 0
3 265 3 0
265 3 265 0
3 265 168 0
265 168 265 0
168 265 168 0
265 168 265 0
168 265 168 0
265 168 265 0
168 265 168 0
265 168 265 0
168 265 78 0
265 78 265 0
78 265 265 0
265 265 3 0
265 3 265 0
3 265 168 0
265 168 265 0
168 265 168 0
265 168 265 0
168 265 265 0
265 265 3 0
265 3 168 0
3 168 168 0
168 168 168 0
168 168 265 0
168 265 3 0
265 3 168 0
3 168 3 0
168 3 168 0
3 168 168 0
168 168 3 0
168 3 3 0
3 3 265 0
3 265 168 0
265 168 265 0
168 265 168 0
265 168 146 0
168 146 3 0
146 3 168 0
3 168 265 0
168 265 3 0
265 3 265 0
3 265 265 0
265 265 168 0
265 168 3 0
168 3 146 0
3 146 168 0
146 168 168 0
168 168 265 0
168 265 78 0
265 78 3 0
78 3 265 0
3 265 168 0
265 168 78 0
168 78 265 0
78 265 3 0
265 3 265 0
3 265 168 0
265 168 78 0
168 78 265 0
78 265 3 0
265 3 265 0
3 265 168 0
265 168 78 0
168 78 265 0
78 265 3 0
265 3 265 0
3 265 168 0
265 168 78 0
168 78 265 0
78 265 3 0
265 3 265 0
3 265 168 0
265 168 78 0
168 78 265 0
78 265 3 0
265 3 265 0
3 265 168 0
265 168 78 0
168 78 265 0
78 265 3 0
265 3 265 0
3 265 168 0
265 168 78 0
168 78 265 0
78 265 3 0
265 3 265 0
3 265 168 0
265 168 78 0
168 78 265 0
78 265 3 0
265 3 265 0
3 265 168 0
265 168 78 0
168 78 265 0
78 265 3 0
265 3 265 0
3 265 168 0
265 168 78 0
168 78 265 0
78 265 3 0
265 3 265 0
3 265 168 0
265 168 78 0
168 78 265 0
78 265 3 0
265 3 3 0
3 3 265 0
3 265 168 0
265 168 168 0
168 168 265 0
168 265 78 0
265 78 265 0
78 265 78 0
265 78 265 0
78 265 265 0
265 265 168 0
265 168 265 0
168 265 168 0
265 168 78 0
168 78 265 0
78 265 265 0
265 265 168 0
265 168 168 0
168 168 78 0
168 78 168 0
78 168 78 0
168 78 168 0
78 168 3 0
168 3 168 0
3 168 265 0
168 265 3 0
265 3 78 0
3 78 78 0
78 78 3 0
78 3 265 0
3 265 3 0
265 3 265 0
3 265 3 0
265 3 3 0
3 3 265 0
3 265 3 0
265 3 265 0
3 265 265 0
265 265 78 0
265 78 265 0
78 265 3 0
265 3 265 0
3 265 168 0
265 168 168 0
168 168 3 0
168 3 265 0
3 265 265 0
265 265 3 0
265 3 78 0
3 78 3 0
78 3 168 0
3 168 78 0
168 78 3 0
78 3 265 0
3 265 265 0
265 265 168 0
265 168 168 0
168 168 3 0
168 3 265 0
3 265 3 0
265 3 265 0
3 265 78 0
265 78 168 0
78 168 265 0
168 265 265 0
265 265 3 0
265 3 265 0
3 265 168 0
265 168 265 0
168 265 168 0
265 168 265 0
168 265 168 0
265 168 168 0
168 168 3 0
168 3 265 0
3 265 3 0
265 3 265 0
3 265 78 0
265 78 168 0
78 168 78 0
168 78 168 0
78 168 3 0
168 3 168 0
3 168 168 0
168 168 78 0
168 78 265 0
78 265 168 0
265 168 265 0
168 265 168 0
265 168 78 0
168 78 3 0
78 3 265 0
3 265 265 0
265 265 168 0
265 168 265 0
168 265 3 0
265 3 78 0
3 78 265 0
78 265 265 0
265 265 3 0
265 3 3 0
3 3 265 0
3 265 168 0
265 168 3 0
168 3 168 0
3 168 78 0
168 78 78 0
78 78 78 0
78 78 3 0
78 3 78 0
3 78 265 0
78 265 3 0
265 3 3 0
3 3 168 0
3 168 3 0
168 3 265 0
3 265 168 0
265 168 78 0
168 78 3 0
78 3 3 0
3 3 78 0
3 78 265 0
78 265 168 0
265 168 3 0
168 3 265 0
3 265 168 0
265 168 3 0
168 3 3 0
3 3 265 0
3 265 168 0
265 168 78 0
168 78 78 0
78 78 265 0
78 265 265 0
265 265 265 0
265 265 3 0
265 3 168 0
3 168 78 0
168 78 168 0
78 168 3 0
168 3 265 0
3 265 168 0
265 168 3 0
168 3 265 0
3 265 3 0
265 3 78 0
3 78 265 0
78 265 168 0
265 168 3 0
168 3 3 0
3 3 265 0
3 265 3 0
265 3 78 0
3 78 168 0
78 168 3 0
168 3 78 0
3 78 168 0
78 168 78 0
168 78 168 0
78 168 265 0
168 265 3 0
265 3 168 0
3 168 78 0
168 78 265 0
78 265 3 0
265 3 168 0
3 168 265 0
168 265 78 0
265 78 3 0
78 3 168 0
3 168 3 0
168 3 168 0
3 168 265 0
168 265 3 0
265 3 3 0
3 3 265 0
3 265 78 0
265 78 78 0
78 78 78 0
78 78 265 0
78 265 78 0
265 78 265 0
78 265 168 0
265 168 168 0
168 168 265 0
168 265 265 0
265 265 3 0
265 3 168 0
3 168 3 0
168 3 78 0
3 78 78 0
78 78 3 0
78 3 265 0
3 265 265 0
265 265 78 0
265 78 78 0
78 78 78 0
78 78 168 0
78 168 265 0
168 265 265 0
265 265 168 0
265 168 265 0
168 265 3 0
265 3 78 0
3 78 78 0
78 78 78 0
78 78 3 0
78 3 168 0
3 168 265 0
168 265 78 0
265 78 168 0
78 168 78 0
168 78 78 0
78 78 265 0
78 265 3 0
265 3 78 0
3 78 78 0
78 78 78 0
78 78 265 0
78 265 3 0
265 3 3 0
3 3 168 0
3 168 78 0
168 78 78 0
78 78 3 0
78 3 168 0
3 168 78 0
168 78 3 0
78 3 168 0
3 168 168 0
168 168 265 0
168 265 265 0
265 265 3 0
265 3 168 0
3 168 3 0
168 3 78 0
3 78 168 0
78 168 3 0
168 3 78 0
3 78 265 0
78 265 78 0
265 78 78 0
78 78 168 0
78 168 265 0
168 265 168 0
265 168 3 0
168 3 265 0
3 265 3 0
265 3 265 0
3 265 3 0
265 3 265 0
3 265 78 0
265 78 265 0
78 265 168 0
265 168 3 0
168 3 3 0
3 3 78 0
3 78 78 0
78 78 168 0
78 168 168 0
168 168 265 0
168 265 3 0
265 3 168 0
3 168 265 0
168 265 3 0
265 3 168 0
3 168 78 0
168 78 168 0
78 168 78 0
168 78 265 0
78 265 78 0
265 78 265 0
78 265 168 0
265 168 168 0
168 168 265 0
168 265 3 0
265 3 3 0
3 3 78 0
3 78 78 0
78 78 168 0
78 168 78 0
168 78 168 0
78 168 78 0
168 78 78 0
78 78 265 0
78 265 265 0
265 265 3 0
265 3 265 0
3 265 168 0
265 168 265 0
168 265 3 0
265 3 265 0
3 265 265 0
265 265 3 0
265 3 3 0
3 3 168 0
3 168 3 0
168 3 168 0
3 168 3 0
168 3 265 0
3 265 168 0
265 168 265 0
168 265 3 0
265 3 265 0
3 265 3 0
265 3 168 0
3 168 168 0
168 168 168 0
168 168 168 0
168 168 168 0
168 168 265 0
168 265 78 0
265 78 3 0
78 3 3 0
3 3 3 0
3 3 3 0
3 3 3 0
3 3 265 0
3 265 265 0
265 265 78 0
265 78 168 0
78 168 265 0
168 265 265 0
265 265 265 0
265 265 78 0
265 78 78 0
78 78 265 0
78 265 168 0
265 168 78 0
168 78 78 0
78 78 168 0
78 168 78 0
168 78 168 0
78 168 265 0
168 265 168 0
265 168 3 0
168 3 168 0
3 168 168 0
168 168 265 0
168 265 3 0
265 3 78 0
3 78 168 0
78 168 78 0
168 78 168 0
78 168 3 0
168 3 168 0
3 168 265 0
168 265 168 0
265 168 265 0
168 265 3 0
265 3 265 0
3 265 3 0
265 3 3 0
3 3 265 0
3 265 78 0
265 78 265 0
78 265 168 0
265 168 3 0
168 3 168 0
3 168 3 0
168 3 265 0
3 265 265 0
265 265 3 0
265 3 78 0
3 78 3 0
78 3 265 0
3 265 265 0
265 265 3 0
265 3 3 0
3 3 168 0
3 168 3 0
168 3 78 0
3 78 265 0
78 265 78 0
265 78 265 0
78 265 265 0
265 265 265 0
265 265 78 0
265 78 78 0
78 78 168 0
78 168 3 0
168 3 168 0
3 168 168 0
168 168 265 0
168 265 3 0
265 3 3 0
3 3 265 0
3 265 168 0
265 168 168 0
168 168 78 0
168 78 168 0
78 168 3 0
168 3 265 0
3 265 3 0
265 3 265 0
3 265 78 0
265 78 265 0
78 265 265 0
265 265 168 0
265 168 168 0
168 168 168 0
168 168 168 0
168 168 168 0
168 168 3 0
168 3 3 0
3 3 168 0
3 168 265 0
168 265 78 0
265 78 3 0
78 3 265 0
3 265 168 0
265 168 265 0
168 265 265 0
265 265 265 0
265 265 78 0
265 78 168 0
78 168 265 0
168 265 265 0
265 265 78 0
265 78 78 0
78 78 78 0
78 78 168 0
78 168 168 0
168 168 265 0
168 265 265 0
265 265 265 0
265 265 3 0
265 3 265 0
3 265 168 0
265 168 168 0
168 168 265 0
168 265 265 0
265 265 265 0
265 265 3 0
265 3 168 0
3 168 168 0
168 168 265 0
168 265 3 0
265 3 168 0
3 168 265 0
168 265 78 0
265 78 265 0
78 265 265 0
265 265 3 0
265 3 265 0
3 265 168 0
265 168 265 0
168 265 168 0
265 168 3 0
168 3 265 0
3 265 78 0
265 78 168 0
78 168 265 0
168 265 168 0
265 168 3 0
168 3 78 0
3 78 168 0
78 168 265 0
168 265 3 0
265 3 3 0
3 3 168 0
3 168 78 0
168 78 265 0
78 265 168 0
265 168 78 0
168 78 265 0
78 265 3 0
265 3 168 0
3 168 78 0
168 78 265 0
78 265 168 0
265 168 265 0
168 265 265 0
265 265 3 0
265 3 78 0
3 78 265 0
78 265 168 0
265 168 168 0
168 168 3 0
168 3 78 0
3 78 3 0
78 3 3 0
3 3 3 0
3 3 3 0
3 3 168 0
3 168 168 0
168 168 168 0
168 168 3 0
168 3 78 0
3 78 3 0
78 3 3 0
3 3 3 0
3 3 3 0
3 3 168 0
3 168 265 0
168 265 3 0
265 3 265 0
3 265 265 0
265 265 3 0
265 3 78 0
3 78 3 0
78 3 3 0
3 3 78 0
3 78 78 0
78 78 78 0
78 78 265 0
78 265 3 0
265 3 3 0
3 3 265 0
3 265 3 0
265 3 78 0
3 78 3 0
78 3 78 0
3 78 265 0
78 265 3 0
265 3 265 0
3 265 168 0
265 168 3 0
168 3 168 0
3 168 3 0
168 3 265 0
3 265 78 0
265 78 78 0
78 78 168 0
78 168 265 0
168 265 265 0
265 265 265 0
265 265 3 0
265 3 168 0
3 168 168 0
168 168 78 0
168 78 168 0
78 168 168 0
168 168 3 0
168 3 78 0
3 78 78 0
78 78 265 0
78 265 3 0
265 3 78 0
3 78 265 0
78 265 265 0
265 265 3 0
265 3 265 0
3 265 168 0
265 168 3 0
168 3 168 0
3 168 265 0
168 265 78 0
265 78 265 0
78 265 265 0
265 265 265 0
265 265 168 0
265 168 265 0
168 265 168 0
265 168 3 0
168 3 265 0
3 265 168 0
265 168 265 0
168 265 265 0
265 265 265 0
265 265 78 0
265 78 3 0
78 3 168 0
3 168 3 0
168 3 3 0
3 3 3 0
3 3 265 0
3 265 265 0
265 265 265 0
265 265 265 0
265 265 3 0
265 3 265 0
3 265 265 0
265 265 168 0
265 168 3 0
168 3 78 0
3 78 265 0
78 265 265 0
265 265 265 0
265 265 168 0
265 168 3 0
168 3 78 0
3 78 265 0
78 265 3 0
265 3 3 0
3 3 168 0
3 168 78 0
168 78 78 0
78 78 168 0
78 168 265 0
168 265 265 0
265 265 78 0
265 78 265 0
78 265 265 0
265 265 168 0
265 168 265 0
168 265 3 0
265 3 265 0
3 265 3 0
265 3 168 0
3 168 265 0
168 265 265 0
265 265 168 0
265 168 265 0
168 265 78 0
265 78 265 0
78 265 168 0
265 168 265 0
168 265 3 0
265 3 78 0
3 78 3 0
78 3 3 0
3 3 78 0
3 78 3 0
78 3 265 0
3 265 168 0
265 168 78 0
168 78 3 0
78 3 78 0
3 78 3 0
78 3 265 0
3 265 265 0
265 265 265 0
265 265 3 0
265 3 265 0
3 265 265 0
265 265 265 0
265 265 3 0
265 3 78 0
3 78 265 0
78 265 3 0
265 3 78 0
3 78 265 0
78 265 168 0
265 168 265 0
168 265 168 0
265 168 168 0
168 168 265 0
168 265 78 0
265 78 78 0
78 78 265 0
78 265 265 0
265 265 3 0
265 3 168 0
3 168 3 0
168 3 265 0
3 265 3 0
265 3 78 0
3 78 265 0
78 265 265 0
265 265 3 0
265 3 168 0
3 168 78 0
168 78 168 0
78 168 3 0
168 3 265 0
3 265 78 0
265 78 168 0
78 168 265 0
168 265 78 0
265 78 168 0
78 168 265 0
168 265 3 0
265 3 168 0
3 168 3 0
168 3 168 0
3 168 265 0
168 265 3 0
265 3 265 0
3 265 78 0
265 78 78 0
78 78 168 0
78 168 265 0
168 265 3 0
265 3 265 0
3 265 168 0
265 168 3 0
168 3 168 0
3 168 78 0
168 78 78 0
78 78 265 0
78 265 78 0
265 78 265 0
78 265 265 0
265 265 3 0
265 3 265 0
3 265 265 0
265 265 78 0
265 78 78 0
78 78 3 0
78 3 168 0
3 168 265 0
168 265 265 0
265 265 265 0
265 265 3 0
265 3 78 0
3 78 265 0
78 265 78 0
265 78 168 0
78 168 265 0
168 265 168 0
265 168 265 0
168 265 265 0
265 265 168 0
265 168 265 0
168 265 168 0
265 168 265 0
168 265 168 0
265 168 168 0
168 168 265 0
168 265 168 0
265 168 3 0
168 3 265 0
3 265 265 0
265 265 265 0
265 265 265 0
265 265 265 0
265 265 265 0
265 265 3 0
265 3 168 0
3 168 78 0
168 78 3 0
78 3 3 0
3 3 168 0
3 168 265 0
168 265 265 0
265 265 3 0
265 3 168 0
3 168 168 0
168 168 265 0
168 265 265 0
265 265 3 0
265 3 168 0
3 168 265 0
168 265 3 0
265 3 168 0
3 168 265 0
168 265 3 0
265 3 3 0
3 3 78 0
3 78 265 0
78 265 3 0
265 3 168 0
3 168 3 0
168 3 168 0
3 168 78 0
168 78 78 0
78 78 3 0
78 3 168 0
3 168 78 0
168 78 3 0
78 3 265 0
3 265 168 0
265 168 3 0
168 3 3 0
3 3 168 0
3 168 265 0
168 265 265 0
265 265 78 0
265 78 265 0
78 265 3 0
265 3 265 0
3 265 265 0
265 265 168 0
265 168 168 0
168 168 265 0
168 265 265 0
265 265 3 0
265 3 168 0
3 168 168 0
168 168 168 0
168 168 168 0
168 168 78 0
168 78 168 0
78 168 3 0
168 3 78 0
3 78 168 0
78 168 265 0
168 265 265 0
265 265 3 0
265 3 78 0
3 78 265 0
78 265 168 0
265 168 265 0
168 265 168 0
265 168 265 0
168 265 265 0
265 265 265 0
265 265 265 0
265 265 168 0
265 168 265 0
168 265 3 0
265 3 78 0
3 78 78 0
78 78 265 0
78 265 3 0
265 3 265 0
3 265 265 0
265 265 168 0
265 168 78 0
168 78 3 0
78 3 265 0
3 265 265 0
265 265 78 0
265 78 265 0
78 265 78 0
265 78 168 0
78 168 3 0
168 3 265 0
3 265 265 0
265 265 3 0
265 3 265 0
3 265 3 0
265 3 78 0
3 78 3 0
78 3 265 0
3 265 78 0
265 78 265 0
78 265 3 0
265 3 265 0
3 265 78 0
265 78 3 0
78 3 265 0
3 265 78 0
265 78 265 0
78 265 265 0
265 265 265 0
265 265 265 0
265 265 168 0
265 168 168 0
168 168 168 0
168 168 265 0
168 265 168 0
265 168 168 0
168 168 78 0
168 78 168 0
78 168 265 0
168 265 3 0
265 3 3 0
3 3 168 0
3 168 3 0
168 3 78 0
3 78 3 0
78 3 78 0
3 78 265 0
78 265 3 0
265 3 265 0
3 265 168 0
265 168 168 0
168 168 265 0
168 265 78 0
265 78 265 0
78 265 265 0
265 265 3 0
265 3 78 0
3 78 168 0
78 168 3 0
168 3 265 0
3 265 265 0
265 265 3 0
265 3 3 0
3 3 265 0
3 265 265 0
265 265 265 0
265 265 78 0
265 78 3 0
78 3 3 0
3 3 168 0
3 168 265 0
168 265 265 0
265 265 3 0
265 3 265 0
3 265 3 0
265 3 78 0
3 78 168 0
78 168 78 0
168 78 3 0
78 3 3 0
3 3 168 0
3 168 265 0
168 265 168 0
265 168 78 0
168 78 265 0
78 265 78 0
265 78 168 0
78 168 78 0
168 78 265 0
78 265 265 0
265 265 168 0
265 168 3 0
168 3 168 0
3 168 78 0
168 78 78 0
78 78 78 0
78 78 168 0
78 168 168 0
168 168 265 0
168 265 168 0
265 168 3 0
168 3 3 0
3 3 168 0
3 168 265 0
168 265 78 0
265 78 265 0
78 265 3 0
265 3 78 0
3 78 265 0
78 265 168 0
265 168 78 0
168 78 78 0
78 78 3 0
78 3 78 0
3 78 265 0
78 265 78 0
265 78 3 0
78 3 3 0
3 3 3 0
3 3 78 0
3 78 78 0
78 78 168 0
78 168 265 0
168 265 168 0
265 168 265 0
168 265 168 0
265 168 3 0
168 3 168 0
3 168 78 0
168 78 78 0
78 78 265 0
78 265 265 0
265 265 78 0
265 78 265 0
78 265 265 0
265 265 265 0
265 265 78 0
265 78 265 0
78 265 265 0
265 265 168 0
265 168 168 0
168 168 168 0
168 168 265 0
168 265 265 0
265 265 3 0
265 3 265 0
3 265 3 0
265 3 168 0
3 168 168 0
168 168 168 0
168 168 168 0
168 168 3 0
168 3 78 0
3 78 265 0
78 265 168 0
265 168 265 0
168 265 265 0
265 265 168 0
265 168 265 0
168 265 3 0
265 3 168 0
3 168 265 0
168 265 168 0
265 168 265 0
168 265 78 0
265 78 3 0
78 3 78 0
3 78 168 0
78 168 168 0
168 168 78 0
168 78 78 0
78 78 168 0
78 168 78 0
168 78 78 0
78 78 265 0
78 265 168 0
265 168 78 0
168 78 168 0
78 168 3 0
168 3 3 0
3 3 265 0
3 265 3 0
265 3 168 0
3 168 265 0
168 265 168 0
265 168 3 0
168 3 78 0
3 78 168 0
78 168 3 0
168 3 3 0
3 3 265 0
3 265 168 0
265 168 265 0
168 265 168 0
265 168 265 0
168 265 78 0
265 78 168 0
78 168 265 0
168 265 168 0
265 168 265 0
168 265 265 0
265 265 265 0
265 265 265 0
265 265 3 0
265 3 168 0
3 168 3 0
168 3 168 0
3 168 265 0
168 265 168 0
265 168 3 0
168 3 3 0
3 3 168 0
3 168 168 0
168 168 3 0
168 3 168 0
3 168 168 0
168 168 168 0
168 168 3 0
168 3 3 0
3 3 265 0
3 265 265 0
265 265 3 0
265 3 3 0
3 3 168 0
3 168 78 0
168 78 168 0
78 168 168 0
168 168 78 0
168 78 78 0
78 78 265 0
78 265 265 0
265 265 265 0
265 265 78 0
265 78 3 0
78 3 265 0
3 265 265 0
265 265 78 0
265 78 265 0
78 265 3 0
265 3 3 0
3 3 78 0
3 78 78 0
78 78 168 0
78 168 3 0
168 3 3 0
3 3 265 0
3 265 168 0
265 168 78 0
168 78 168 0
78 168 265 0
168 265 265 0
265 265 168 0
265 168 265 0
168 265 78 0
265 78 265 0
78 265 168 0
265 168 168 0
168 168 168 0
168 168 265 0
168 265 265 0
265 265 78 0
265 78 168 0
78 168 3 0
168 3 168 0
3 168 168 0
168 168 168 0
168 168 3 0
168 3 78 0
3 78 168 0
78 168 78 0
168 78 78 0
78 78 78 0
78 78 265 0
78 265 3 0
265 3 168 0
3 168 265 0
168 265 78 0
265 78 168 0
78 168 265 0
168 265 3 0
265 3 168 0
3 168 265 0
168 265 78 0
265 78 168 0
78 168 265 0
168 265 3 0
265 3 265 0
3 265 3 0
265 3 3 0
3 3 3 0
3 3 3 0
3 3 78 0
3 78 168 0
78 168 3 0
168 3 78 0
3 78 168 0
78 168 3 0
168 3 265 0
3 265 265 0
265 265 3 0
265 3 3 0
3 3 168 0
3 168 168 0
168 168 168 0
168 168 265 0
168 265 265 0
265 265 265 0
265 265 3 0
265 3 168 0
3 168 168 0
168 168 168 0
168 168 265 0
168 265 168 0
265 168 168 0
168 168 265 0
168 265 168 0
265 168 168 0
168 168 168 0
168 168 78 0
168 78 78 0
78 78 3 0
78 3 78 0
3 78 78 0
78 78 3 0
78 3 168 0
3 168 168 0
168 168 78 0
168 78 3 0
78 3 265 0
3 265 3 0
265 3 3 0
3 3 265 0
3 265 265 0
265 265 265 0
265 265 168 0
265 168 265 0
168 265 265 0
265 265 265 0
265 265 78 0
265 78 168 0
78 168 265 0
168 265 3 0
265 3 3 0
3 3 78 0
3 78 265 0
78 265 168 0
265 168 265 0
168 265 168 0
265 168 168 0
168 168 78 0
168 78 265 0
78 265 168 0
265 168 78 0
168 78 3 0
78 3 78 0
3 78 168 0
78 168 3 0
168 3 265 0
3 265 265 0
265 265 168 0
265 168 168 0
168 168 265 0
168 265 3 0
265 3 168 0
3 168 265 0
168 265 168 0
265 168 265 0
168 265 3 0
265 3 78 0
3 78 168 0
78 168 78 0
168 78 78 0
78 78 265 0
78 265 265 0
265 265 168 0
265 168 168 0
168 168 168 0
168 168 3 0
168 3 265 0
3 265 168 0
265 168 168 0
168 168 265 0
168 265 265 0
265 265 265 0
265 265 3 0
265 3 78 0
3 78 3 0
78 3 78 0
3 78 3 0
78 3 3 0
3 3 265 0
3 265 168 0
265 168 265 0
168 265 3 0
265 3 265 0
3 265 3 0
265 3 168 0
3 168 265 0
168 265 265 0
265 265 168 0
265 168 265 0
168 265 3 0
265 3 265 0
3 265 168 0
265 168 78 0
168 78 168 0
78 168 168 0
168 168 78 0
168 78 78 0
78 78 78 0
78 78 78 0
78 78 3 0
78 3 78 0
3 78 78 0
78 78 78 0
78 78 3 0
78 3 168 0
3 168 78 0
168 78 265 0
78 265 3 0
265 3 3 0
3 3 265 0
3 265 3 0
265 3 168 0
3 168 265 0
168 265 78 0
265 78 265 0
78 265 265 0
265 265 265 0
265 265 265 0
265 265 3 0
265 3 265 0
3 265 265 0
265 265 265 0
265 265 3 0
265 3 3 0
3 3 78 0
3 78 168 0
78 168 168 0
168 168 168 0
168 168 265 0
168 265 265 0
265 265 265 0
265 265 78 0
265 78 265 0
78 265 168 0
265 168 265 0
168 265 168 0
265 168 78 0
168 78 3 0
78 3 265 0
3 265 265 0
265 265 168 0
265 168 265 0
168 265 168 0
265 168 168 0
168 168 168 0
168 168 168 0
168 168 78 0
168 78 265 0
78 265 168 0
265 168 3 0
168 3 78 0
3 78 3 0
78 3 78 0
3 78 78 0
78 78 168 0
78 168 265 0
168 265 168 0
265 168 265 0
168 265 3 0
265 3 3 0
3 3 3 0
3 3 265 0
3 265 168 0
265 168 168 0
168 168 265 0
168 265 3 0
265 3 168 0
3 168 265 0
168 265 265 0
265 265 3 0
265 3 78 0
3 78 265 0
78 265 78 0
265 78 265 0
78 265 168 0
265 168 265 0
168 265 78 0
265 78 3 0
78 3 168 0
3 168 168 0
168 168 265 0
168 265 265 0
265 265 3 0
265 3 265 0
3 265 78 0
265 78 168 0
78 168 78 0
168 78 168 0
78 168 3 0
168 3 265 0
3 265 78 0
265 78 168 0
78 168 78 0
168 78 265 0
78 265 78 0
265 78 168 0
78 168 3 0
168 3 78 0
3 78 265 0
78 265 78 0
265 78 265 0
78 265 78 0
265 78 265 0
78 265 78 0
265 78 265 0
78 265 168 0
265 168 78 0
168 78 265 0
78 265 3 0
265 3 265 0
3 265 3 0
265 3 78 0
3 78 265 0
78 265 168 0
265 168 265 0
168 265 78 0
265 78 3 0
78 3 3 0
3 3 265 0
3 265 265 0
265 265 168 0
265 168 78 0
168 78 265 0
78 265 265 0
265 265 265 0
265 265 168 0
265 168 3 0
168 3 78 0
3 78 78 0
78 78 265 0
78 265 265 0
265 265 265 0
265 265 3 0
265 3 265 0
3 265 78 0
265 78 3 0
78 3 265 0
3 265 265 0
265 265 3 0
265 3 168 0
3 168 3 0
168 3 3 0
3 3 78 0
3 78 265 0
78 265 78 0
265 78 168 0
78 168 168 0
168 168 265 0
168 265 168 0
265 168 265 0
168 265 3 0
265 3 265 0
3 265 265 0
265 265 78 0
265 78 168 0
78 168 3 0
168 3 3 0
3 3 168 0
3 168 3 0
168 3 3 0
3 3 265 0
3 265 78 0
265 78 168 0
78 168 265 0
168 265 168 0
265 168 265 0
168 265 168 0
265 168 3 0
168 3 168 0
3 168 168 0
168 168 78 0
168 78 168 0
78 168 3 0
168 3 3 0
3 3 168 0
3 168 78 0
168 78 78 0
78 78 78 0
78 78 265 0
78 265 78 0
265 78 265 0
78 265 265 0
265 265 78 0
265 78 265 0
78 265 265 0
265 265 168 0
265 168 168 0
168 168 168 0
168 168 3 0
168 3 3 0
3 3 78 0
3 78 168 0
78 168 168 0
168 168 3 0
168 3 78 0
3 78 265 0
78 265 265 0
265 265 168 0
265 168 78 0
168 78 78 0
78 78 168 0
78 168 3 0
168 3 168 0
3 168 265 0
168 265 168 0
265 168 265 0
168 265 3 0
265 3 3 0
3 3 78 0
3 78 168 0
78 168 265 0
168 265 168 0
265 168 265 0
168 265 3 0
265 3 168 0
3 168 78 0
168 78 265 0
78 265 78 0
265 78 78 0
78 78 168 0
78 168 265 0
168 265 78 0
265 78 168 0
78 168 3 0
168 3 168 0
3 168 78 0
168 78 265 0
78 265 3 0
265 3 3 0
3 3 3 0
3 3 3 0
3 3 168 0
3 168 168 0
168 168 168 0
168 168 265 0
168 265 168 0
265 168 265 0
168 265 265 0
265 265 265 0
265 265 168 0
265 168 168 0
168 168 265 0
168 265 168 0
265 168 168 0
168 168 3 0
168 3 168 0
3 168 265 0
168 265 292 0
265 292 168 0
292 168 292 0
168 292 3 0
292 3 265 0
3 265 265 0
265 265 168 0
265 168 292 0
168 292 168 0
292 168 3 0
168 3 3 0
3 3 168 0
3 168 168 0
168 168 168 0
168 168 168 0
168 168 3 0
168 3 168 0
3 168 168 0
168 168 3 0
168 3 146 0
3 146 168 0
146 168 265 0
168 265 265 0
265 265 3 0
265 3 3 0
3 3 3 0
3 3 168 0
3 168 292 0
168 292 168 0
292 168 265 0
new
6 6 63 0
6 63 6 0
63 6 195 0
6 195 195 0
195 195 195 0
195 195 195 0
195 195 195 0
195 195 195 0
195 195 11 0
195 11 45 0
11 45 33 0
45 33 192 0
33 192 33 0
192 33 5 0
33 5 197 0
5 197 192 0
197 192 6 0
192 6 33 0
6 33 5 0
33 5 3 0
5 3 197 0
3 197 192 0
197 192 192 0
192 192 6 0
192 6 33 0
6 33 5 0
33 5 3 0
5 3 197 0
3 197 192 0
197 192 192 0
192 192 192 0
192 192 6 0
192 6 33 0
6 33 5 0
33 5 3 0
5 3 197 0
3 197 192 0
197 192 192 0
192 192 192 0
192 192 6 0
192 6 33 0
6 33 5 0
33 5 3 0
5 3 197 0
3 197 192 0
197 192 192 0
192 192 6 0
192 6 33 0
6 33 5 0
33 5 3 0
5 3 197 0
3 197 192 0
197 192 192 0
192 192 192 0
192 192 6 0
192 6 33 0
6 33 5 0
33 5 3 0
5 3 197 0
3 197 192 0
197 192 192 0
192 192 6 0
192 6 33 0
6 33 5 0
33 5 3 0
5 3 197 0
3 197 192 0
197 192 192 0
192 192 6 0
192 6 33 0
6 33 5 0
33 5 3 0
5 3 197 0
3 197 192 0
197 192 192 0
192 192 192 0
192 192 6 0
192 6 192 0
6 192 243 0
192 243 125 0
243 125 125 0
125 125 125 0
125 125 125 0
125 125 125 0
125 125 125 0
125 125 192 0
125 192 125 0
192 125 125 0
125 125 125 0
125 125 125 0
125 125 91 0
125 91 45 0
91 45 45 0
45 45 195 0
45 195 195 0
195 195 195 0
195 195 5 0
195 5 221 0
5 221 141 0
221 141 141 0
141 141 6 0
141 6 5 0
6 5 3 0
5 3 3 0
3 3 6 0
3 6 5 0
6 5 3 0
5 3 3 0
3 3 6 0
3 6 5 0
6 5 3 0
5 3 3 0
3 3 6 0
3 6 5 0
6 5 3 0
5 3 3 0
3 3 6 0
3 6 5 0
6 5 3 0
5 3 3 0
3 3 6 0
3 6 5 0
6 5 3 0
5 3 3 0
3 3 6 0
3 6 5 0
6 5 3 0
5 3 3 0
3 3 6 0
3 6 5 0
6 5 3 0
5 3 3 0
3 3 6 0
3 6 5 0
6 5 3 0
5 3 3 0
3 3 6 0
3 6 5 0
6 5 3 0
5 3 3 0
3 3 6 0
3 6 5 0
6 5 3 0
5 3 3 0
3 3 6 0
3 6 195 0
6 195 195 0
195 195 195 0
195 195 195 0
new
3 102 3 0
102 3 168 0
3 168 102 0
168 102 3 0
102 3 3 0
3 3 168 0
3 168 3 0
168 3 168 0
3 168 3 0
168 3 3 0
3 3 168 0
3 168 102 0
168 102 3 0
102 3 3 0
3 3 3 0
3 3 168 0
3 168 3 0
168 3 168 0
3 168 102 0
168 102 3 0
102 3 168 0
3 168 102 0
168 102 168 0
102 168 3 0
168 3 168 0
3 168 3 0
168 3 3 0
3 3 102 0
3 102 102 0
102 102 102 0
102 102 168 0
102 168 3 0
168 3 102 0
3 102 3 0
102 3 3 0
3 3 168 0
3 168 3 0
168 3 3 0
3 3 3 0
3 3 3 0
3 3 102 0
3 102 102 0
102 102 168 0
102 168 3 0
168 3 102 0
3 102 102 0
102 102 3 0
102 3 3 0
3 3 3 0
3 3 3 0
3 3 102 0
3 102 3 0
102 3 102 0
3 102 168 0
102 168 168 0
168 168 102 0
168 102 102 0
102 102 3 0
102 3 168 0
3 168 3 0
168 3 168 0
3 168 168 0
168 168 3 0
168 3 3 0
3 3 168 0
3 168 168 0
168 168 3 0
168 3 3 0
3 3 102 0
3 102 102 0
102 102 3 0
102 3 102 0
3 102 168 0
102 168 3 0
168 3 3 0
3 3 3 0
3 3 3 0
3 3 168 0
3 168 102 0
168 102 168 0
102 168 3 0
168 3 168 0
3 168 3 0
168 3 3 0
3 3 102 0
3 102 102 0
102 102 168 0
102 168 168 0
168 168 3 0
168 3 102 0
3 102 168 0
102 168 102 0
168 102 102 0
102 102 3 0
102 3 168 0
3 168 3 0
168 3 102 0
3 102 102 0
102 102 102 0
102 102 3 0
102 3 3 0
3 3 102 0
3 102 168 0
102 168 3 0
168 3 168 0
3 168 3 0
168 3 102 0
3 102 102 0
102 102 102 0
102 102 168 0
102 168 102 0
168 102 102 0
102 102 3 0
102 3 3 0
3 3 168 0
3 168 3 0
168 3 168 0
3 168 102 0
168 102 102 0
102 102 3 0
102 3 3 0
3 3 3 0
3 3 3 0
3 3 102 0
3 102 3 0
102 3 102 0
3 102 168 0
102 168 168 0
168 168 168 0
168 168 3 0
168 3 102 0
3 102 168 0
102 168 102 0
168 102 168 0
102 168 102 0
168 102 102 0
102 102 3 0
102 3 168 0
3 168 168 0
new
174 174 174 0
174 174 174 0
174 174 174 0
174 174 174 0
174 174 221 0
174 221 221 0
221 221 221 0
221 221 221 0
221 221 221 0
221 221 221 0
221 221 221 0
221 221 221 0
221 221 221 0
221 221 221 0
221 221 221 0
221 221 221 0
221 221 221 0
221 221 221 0
221 221 221 0
221 221 221 0
221 221 221 0
221 221 221 0
221 221 221 0
221 221 221 0
221 221 221 0
221 221 221 0
221 221 221 0
221 221 221 0
221 221 221 0
221 221 221 0
221 221 221 0
221 221 221 0
221 221 221 0
221 221 221 0
221 221 221 0
221 221 221 0
221 221 221 0
221 221 221 0
221 221 221 0
221 221 221 0
221 221 221 0
221 221 63 0
221 63 63 0
63 63 221 0
63 221 221 0
221 221 221 0
221 221 11 0
221 11 45 0
11 45 33 0
45 33 192 0
33 192 33 0
192 33 5 0
33 5 197 0
5 197 192 0
197 192 6 0
192 6 33 0
6 33 5 0
33 5 3 0
5 3 197 0
3 197 192 0
197 192 192 0
192 192 6 0
192 6 33 0
6 33 5 0
33 5 3 0
5 3 197 0
3 197 192 0
197 192 192 0
192 192 192 0
192 192 6 0
192 6 33 0
6 33 5 0
33 5 3 0
5 3 197 0
3 197 192 0
197 192 192 0
192 192 192 0
192 192 6 0
192 6 33 0
6 33 5 0
33 5 3 0
5 3 197 0
3 197 192 0
197 192 192 0
192 192 6 0
192 6 33 0
6 33 5 0
33 5 3 0
5 3 197 0
3 197 192 0
197 192 192 0
192 192 192 0
192 192 6 0
192 6 33 0
6 33 5 0
33 5 3 0
5 3 197 0
3 197 192 0
197 192 192 0
192 192 6 0
192 6 33 0
6 33 5 0
33 5 3 0
5 3 197 0
3 197 192 0
197 192 192 0
192 192 6 0
192 6 33 0
6 33 5 0
33 5 3 0
5 3 197 0
3 197 192 0
197 192 192 0
192 192 192 0
192 192 6 0
192 6 192 0
6 192 243 0
192 243 125 0
243 125 125 0
125 125 125 0
125 125 125 0
125 125 125 0
125 125 125 0
125 125 192 0
125 192 125 0
192 125 125 0
125 125 125 0
125 125 125 0
125 125 91 0
125 91 45 0
91 45 45 0
45 45 5 0
45 5 197 0
5 197 192 0
197 192 192 0
192 192 6 0
192 6 174 0
6 174 4 0
174 4 221 0
4 221 221 0
221 221 174 0
new
311 240 240 0
240 240 240 0
240 240 240 0
240 240 265 0
240 265 221 0
265 221 197 0
221 197 265 0
197 265 140 0
265 140 3 0
140 3 265 0
3 265 221 0
265 221 265 0
221 265 265 0
265 265 240 0
265 240 240 0
240 240 240 0
240 240 240 0
240 240 265 0
240 265 221 0
265 221 197 0
221 197 221 0
197 221 265 0
221 265 265 0
265 265 265 0
265 265 5 0
265 5 3 0
5 3 6 0
3 6 265 0
6 265 265 0
265 265 140 0
265 140 3 0
140 3 265 0
3 265 265 0
265 265 140 0
265 140 3 0
140 3 265 0
3 265 265 0
265 265 140 0
265 140 3 0
140 3 265 0
3 265 265 0
265 265 140 0
265 140 3 0
140 3 265 0
3 265 265 0
265 265 140 0
265 140 3 0
140 3 265 0
3 265 265 0
265 265 140 0
265 140 3 0
140 3 265 0
3 265 265 0
265 265 140 0
265 140 3 0
140 3 265 0
3 265 240 0
265 240 265 0
240 265 140 0
265 140 3 0
140 3 265 0
3 265 265 0
265 265 140 0
265 140 3 0
140 3 265 0
3 265 265 0
265 265 140 0
265 140 3 0
140 3 265 0
3 265 240 0
265 240 265 0
240 265 265 0
265 265 265 0
265 265 265 0
265 265 240 0
265 240 240 0
240 240 265 0
240 265 140 0
265 140 3 0
140 3 265 0
3 265 265 0
265 265 140 0
265 140 3 0
140 3 265 0
3 265 265 0
265 265 265 0
265 265 265 0
265 265 265 0
265 265 265 0
265 265 265 0
265 265 265 0
265 265 140 0
265 140 3 0
140 3 265 0
3 265 265 0
265 265 265 0
265 265 78 0
265 78 265 0
78 265 265 0
265 265 265 0
265 265 265 0
265 265 265 0
265 265 140 0
265 140 3 0
140 3 265 0
3 265 265 0
265 265 265 0
265 265 221 0
265 221 221 0
221 221 221 0
221 221 221 0
221 221 265 0
221 265 140 0
265 140 4 0
140 4 265 0
4 265 265 0
265 265 118 0
265 118 5 0
118 5 221 0
5 221 221 0
221 221 118 0
221 118 6 0
118 6 265 0
6 265 265 0
265 265 140 0
265 140 4 0
140 4 265 0
4 265 265 0
265 265 140 0
265 140 4 0
140 4 265 0
4 265 265 0
265 265 140 0
265 140 4 0
140 4 265 0
4 265 265 0
265 265 140 0
265 140 4 0
140 4 265 0
4 265 265 0
265 265 140 0
265 140 4 0
140 4 265 0
4 265 265 0
265 265 140 0
265 140 4 0
140 4 265 0
4 265 265 0
265 265 140 0
265 140 4 0
140 4 265 0
4 265 265 0
265 265 140 0
265 140 4 0
140 4 265 0
4 265 265 0
265 265 140 0
265 140 4 0
140 4 265 0
4 265 265 0
265 265 140 0
265 140 4 0
140 4 265 0
4 265 265 0
265 265 140 0
265 140 4 0
140 4 265 0
4 265 265 0
265 265 140 0
265 140 4 0
140 4 265 0
4 265 265 0
265 265 140 0
265 140 4 0
140 4 265 0
4 265 265 0
265 265 140 0
265 140 4 0
140 4 265 0
4 265 265 0
265 265 140 0
265 140 4 0
140 4 265 0
4 265 265 0
265 265 140 0
265 140 4 0
140 4 265 0
4 265 265 0
265 265 140 0
265 140 4 0
140 4 265 0
4 265 265 0
265 265 140 0
265 140 4 0
140 4 265 0
4 265 265 0
265 265 140 0
265 140 4 0
140 4 265 0
4 265 265 0
265 265 140 0
265 140 4 0
140 4 265 0
4 265 265 0
265 265 140 0
265 140 4 0
140 4 265 0
4 265 265 0
265 265 140 0
265 140 4 0
140 4 265 0
4 265 265 0
265 265 140 0
265 140 4 0
140 4 265 0
4 265 265 0
265 265 140 0
265 140 4 0
140 4 265 0
4 265 265 0
265 265 140 0
265 140 4 0
140 4 265 0
4 265 265 0
265 265 140 0
265 140 4 0
140 4 265 0
4 265 265 0
265 265 140 0
265 140 4 0
140 4 265 0
4 265 265 0
265 265 140 0
265 140 4 0
140 4 265 0
4 265 197 0
265 197 221 0
197 221 221 0
221 221 265 0
221 265 240 0
265 240 240 0
240 240 265 0
240 265 221 0
265 221 221 0
221 221 221 0
221 221 221 0
221 221 265 0
221 265 265 0
265 265 265 0
265 265 265 0
265 265 265 0
265 265 5 0
265 5 3 0
5 3 6 0
3 6 265 0
6 265 265 0
265 265 265 0
265 265 265 0
265 265 265 0
265 265 240 0
265 240 240 0
240 240 240 0
240 240 240 0
240 240 265 0
240 265 265 0
265 265 265 0
265 265 265 0
265 265 265 0
265 265 265 0
265 265 265 0
265 265 265 0
265 265 78 0
265 78 265 0
78 265 265 0
265 265 265 0
265 265 265 0
265 265 240 0
265 240 265 0
240 265 265 0
265 265 265 0
265 265 265 0
265 265 265 0
265 265 140 0
265 140 4 0
140 4 265 0
4 265 265 0
265 265 140 0
265 140 4 0
140 4 265 0
4 265 265 0
265 265 140 0
265 140 4 0
140 4 265 0
4 265 265 0
265 265 140 0
265 140 4 0
140 4 265 0
4 265 265 0
265 265 140 0
265 140 4 0
140 4 265 0
4 265 265 0
265 265 140 0
265 140 4 0
140 4 265 0
4 265 265 0
265 265 140 0
265 140 4 0
140 4 265 0
4 265 265 0
265 265 140 0
265 140 4 0
140 4 265 0
4 265 265 0
265 265 140 0
265 140 4 0
140 4 265 0
4 265 265 0
265 265 140 0
265 140 4 0
140 4 265 0
4 265 265 0
265 265 140 0
265 140 4 0
140 4 265 0
4 265 265 0
265 265 140 0
265 140 4 0
140 4 265 0
4 265 265 0
265 265 140 0
265 140 4 0
140 4 265 0
4 265 265 0
265 265 140 0
265 140 4 0
140 4 265 0
4 265 265 0
265 265 140 0
265 140 4 0
140 4 265 0
4 265 265 0
265 265 140 0
265 140 265 0
140 265 4 0
265 4 265 0
4 265 140 0
265 140 4 0
140 4 265 0
4 265 265 0
265 265 140 0
265 140 4 0
140 4 265 0
4 265 265 0
265 265 140 0
265 140 4 0
140 4 265 0
4 265 265 0
265 265 140 0
265 140 4 0
140 4 265 0
4 265 265 0
265 265 140 0
265 140 4 0
140 4 265 0
4 265 265 0
265 265 140 0
265 140 4 0
140 4 265 0
4 265 265 0
265 265 140 0
265 140 4 0
140 4 265 0
4 265 265 0
265 265 140 0
265 140 4 0
140 4 265 0
4 265 265 0
265 265 140 0
265 140 4 0
140 4 265 0
4 265 265 0
265 265 140 0
265 140 4 0
140 4 265 0
4 265 265 0
265 265 140 0
265 140 4 0
140 4 265 0
4 265 265 0
265 265 140 0
265 140 4 0
140 4 265 0
4 265 221 0
265 221 221 0
221 221 221 0
221 221 221 0
221 221 221 0
221 221 221 0
221 221 265 0
221 265 118 0
265 118 265 0
118 265 197 0
265 197 265 0
197 265 140 0
265 140 3 0
140 3 265 0
3 265 265 0
265 265 140 0
265 140 4 0
140 4 265 0
4 265 265 0
265 265 140 0
265 140 3 0
140 3 265 0
3 265 265 0
265 265 140 0
265 140 4 0
140 4 265 0
4 265 265 0
265 265 140 0
265 140 3 0
140 3 265 0
3 265 265 0
265 265 140 0
265 140 4 0
140 4 265 0
4 265 265 0
265 265 140 0
265 140 3 0
140 3 265 0
3 265 265 0
265 265 140 0
265 140 4 0
140 4 265 0
4 265 265 0
265 265 140 0
265 140 3 0
140 3 265 0
3 265 265 0
265 265 140 0
265 140 4 0
140 4 265 0
4 265 265 0
265 265 140 0
265 140 3 0
140 3 265 0
3 265 265 0
265 265 140 0
265 140 4 0
140 4 265 0
4 265 265 0
265 265 140 0
265 140 3 0
140 3 265 0
3 265 265 0
265 265 140 0
265 140 4 0
140 4 265 0
4 265 265 0
265 265 140 0
265 140 3 0
140 3 265 0
3 265 265 0
265 265 140 0
265 140 4 0
140 4 265 0
4 265 265 0
265 265 140 0
265 140 3 0
140 3 265 0
3 265 265 0
265 265 140 0
265 140 4 0
140 4 265 0
4 265 265 0
265 265 140 0
265 140 3 0
140 3 265 0
3 265 265 0
265 265 140 0
265 140 4 0
140 4 265 0
4 265 265 0
265 265 140 0
265 140 3 0
140 3 265 0
3 265 265 0
265 265 140 0
265 140 4 0
140 4 265 0
4 265 265 0
265 265 140 0
265 140 3 0
140 3 265 0
3 265 265 0
265 265 140 0
265 140 4 0
140 4 265 0
4 265 265 0
265 265 140 0
265 140 3 0
140 3 265 0
3 265 265 0
265 265 140 0
265 140 4 0
140 4 265 0
4 265 265 0
265 265 140 0
265 140 3 0
140 3 265 0
3 265 265 0
265 265 140 0
265 140 4 0
140 4 265 0
4 265 265 0
265 265 265 0
265 265 194 0
265 194 265 0
194 265 265 0
265 265 265 0
265 265 118 0
265 118 265 0
118 265 221 0
265 221 221 0
221 221 265 0
221 265 265 0
265 265 221 0
265 221 221 0
221 221 265 0
221 265 265 0
265 265 4 0
265 4 240 0
4 240 240 0
240 240 265 0
240 265 265 0
265 265 265 0
265 265 4 0
265 4 240 0
4 240 240 0
240 240 265 0
240 265 221 0
265 221 265 0
221 265 221 0
265 221 265 0
221 265 221 0
265 221 221 0
221 221 221 0
221 221 221 0
221 221 221 0
221 221 221 0
221 221 221 0
221 221 221 0
221 221 265 0
221 265 140 0
265 140 4 0
140 4 265 0
4 265 265 0
265 265 118 0
265 118 265 0
118 265 265 0
265 265 140 0
265 140 4 0
140 4 265 0
4 265 265 0
265 265 140 0
265 140 4 0
140 4 265 0
4 265 197 0
265 197 265 0
197 265 265 0
265 265 194 0
265 194 265 0
194 265 265 0
265 265 221 0
265 221 221 0
221 221 265 0
221 265 4 0
265 4 240 0
4 240 240 0
240 240 265 0
240 265 221 0
265 221 265 0
221 265 140 0
265 140 3 0
140 3 265 0
3 265 265 0
265 265 140 0
265 140 3 0
140 3 265 0
3 265 265 0
265 265 140 0
265 140 3 0
140 3 265 0
3 265 265 0
265 265 221 0
265 221 78 0
221 78 265 0
78 265 221 0
265 221 265 0
221 265 221 0
265 221 265 0
221 265 221 0
265 221 221 0
221 221 265 0
221 265 265 0
265 265 265 0
265 265 265 0
265 265 265 0
265 265 140 0
265 140 4 0
140 4 265 0
4 265 265 0
265 265 140 0
265 140 4 0
140 4 265 0
4 265 265 0
265 265 140 0
265 140 4 0
140 4 265 0
4 265 265 0
265 265 140 0
265 140 4 0
140 4 265 0
4 265 221 0
265 221 221 0
221 221 265 0
221 265 4 0
265 4 240 0
4 240 265 0
240 265 240 0
265 240 221 0
240 221 221 0
221 221 265 0
221 265 265 0
265 265 265 0
265 265 265 0
265 265 240 0
265 240 265 0
240 265 5 0
265 5 3 0
5 3 6 0
3 6 265 0
6 265 240 0
265 240 240 0
240 240 265 0
240 265 265 0
265 265 265 0
265 265 265 0
265 265 240 0
265 240 240 0
240 240 265 0
240 265 265 0
265 265 265 0
265 265 265 0
265 265 265 0
265 265 265 0
265 265 265 0
265 265 265 0
265 265 240 0
265 240 240 0
240 240 240 0
240 240 78 0
240 78 265 0
78 265 265 0
265 265 265 0
265 265 265 0
265 265 265 0
265 265 265 0
265 265 265 0
265 265 265 0
265 265 265 0
265 265 140 0
265 140 4 0
140 4 265 0
4 265 265 0
265 265 140 0
265 140 4 0
140 4 265 0
4 265 265 0
265 265 140 0
265 140 4 0
140 4 265 0
4 265 265 0
265 265 140 0
265 140 4 0
140 4 265 0
4 265 265 0
265 265 140 0
265 140 4 0
140 4 265 0
4 265 265 0
265 265 140 0
265 140 4 0
140 4 265 0
4 265 265 0
265 265 140 0
265 140 4 0
140 4 265 0
4 265 265 0
265 265 140 0
265 140 4 0
140 4 265 0
4 265 265 0
265 265 140 0
265 140 4 0
140 4 265 0
4 265 265 0
265 265 140 0
265 140 4 0
140 4 265 0
4 265 265 0
265 265 140 0
265 140 4 0
140 4 265 0
4 265 265 0
265 265 140 0
265 140 4 0
140 4 265 0
4 265 265 0
265 265 140 0
265 140 4 0
140 4 265 0
4 265 265 0
265 265 140 0
265 140 4 0
140 4 265 0
4 265 265 0
265 265 140 0
265 140 4 0
140 4 265 0
4 265 265 0
265 265 140 0
265 140 4 0
140 4 265 0
4 265 265 0
265 265 140 0
265 140 4 0
140 4 265 0
4 265 265 0
265 265 140 0
265 140 4 0
140 4 265 0
4 265 265 0
265 265 140 0
265 140 4 0
140 4 265 0
4 265 265 0
265 265 140 0
265 140 4 0
140 4 265 0
4 265 265 0
265 265 140 0
265 140 4 0
140 4 265 0
4 265 265 0
265 265 140 0
265 140 4 0
140 4 265 0
4 265 265 0
265 265 140 0
265 140 4 0
140 4 265 0
4 265 265 0
265 265 140 0
265 140 4 0
140 4 265 0
4 265 265 0
265 265 140 0
265 140 4 0
140 4 265 0
4 265 265 0
265 265 140 0
265 140 4 0
140 4 265 0
4 265 265 0
265 265 140 0
265 140 4 0
140 4 265 0
4 265 265 0
265 265 140 0
265 140 4 0
140 4 265 0
4 265 221 0
265 221 221 0
221 221 221 0
221 221 221 0
221 221 221 0
221 221 221 0
221 221 265 0
221 265 118 0
265 118 265 0
118 265 197 0
265 197 265 0
197 265 140 0
265 140 3 0
140 3 265 0
3 265 265 0
265 265 140 0
265 140 4 0
140 4 265 0
4 265 265 0
265 265 140 0
265 140 3 0
140 3 265 0
3 265 265 0
265 265 140 0
265 140 4 0
140 4 265 0
4 265 265 0
265 265 140 0
265 140 3 0
140 3 265 0
3 265 265 0
265 265 140 0
265 140 4 0
140 4 265 0
4 265 265 0
265 265 140 0
265 140 3 0
140 3 265 0
3 265 265 0
265 265 140 0
265 140 4 0
140 4 265 0
4 265 265 0
265 265 140 0
265 140 3 0
140 3 265 0
3 265 265 0
265 265 140 0
265 140 4 0
140 4 265 0
4 265 265 0
265 265 140 0
265 140 3 0
140 3 265 0
3 265 265 0
265 265 140 0
265 140 4 0
140 4 265 0
4 265 265 0
265 265 140 0
265 140 3 0
140 3 265 0
3 265 265 0
265 265 140 0
265 140 4 0
140 4 265 0
4 265 265 0
265 265 140 0
265 140 3 0
140 3 265 0
3 265 265 0
265 265 140 0
265 140 4 0
140 4 265 0
4 265 265 0
265 265 140 0
265 140 3 0
140 3 265 0
3 265 265 0
265 265 140 0
265 140 4 0
140 4 265 0
4 265 265 0
265 265 140 0
265 140 3 0
140 3 265 0
3 265 265 0
265 265 140 0
265 140 4 0
140 4 265 0
4 265 265 0
265 265 140 0
265 140 3 0
140 3 265 0
3 265 265 0
265 265 140 0
265 140 4 0
140 4 265 0
4 265 265 0
265 265 140 0
265 140 3 0
140 3 265 0
3 265 265 0
265 265 140 0
265 140 4 0
140 4 265 0
4 265 265 0
265 265 140 0
265 140 3 0
140 3 265 0
3 265 265 0
265 265 140 0
265 140 4 0
140 4 265 0
4 265 265 0
265 265 140 0
265 140 3 0
140 3 265 0
3 265 265 0
265 265 140 0
265 140 4 0
140 4 265 0
4 265 265 0
265 265 265 0
265 265 194 0
265 194 265 0
194 265 265 0
265 265 265 0
265 265 118 0
265 118 265 0
118 265 221 0
265 221 221 0
221 221 265 0
221 265 265 0
265 265 221 0
265 221 221 0
221 221 265 0
221 265 265 0
265 265 240 0
265 240 240 0
240 240 265 0
240 265 221 0
265 221 265 0
221 265 221 0
265 221 265 0
221 265 221 0
265 221 221 0
221 221 221 0
221 221 221 0
221 221 221 0
221 221 221 0
221 221 221 0
221 221 221 0
221 221 265 0
221 265 140 0
265 140 4 0
140 4 265 0
4 265 265 0
265 265 118 0
265 118 265 0
118 265 265 0
265 265 140 0
265 140 4 0
140 4 265 0
4 265 265 0
265 265 140 0
265 140 4 0
140 4 265 0
4 265 197 0
265 197 265 0
197 265 265 0
265 265 194 0
265 194 265 0
194 265 265 0
265 265 221 0
265 221 221 0
221 221 265 0
221 265 240 0
265 240 240 0
240 240 265 0
240 265 221 0
265 221 221 0
221 221 265 0
221 265 240 0
265 240 240 0
240 240 265 0
240 265 221 0
265 221 265 0
221 265 221 0
265 221 265 0
221 265 221 0
265 221 221 0
221 221 265 0
221 265 265 0
265 265 265 0
265 265 140 0
265 140 3 0
140 3 265 0
3 265 5 0
265 5 3 0
5 3 6 0
3 6 265 0
6 265 140 0
265 140 3 0
140 3 265 0
3 265 265 0
265 265 265 0
265 265 265 0
265 265 265 0
265 265 240 0
265 240 265 0
240 265 265 0
265 265 265 0
265 265 140 0
265 140 4 0
140 4 265 0
4 265 265 0
265 265 140 0
265 140 4 0
140 4 265 0
4 265 265 0
265 265 140 0
265 140 4 0
140 4 265 0
4 265 265 0
265 265 140 0
265 140 4 0
140 4 265 0
4 265 265 0
265 265 140 0
265 140 4 0
140 4 265 0
4 265 265 0
265 265 140 0
265 140 4 0
140 4 265 0
4 265 265 0
265 265 140 0
265 140 4 0
140 4 265 0
4 265 265 0
265 265 140 0
265 140 4 0
140 4 265 0
4 265 265 0
265 265 140 0
265 140 4 0
140 4 265 0
4 265 265 0
265 265 140 0
265 140 4 0
140 4 265 0
4 265 221 0
265 221 221 0
221 221 265 0
new
175 174 174 0
174 174 174 0
174 174 63 0
174 63 6 0
63 6 195 0
6 195 195 0
195 195 195 0
195 195 195 0
195 195 195 0
195 195 195 0
195 195 195 0
195 195 195 0
195 195 195 0
195 195 201 0
195 201 202 0
201 202 199 0
202 199 200 0
199 200 33 0
200 33 195 0
33 195 201 0
195 201 202 0
201 202 199 0
202 199 200 0
199 200 33 0
200 33 195 0
33 195 195 0
195 195 201 0
195 201 202 0
201 202 199 0
202 199 200 0
199 200 33 0
200 33 195 0
33 195 201 0
195 201 202 0
201 202 199 0
202 199 200 0
199 200 33 0
200 33 174 0
33 174 174 0
174 174 174 0
174 174 174 0
174 174 174 0
174 174 174 0
174 174 174 0
174 174 174 0
174 174 174 0
174 174 174 0
174 174 174 0
174 174 174 0
174 174 174 0
174 174 174 0
174 174 174 0
174 174 174 0
174 174 174 0
174 174 174 0
174 174 174 0
174 174 11 0
174 11 45 0
11 45 33 0
45 33 192 0
33 192 33 0
192 33 5 0
33 5 197 0
5 197 192 0
197 192 6 0
192 6 33 0
6 33 5 0
33 5 3 0
5 3 197 0
3 197 192 0
197 192 192 0
192 192 6 0
192 6 33 0
6 33 5 0
33 5 3 0
5 3 197 0
3 197 192 0
197 192 192 0
192 192 192 0
192 192 6 0
192 6 33 0
6 33 5 0
33 5 3 0
5 3 197 0
3 197 192 0
197 192 192 0
192 192 192 0
192 192 6 0
192 6 192 0
6 192 243 0
192 243 125 0
243 125 125 0
125 125 125 0
125 125 125 0
125 125 125 0
125 125 91 0
125 91 268 0
91 268 45 0
268 45 45 0
45 45 5 0
45 5 197 0
5 197 192 0
197 192 3 0
192 3 3 0
3 3 6 0
3 6 91 0
6 91 5 0
91 5 197 0
5 197 192 0
197 192 192 0
192 192 6 0
192 6 5 0
6 5 5 0
5 5 5 0
5 5 197 0
5 197 192 0
197 192 3 0
192 3 3 0
3 3 3 0
3 3 3 0
3 3 3 0
3 3 3 0
3 3 3 0
3 3 3 0
3 3 3 0
3 3 3 0
3 3 3 0
3 3 3 0
3 3 3 0
3 3 3 0
3 3 3 0
3 3 6 0
3 6 91 0
6 91 221 0
91 221 197 0
221 197 192 0
197 192 140 0
192 140 3 0
140 3 197 0
3 197 192 0
197 192 3 0
192 3 6 0
3 6 91 0
6 91 4 0
91 4 6 0
4 6 91 0
6 91 6 0
new
