6 6 63 6 195 0
6 63 6 195 195 0
63 6 195 195 195 0
6 195 195 195 195 0
195 195 195 195 195 0
195 195 195 195 195 0
195 195 195 195 11 0
195 195 195 11 45 0
195 195 11 45 33 0
195 11 45 33 192 0
11 45 33 192 33 0
45 33 192 33 5 0
33 192 33 5 197 0
192 33 5 197 192 0
33 5 197 192 6 0
5 197 192 6 33 0
197 192 6 33 5 0
192 6 33 5 3 0
6 33 5 3 197 0
33 5 3 197 192 0
5 3 197 192 192 0
3 197 192 192 6 0
197 192 192 6 33 0
192 192 6 33 5 0
192 6 33 5 3 0
6 33 5 3 197 0
33 5 3 197 192 0
5 3 197 192 192 0
3 197 192 192 192 0
197 192 192 192 6 0
192 192 192 6 33 0
192 192 6 33 5 0
192 6 33 5 3 0
6 33 5 3 197 0
33 5 3 197 192 0
5 3 197 192 192 0
3 197 192 192 192 0
197 192 192 192 6 0
192 192 192 6 33 0
192 192 6 33 5 0
192 6 33 5 3 0
6 33 5 3 197 0
33 5 3 197 192 0
5 3 197 192 192 0
3 197 192 192 6 0
197 192 192 6 33 0
192 192 6 33 5 0
192 6 33 5 3 0
6 33 5 3 197 0
33 5 3 197 192 0
5 3 197 192 192 0
3 197 192 192 192 0
197 192 192 192 6 0
192 192 192 6 33 0
192 192 6 33 5 0
192 6 33 5 3 0
6 33 5 3 197 0
33 5 3 197 192 0
5 3 197 192 192 0
3 197 192 192 6 0
197 192 192 6 33 0
192 192 6 33 5 0
192 6 33 5 3 0
6 33 5 3 197 0
33 5 3 197 192 0
5 3 197 192 192 0
3 197 192 192 6 0
197 192 192 6 33 0
192 192 6 33 5 0
192 6 33 5 3 0
6 33 5 3 197 0
33 5 3 197 192 0
5 3 197 192 192 0
3 197 192 192 192 0
197 192 192 192 6 0
192 192 192 6 192 0
192 192 6 192 243 0
192 6 192 243 125 0
6 192 243 125 125 0
192 243 125 125 125 0
243 125 125 125 125 0
125 125 125 125 125 0
125 125 125 125 125 0
125 125 125 125 192 0
125 125 125 192 125 0
125 125 192 125 125 0
125 192 125 125 125 0
192 125 125 125 125 0
125 125 125 125 91 0
125 125 125 91 45 0
125 125 91 45 45 0
125 91 45 45 195 0
91 45 45 195 195 0
45 45 195 195 195 0
45 195 195 195 5 0
195 195 195 5 221 0
195 195 5 221 141 0
195 5 221 141 141 0
5 221 141 141 6 0
221 141 141 6 5 0
141 141 6 5 3 0
141 6 5 3 3 0
6 5 3 3 6 0
5 3 3 6 5 0
3 3 6 5 3 0
3 6 5 3 3 0
6 5 3 3 6 0
5 3 3 6 5 0
3 3 6 5 3 0
3 6 5 3 3 0
6 5 3 3 6 0
5 3 3 6 5 0
3 3 6 5 3 0
3 6 5 3 3 0
6 5 3 3 6 0
5 3 3 6 5 0
3 3 6 5 3 0
3 6 5 3 3 0
6 5 3 3 6 0
5 3 3 6 5 0
3 3 6 5 3 0
3 6 5 3 3 0
6 5 3 3 6 0
5 3 3 6 5 0
3 3 6 5 3 0
3 6 5 3 3 0
6 5 3 3 6 0
5 3 3 6 5 0
3 3 6 5 3 0
3 6 5 3 3 0
6 5 3 3 6 0
5 3 3 6 5 0
3 3 6 5 3 0
3 6 5 3 3 0
6 5 3 3 6 0
5 3 3 6 5 0
3 3 6 5 3 0
3 6 5 3 3 0
6 5 3 3 6 0
5 3 3 6 5 0
3 3 6 5 3 0
3 6 5 3 3 0
6 5 3 3 6 0
5 3 3 6 195 0
3 3 6 195 195 0
3 6 195 195 195 0
6 195 195 195 195 0
195 195 195 195 197 0
195 195 195 197 192 0
195 195 197 192 4 0
new
174 6 6 5 45 0
6 6 5 45 220 0
6 5 45 220 221 0
5 45 220 221 221 0
45 220 221 221 221 0
220 221 221 221 221 0
221 221 221 221 221 0
221 221 221 221 221 0
221 221 221 221 221 0
221 221 221 221 221 0
221 221 221 221 221 0
221 221 221 221 221 0
221 221 221 221 221 0
221 221 221 221 221 0
221 221 221 221 221 0
221 221 221 221 221 0
221 221 221 221 221 0
221 221 221 221 221 0
221 221 221 221 221 0
221 221 221 221 221 0
221 221 221 221 221 0
221 221 221 221 221 0
221 221 221 221 221 0
221 221 221 221 221 0
221 221 221 221 221 0
221 221 221 221 221 0
221 221 221 221 221 0
221 221 221 221 220 0
221 221 221 220 45 0
221 221 220 45 6 0
221 220 45 6 5 0
220 45 6 5 63 0
45 6 5 63 6 0
6 5 63 6 63 0
5 63 6 63 6 0
63 6 63 6 11 0
6 63 6 11 45 0
63 6 11 45 33 0
6 11 45 33 192 0
11 45 33 192 33 0
45 33 192 33 5 0
33 192 33 5 197 0
192 33 5 197 192 0
33 5 197 192 6 0
5 197 192 6 33 0
197 192 6 33 5 0
192 6 33 5 3 0
6 33 5 3 197 0
33 5 3 197 192 0
5 3 197 192 192 0
3 197 192 192 192 0
197 192 192 192 6 0
192 192 192 6 192 0
192 192 6 192 243 0
192 6 192 243 125 0
6 192 243 125 125 0
192 243 125 125 125 0
243 125 125 125 91 0
125 125 125 91 20 0
125 125 91 20 174 0
125 91 20 174 201 0
91 20 174 201 45 0
20 174 201 45 45 0
174 201 45 45 64 0
201 45 45 64 195 0
45 45 64 195 195 0
45 64 195 195 5 0
64 195 195 5 221 0
195 195 5 221 6 0
195 5 221 6 221 0
5 221 6 221 174 0
221 6 221 174 174 0
6 221 174 174 174 0
221 174 174 174 174 0
174 174 174 174 174 0
174 174 174 174 174 0
174 174 174 174 3 0
174 174 174 3 42 0
174 174 3 42 120 0
174 3 42 120 6 0
3 42 120 6 3 0
42 120 6 3 3 0
120 6 3 3 6 0
6 3 3 6 114 0
3 3 6 114 42 0
3 6 114 42 120 0
6 114 42 120 6 0
114 42 120 6 3 0
42 120 6 3 3 0
120 6 3 3 6 0
6 3 3 6 114 0
3 3 6 114 195 0
3 6 114 195 195 0
6 114 195 195 4 0
114 195 195 4 195 0
195 195 4 195 4 0
195 4 195 4 3 0
new
63 63 6 6 6 0
63 6 6 6 6 0
6 6 6 6 11 0
6 6 6 11 45 0
6 6 11 45 33 0
6 11 45 33 192 0
11 45 33 192 33 0
45 33 192 33 5 0
33 192 33 5 197 0
192 33 5 197 192 0
33 5 197 192 6 0
5 197 192 6 33 0
197 192 6 33 5 0
192 6 33 5 3 0
6 33 5 3 197 0
33 5 3 197 192 0
5 3 197 192 192 0
3 197 192 192 192 0
197 192 192 192 6 0
192 192 192 6 192 0
192 192 6 192 243 0
192 6 192 243 125 0
6 192 243 125 125 0
192 243 125 125 125 0
243 125 125 125 91 0
125 125 125 91 20 0
125 125 91 20 174 0
125 91 20 174 201 0
91 20 174 201 45 0
20 174 201 45 45 0
174 201 45 45 64 0
201 45 45 64 195 0
45 45 64 195 195 0
45 64 195 195 5 0
64 195 195 5 221 0
195 195 5 221 6 0
195 5 221 6 221 0
5 221 6 221 174 0
221 6 221 174 174 0
6 221 174 174 174 0
221 174 174 174 174 0
174 174 174 174 174 0
174 174 174 174 174 0
174 174 174 174 3 0
174 174 174 3 3 0
174 174 3 3 12 0
174 3 3 12 195 0
3 3 12 195 195 0
3 12 195 195 195 0
12 195 195 195 195 0
195 195 195 195 195 0
195 195 195 195 195 0
195 195 195 195 120 0
195 195 195 120 114 0
195 195 120 114 5 0
195 120 114 5 221 0
120 114 5 221 6 0
114 5 221 6 221 0
5 221 6 221 63 0
221 6 221 63 6 0
6 221 63 6 195 0
221 63 6 195 195 0
63 6 195 195 195 0
6 195 195 195 195 0
195 195 195 195 120 0
195 195 195 120 114 0
195 195 120 114 63 0
195 120 114 63 6 0
120 114 63 6 42 0
114 63 6 42 120 0
63 6 42 120 6 0
6 42 120 6 3 0
42 120 6 3 6 0
120 6 3 6 114 0
6 3 6 114 42 0
3 6 114 42 120 0
6 114 42 120 6 0
114 42 120 6 3 0
42 120 6 3 6 0
120 6 3 6 114 0
6 3 6 114 5 0
3 6 114 5 221 0
6 114 5 221 6 0
114 5 221 6 221 0
5 221 6 221 63 0
221 6 221 63 6 0
6 221 63 6 120 0
221 63 6 120 114 0
63 6 120 114 63 0
6 120 114 63 6 0
120 114 63 6 195 0
114 63 6 195 195 0
63 6 195 195 195 0
6 195 195 195 120 0
195 195 195 120 114 0
195 195 120 114 5 0
195 120 114 5 221 0
120 114 5 221 6 0
114 5 221 6 221 0
5 221 6 221 63 0
221 6 221 63 6 0
6 221 63 6 120 0
221 63 6 120 114 0
63 6 120 114 63 0
6 120 114 63 6 0
120 114 63 6 5 0
114 63 6 5 221 0
63 6 5 221 6 0
6 5 221 6 221 0
5 221 6 221 63 0
221 6 221 63 6 0
6 221 63 6 195 0
221 63 6 195 195 0
63 6 195 195 195 0
6 195 195 195 195 0
195 195 195 195 195 0
195 195 195 195 195 0
195 195 195 195 120 0
195 195 195 120 114 0
195 195 120 114 3 0
195 120 114 3 3 0
120 114 3 3 6 0
114 3 3 6 114 0
3 3 6 114 195 0
3 6 114 195 195 0
6 114 195 195 195 0
114 195 195 195 195 0
195 195 195 195 120 0
195 195 195 120 63 0
195 195 120 63 6 0
195 120 63 6 42 0
120 63 6 42 120 0
63 6 42 120 6 0
6 42 120 6 3 0
42 120 6 3 3 0
120 6 3 3 6 0
6 3 3 6 114 0
3 3 6 114 42 0
3 6 114 42 120 0
6 114 42 120 6 0
114 42 120 6 3 0
42 120 6 3 3 0
120 6 3 3 6 0
6 3 3 6 114 0
3 3 6 114 42 0
3 6 114 42 120 0
6 114 42 120 6 0
114 42 120 6 3 0
42 120 6 3 3 0
120 6 3 3 6 0
6 3 3 6 114 0
3 3 6 114 42 0
3 6 114 42 120 0
6 114 42 120 6 0
114 42 120 6 3 0
42 120 6 3 6 0
120 6 3 6 114 0
6 3 6 114 42 0
3 6 114 42 120 0
6 114 42 120 6 0
114 42 120 6 3 0
42 120 6 3 3 0
120 6 3 3 6 0
6 3 3 6 114 0
3 3 6 114 42 0
3 6 114 42 120 0
6 114 42 120 6 0
114 42 120 6 3 0
42 120 6 3 6 0
120 6 3 6 114 0
6 3 6 114 42 0
3 6 114 42 120 0
6 114 42 120 6 0
114 42 120 6 3 0
42 120 6 3 6 0
120 6 3 6 114 0
6 3 6 114 42 0
3 6 114 42 120 0
6 114 42 120 6 0
114 42 120 6 3 0
42 120 6 3 6 0
120 6 3 6 114 0
6 3 6 114 42 0
3 6 114 42 120 0
6 114 42 120 6 0
new
3 3 197 6 174 0
3 197 6 174 174 0
197 6 174 174 174 0
6 174 174 174 7 0
174 174 174 7 174 0
174 174 7 174 174 0
174 7 174 174 174 0
7 174 174 174 42 0
174 174 174 42 42 0
174 174 42 42 120 0
174 42 42 120 6 0
42 42 120 6 6 0
42 120 6 6 3 0
120 6 6 3 6 0
6 6 3 6 54 0
6 3 6 54 140 0
3 6 54 140 197 0
6 54 140 197 3 0
54 140 197 3 6 0
140 197 3 6 174 0
197 3 6 174 174 0
3 6 174 174 174 0
6 174 174 174 7 0
174 174 174 7 174 0
174 174 7 174 174 0
174 7 174 174 174 0
7 174 174 174 42 0
174 174 174 42 42 0
174 174 42 42 120 0
174 42 42 120 6 0
42 42 120 6 6 0
42 120 6 6 3 0
120 6 6 3 6 0
6 6 3 6 54 0
6 3 6 54 140 0
3 6 54 140 197 0
6 54 140 197 3 0
54 140 197 3 3 0
140 197 3 3 197 0
197 3 3 197 6 0
3 3 197 6 174 0
3 197 6 174 174 0
197 6 174 174 174 0
6 174 174 174 7 0
174 174 174 7 174 0
174 174 7 174 174 0
174 7 174 174 174 0
7 174 174 174 42 0
174 174 174 42 42 0
174 174 42 42 120 0
174 42 42 120 6 0
42 42 120 6 6 0
42 120 6 6 3 0
120 6 6 3 6 0
6 6 3 6 54 0
6 3 6 54 140 0
3 6 54 140 197 0
6 54 140 197 3 0
54 140 197 3 6 0
140 197 3 6 174 0
197 3 6 174 174 0
3 6 174 174 174 0
6 174 174 174 7 0
174 174 174 7 174 0
174 174 7 174 174 0
174 7 174 174 174 0
7 174 174 174 42 0
174 174 174 42 42 0
174 174 42 42 120 0
174 42 42 120 6 0
42 42 120 6 6 0
42 120 6 6 3 0
120 6 6 3 6 0
6 6 3 6 54 0
6 3 6 54 140 0
3 6 54 140 197 0
6 54 140 197 11 0
54 140 197 11 45 0
140 197 11 45 33 0
197 11 45 33 192 0
11 45 33 192 33 0
45 33 192 33 5 0
33 192 33 5 197 0
192 33 5 197 192 0
33 5 197 192 6 0
5 197 192 6 33 0
197 192 6 33 5 0
192 6 33 5 3 0
6 33 5 3 197 0
33 5 3 197 192 0
5 3 197 192 192 0
3 197 192 192 6 0
197 192 192 6 33 0
192 192 6 33 5 0
192 6 33 5 3 0
6 33 5 3 197 0
33 5 3 197 192 0
5 3 197 192 192 0
3 197 192 192 6 0
197 192 192 6 33 0
192 192 6 33 5 0
192 6 33 5 3 0
6 33 5 3 197 0
33 5 3 197 192 0
5 3 197 192 192 0
3 197 192 192 192 0
197 192 192 192 192 0
192 192 192 192 6 0
192 192 192 6 33 0
192 192 6 33 5 0
192 6 33 5 3 0
6 33 5 3 197 0
33 5 3 197 192 0
5 3 197 192 192 0
3 197 192 192 192 0
197 192 192 192 6 0
192 192 192 6 33 0
192 192 6 33 5 0
192 6 33 5 3 0
6 33 5 3 197 0
33 5 3 197 192 0
5 3 197 192 192 0
3 197 192 192 192 0
197 192 192 192 6 0
192 192 192 6 192 0
192 192 6 192 243 0
192 6 192 243 125 0
6 192 243 125 125 0
192 243 125 125 125 0
243 125 125 125 125 0
125 125 125 125 125 0
125 125 125 125 125 0
125 125 125 125 125 0
125 125 125 125 91 0
125 125 125 91 258 0
125 125 91 258 311 0
125 91 258 311 240 0
91 258 311 240 240 0
258 311 240 240 174 0
311 240 240 174 174 0
240 240 174 174 175 0
240 174 174 175 191 0
174 174 175 191 122 0
174 175 191 122 174 0
175 191 122 174 45 0
191 122 174 45 45 0
122 174 45 45 199 0
174 45 45 199 201 0
45 45 199 201 200 0
45 199 201 200 202 0
199 201 200 202 5 0
201 200 202 5 3 0
200 202 5 3 6 0
202 5 3 6 13 0
5 3 6 13 85 0
3 6 13 85 195 0
6 13 85 195 195 0
13 85 195 195 195 0
85 195 195 195 195 0
195 195 195 195 195 0
195 195 195 195 54 0
195 195 195 54 140 0
195 195 54 140 54 0
195 54 140 54 140 0
54 140 54 140 54 0
140 54 140 54 140 0
54 140 54 140 5 0
140 54 140 5 54 0
54 140 5 54 140 0
140 5 54 140 221 0
5 54 140 221 197 0
54 140 221 197 174 0
140 221 197 174 3 0
221 197 174 3 45 0
197 174 3 45 195 0
174 3 45 195 195 0
3 45 195 195 195 0
45 195 195 195 195 0
195 195 195 195 195 0
195 195 195 195 195 0
195 195 195 195 195 0
195 195 195 195 195 0
195 195 195 195 195 0
195 195 195 195 195 0
195 195 195 195 195 0
195 195 195 195 195 0
195 195 195 195 195 0
195 195 195 195 195 0
195 195 195 195 5 0
195 195 195 5 54 0
195 195 5 54 140 0
195 5 54 140 3 0
5 54 140 3 140 0
54 140 3 140 140 0
140 3 140 140 6 0
3 140 140 6 3 0
140 140 6 3 3 0
140 6 3 3 45 0
6 3 3 45 195 0
3 3 45 195 195 0
3 45 195 195 195 0
45 195 195 195 195 0
195 195 195 195 195 0
195 195 195 195 195 0
195 195 195 195 195 0
195 195 195 195 195 0
195 195 195 195 195 0
195 195 195 195 195 0
195 195 195 195 195 0
195 195 195 195 195 0
195 195 195 195 195 0
195 195 195 195 195 0
195 195 195 195 5 0
195 195 195 5 54 0
195 195 5 54 140 0
195 5 54 140 3 0
5 54 140 3 3 0
54 140 3 3 3 0
140 3 3 3 3 0
3 3 3 3 3 0
3 3 3 3 6 0
3 3 3 6 3 0
3 3 6 3 3 0
3 6 3 3 45 0
6 3 3 45 3 0
3 3 45 3 3 0
3 45 3 3 3 0
45 3 3 3 3 0
3 3 3 3 45 0
3 3 3 45 3 0
3 3 45 3 3 0
3 45 3 3 3 0
45 3 3 3 3 0
3 3 3 3 45 0
3 3 3 45 3 0
3 3 45 3 3 0
3 45 3 3 3 0
45 3 3 3 3 0
3 3 3 3 45 0
3 3 3 45 195 0
3 3 45 195 195 0
3 45 195 195 195 0
45 195 195 195 195 0
195 195 195 195 195 0
195 195 195 195 195 0
195 195 195 195 195 0
195 195 195 195 195 0
195 195 195 195 195 0
195 195 195 195 195 0
195 195 195 195 195 0
195 195 195 195 195 0
195 195 195 195 5 0
195 195 195 5 54 0
195 195 5 54 140 0
195 5 54 140 3 0
5 54 140 3 195 0
54 140 3 195 195 0
140 3 195 195 195 0
3 195 195 195 195 0
195 195 195 195 195 0
195 195 195 195 195 0
195 195 195 195 195 0
195 195 195 195 195 0
195 195 195 195 195 0
195 195 195 195 195 0
195 195 195 195 195 0
195 195 195 195 195 0
195 195 195 195 5 0
195 195 195 5 54 0
195 195 5 54 140 0
195 5 54 140 3 0
5 54 140 3 140 0
54 140 3 140 140 0
140 3 140 140 6 0
3 140 140 6 140 0
140 140 6 140 140 0
140 6 140 140 6 0
6 140 140 6 195 0
140 140 6 195 195 0
140 6 195 195 195 0
6 195 195 195 240 0
195 195 195 240 5 0
195 195 240 5 3 0
195 240 5 3 197 0
240 5 3 197 192 0
5 3 197 192 192 0
3 197 192 192 6 0
197 192 192 6 125 0
192 192 6 125 3 0
192 6 125 3 3 0
6 125 3 3 45 0
125 3 3 45 3 0
3 3 45 3 3 0
3 45 3 3 3 0
45 3 3 3 45 0
3 3 3 45 3 0
3 3 45 3 3 0
3 45 3 3 3 0
45 3 3 3 3 0
3 3 3 3 45 0
3 3 3 45 45 0
3 3 45 45 3 0
3 45 45 3 3 0
45 45 3 3 3 0
45 3 3 3 3 0
3 3 3 3 3 0
3 3 3 3 45 0
3 3 3 45 3 0
3 3 45 3 3 0
3 45 3 3 3 0
45 3 3 3 45 0
3 3 3 45 3 0
3 3 45 3 3 0
3 45 3 3 3 0
45 3 3 3 3 0
3 3 3 3 45 0
3 3 3 45 3 0
3 3 45 3 3 0
3 45 3 3 3 0
45 3 3 3 3 0
3 3 3 3 45 0
3 3 3 45 3 0
3 3 45 3 3 0
3 45 3 3 3 0
45 3 3 3 3 0
3 3 3 3 45 0
3 3 3 45 3 0
3 3 45 3 3 0
3 45 3 3 3 0
45 3 3 3 3 0
3 3 3 3 3 0
3 3 3 3 45 0
3 3 3 45 3 0
3 3 45 3 3 0
3 45 3 3 3 0
45 3 3 3 3 0
3 3 3 3 3 0
3 3 3 3 45 0
3 3 3 45 3 0
3 3 45 3 3 0
3 45 3 3 3 0
45 3 3 3 3 0
3 3 3 3 45 0
3 3 3 45 3 0
3 3 45 3 3 0
3 45 3 3 3 0
45 3 3 3 3 0
3 3 3 3 3 0
3 3 3 3 45 0
3 3 3 45 3 0
3 3 45 3 3 0
3 45 3 3 3 0
45 3 3 3 3 0
3 3 3 3 3 0
3 3 3 3 45 0
3 3 3 45 3 0
3 3 45 3 3 0
3 45 3 3 3 0
45 3 3 3 3 0
3 3 3 3 3 0
3 3 3 3 45 0
3 3 3 45 3 0
3 3 45 3 3 0
3 45 3 3 3 0
45 3 3 3 3 0
3 3 3 3 3 0
3 3 3 3 45 0
3 3 3 45 3 0
3 3 45 3 3 0
3 45 3 3 3 0
45 3 3 3 3 0
3 3 3 3 3 0
3 3 3 3 45 0
3 3 3 45 3 0
3 3 45 3 3 0
3 45 3 3 3 0
45 3 3 3 3 0
3 3 3 3 3 0
3 3 3 3 45 0
3 3 3 45 3 0
3 3 45 3 3 0
3 45 3 3 3 0
45 3 3 3 3 0
3 3 3 3 45 0
3 3 3 45 3 0
3 3 45 3 3 0
3 45 3 3 3 0
45 3 3 3 3 0
3 3 3 3 45 0
3 3 3 45 3 0
3 3 45 3 3 0
3 45 3 3 3 0
45 3 3 3 3 0
3 3 3 3 45 0
3 3 3 45 3 0
3 3 45 3 3 0
3 45 3 3 3 0
45 3 3 3 3 0
3 3 3 3 3 0
3 3 3 3 45 0
3 3 3 45 3 0
3 3 45 3 3 0
3 45 3 3 3 0
45 3 3 3 3 0
3 3 3 3 45 0
3 3 3 45 3 0
3 3 45 3 3 0
3 45 3 3 3 0
45 3 3 3 3 0
3 3 3 3 45 0
3 3 3 45 3 0
3 3 45 3 3 0
3 45 3 3 3 0
45 3 3 3 3 0
3 3 3 3 6 0
3 3 3 6 195 0
3 3 6 195 195 0
3 6 195 195 195 0
6 195 195 195 195 0
195 195 195 195 195 0
195 195 195 195 195 0
195 195 195 195 195 0
195 195 195 195 195 0
195 195 195 195 195 0
195 195 195 195 195 0
195 195 195 195 195 0
195 195 195 195 195 0
195 195 195 195 5 0
195 195 195 5 54 0
195 195 5 54 140 0
195 5 54 140 3 0
5 54 140 3 3 0
54 140 3 3 6 0
140 3 3 6 195 0
3 3 6 195 5 0
3 6 195 5 54 0
6 195 5 54 140 0
195 5 54 140 197 0
5 54 140 197 221 0
54 140 197 221 3 0
140 197 221 3 3 0
197 221 3 3 3 0
221 3 3 3 45 0
3 3 3 45 3 0
3 3 45 3 3 0
3 45 3 3 3 0
45 3 3 3 3 0
3 3 3 3 3 0
3 3 3 3 3 0
3 3 3 3 3 0
3 3 3 3 3 0
3 3 3 3 3 0
3 3 3 3 3 0
3 3 3 3 3 0
3 3 3 3 3 0
3 3 3 3 3 0
3 3 3 3 3 0
3 3 3 3 3 0
3 3 3 3 3 0
3 3 3 3 45 0
3 3 3 45 3 0
3 3 45 3 3 0
3 45 3 3 3 0
45 3 3 3 3 0
3 3 3 3 3 0
3 3 3 3 3 0
3 3 3 3 3 0
3 3 3 3 3 0
3 3 3 3 3 0
3 3 3 3 3 0
3 3 3 3 3 0
3 3 3 3 3 0
3 3 3 3 3 0
3 3 3 3 3 0
3 3 3 3 3 0
3 3 3 3 3 0
3 3 3 3 3 0
3 3 3 3 45 0
3 3 3 45 3 0
3 3 45 3 3 0
3 45 3 3 3 0
45 3 3 3 3 0
3 3 3 3 3 0
3 3 3 3 3 0
3 3 3 3 3 0
3 3 3 3 3 0
3 3 3 3 3 0
3 3 3 3 3 0
3 3 3 3 3 0
3 3 3 3 3 0
3 3 3 3 3 0
3 3 3 3 3 0
3 3 3 3 3 0
3 3 3 3 3 0
3 3 3 3 3 0
3 3 3 3 3 0
3 3 3 3 45 0
3 3 3 45 3 0
3 3 45 3 3 0
3 45 3 3 3 0
45 3 3 3 3 0
3 3 3 3 3 0
3 3 3 3 3 0
3 3 3 3 3 0
3 3 3 3 3 0
3 3 3 3 3 0
3 3 3 3 3 0
3 3 3 3 3 0
3 3 3 3 3 0
3 3 3 3 3 0
3 3 3 3 3 0
3 3 3 3 3 0
3 3 3 3 3 0
3 3 3 3 3 0
3 3 3 3 45 0
3 3 3 45 3 0
3 3 45 3 3 0
3 45 3 3 3 0
45 3 3 3 3 0
3 3 3 3 3 0
3 3 3 3 3 0
3 3 3 3 3 0
3 3 3 3 6 0
3 3 3 6 5 0
3 3 6 5 140 0
3 6 5 140 54 0
6 5 140 54 140 0
5 140 54 140 197 0
140 54 140 197 221 0
54 140 197 221 195 0
140 197 221 195 195 0
197 221 195 195 195 0
221 195 195 195 195 0
195 195 195 195 195 0
195 195 195 195 195 0
195 195 195 195 195 0
195 195 195 195 195 0
195 195 195 195 195 0
195 195 195 195 195 0
195 195 195 195 195 0
195 195 195 195 195 0
195 195 195 195 195 0
195 195 195 195 195 0
195 195 195 195 195 0
195 195 195 195 195 0
195 195 195 195 195 0
195 195 195 195 195 0
195 195 195 195 195 0
195 195 195 195 195 0
195 195 195 195 195 0
195 195 195 195 195 0
195 195 195 195 195 0
195 195 195 195 195 0
195 195 195 195 195 0
195 195 195 195 195 0
195 195 195 195 195 0
195 195 195 195 195 0
195 195 195 195 195 0
195 195 195 195 195 0
195 195 195 195 195 0
195 195 195 195 195 0
195 195 195 195 195 0
195 195 195 195 195 0
195 195 195 195 195 0
195 195 195 195 195 0
195 195 195 195 195 0
195 195 195 195 195 0
195 195 195 195 195 0
195 195 195 195 195 0
195 195 195 195 195 0
195 195 195 195 195 0
195 195 195 195 195 0
195 195 195 195 195 0
195 195 195 195 195 0
195 195 195 195 195 0
195 195 195 195 195 0
195 195 195 195 195 0
195 195 195 195 195 0
195 195 195 195 195 0
195 195 195 195 195 0
195 195 195 195 195 0
195 195 195 195 195 0
195 195 195 195 195 0
195 195 195 195 195 0
195 195 195 195 175 0
195 195 195 175 174 0
195 195 175 174 175 0
195 175 174 175 175 0
175 174 175 175 174 0
174 175 175 174 175 0
175 175 174 175 4 0
175 174 175 4 42 0
174 175 4 42 42 0
175 4 42 42 120 0
4 42 42 120 6 0
42 42 120 6 6 0
42 120 6 6 3 0
120 6 6 3 6 0
6 6 3 6 54 0
6 3 6 54 140 0
3 6 54 140 197 0
6 54 140 197 3 0
54 140 197 3 3 0
140 197 3 3 197 0
197 3 3 197 6 0
3 3 197 6 174 0
3 197 6 174 174 0
197 6 174 174 174 0
6 174 174 174 7 0
174 174 174 7 174 0
174 174 7 174 174 0
174 7 174 174 174 0
7 174 174 174 42 0
174 174 174 42 42 0
174 174 42 42 120 0
174 42 42 120 6 0
42 42 120 6 6 0
42 120 6 6 3 0
120 6 6 3 6 0
6 6 3 6 54 0
6 3 6 54 140 0
3 6 54 140 197 0
6 54 140 197 3 0
54 140 197 3 3 0
140 197 3 3 197 0
197 3 3 197 6 0
3 3 197 6 174 0
3 197 6 174 174 0
197 6 174 174 174 0
6 174 174 174 7 0
174 174 174 7 174 0
174 174 7 174 174 0
174 7 174 174 174 0
7 174 174 174 195 0
174 174 174 195 42 0
174 174 195 42 42 0
174 195 42 42 120 0
195 42 42 120 6 0
42 42 120 6 6 0
42 120 6 6 3 0
120 6 6 3 6 0
6 6 3 6 54 0
6 3 6 54 140 0
3 6 54 140 197 0
6 54 140 197 3 0
54 140 197 3 3 0
140 197 3 3 197 0
197 3 3 197 6 0
3 3 197 6 174 0
3 197 6 174 174 0
197 6 174 174 174 0
6 174 174 174 7 0
174 174 174 7 174 0
174 174 7 174 174 0
174 7 174 174 174 0
7 174 174 174 42 0
174 174 174 42 42 0
174 174 42 42 120 0
174 42 42 120 6 0
42 42 120 6 6 0
42 120 6 6 3 0
120 6 6 3 6 0
6 6 3 6 54 0
6 3 6 54 140 0
3 6 54 140 197 0
6 54 140 197 3 0
54 140 197 3 3 0
140 197 3 3 197 0
197 3 3 197 6 0
3 3 197 6 174 0
3 197 6 174 174 0
197 6 174 174 174 0
6 174 174 174 7 0
174 174 174 7 174 0
174 174 7 174 174 0
174 7 174 174 174 0
7 174 174 174 42 0
174 174 174 42 42 0
174 174 42 42 120 0
174 42 42 120 6 0
42 42 120 6 6 0
42 120 6 6 3 0
120 6 6 3 6 0
6 6 3 6 54 0
6 3 6 54 140 0
3 6 54 140 197 0
6 54 140 197 3 0
54 140 197 3 6 0
140 197 3 6 174 0
197 3 6 174 174 0
3 6 174 174 174 0
6 174 174 174 7 0
174 174 174 7 174 0
174 174 7 174 174 0
174 7 174 174 174 0
7 174 174 174 42 0
174 174 174 42 42 0
174 174 42 42 120 0
174 42 42 120 6 0
42 42 120 6 6 0
42 120 6 6 3 0
120 6 6 3 6 0
6 6 3 6 54 0
6 3 6 54 140 0
3 6 54 140 197 0
6 54 140 197 3 0
54 140 197 3 3 0
140 197 3 3 197 0
197 3 3 197 6 0
3 3 197 6 174 0
3 197 6 174 174 0
197 6 174 174 174 0
6 174 174 174 7 0
174 174 174 7 174 0
174 174 7 174 174 0
174 7 174 174 174 0
7 174 174 174 42 0
174 174 174 42 42 0
174 174 42 42 120 0
174 42 42 120 6 0
42 42 120 6 6 0
42 120 6 6 3 0
120 6 6 3 6 0
6 6 3 6 54 0
6 3 6 54 140 0
3 6 54 140 197 0
6 54 140 197 3 0
54 140 197 3 3 0
140 197 3 3 197 0
197 3 3 197 6 0
3 3 197 6 174 0
3 197 6 174 174 0
197 6 174 174 174 0
6 174 174 174 7 0
174 174 174 7 174 0
174 174 7 174 174 0
174 7 174 174 174 0
7 174 174 174 42 0
174 174 174 42 42 0
174 174 42 42 120 0
174 42 42 120 6 0
42 42 120 6 6 0
42 120 6 6 3 0
120 6 6 3 6 0
6 6 3 6 54 0
6 3 6 54 140 0
3 6 54 140 197 0
6 54 140 197 3 0
54 140 197 3 3 0
140 197 3 3 197 0
197 3 3 197 6 0
3 3 197 6 174 0
3 197 6 174 174 0
197 6 174 174 174 0
6 174 174 174 7 0
174 174 174 7 174 0
174 174 7 174 174 0
174 7 174 174 174 0
7 174 174 174 6 0
174 174 174 6 4 0
174 174 6 4 4 0
new
174 6 6 6 5 0
6 6 6 5 220 0
6 6 5 220 221 0
6 5 220 221 221 0
5 220 221 221 221 0
220 221 221 221 221 0
221 221 221 221 221 0
221 221 221 221 221 0
221 221 221 221 221 0
221 221 221 221 221 0
221 221 221 221 221 0
221 221 221 221 221 0
221 221 221 221 221 0
221 221 221 221 221 0
221 221 221 221 221 0
221 221 221 221 221 0
221 221 221 221 221 0
221 221 221 221 221 0
221 221 221 221 221 0
221 221 221 221 221 0
221 221 221 221 221 0
221 221 221 221 221 0
221 221 221 221 221 0
221 221 221 221 221 0
221 221 221 221 221 0
221 221 221 221 221 0
221 221 221 221 220 0
221 221 221 220 6 0
221 221 220 6 5 0
221 220 6 5 63 0
220 6 5 63 6 0
6 5 63 6 63 0
5 63 6 63 6 0
63 6 63 6 63 0
6 63 6 63 6 0
63 6 63 6 11 0
6 63 6 11 11 0
63 6 11 11 11 0
6 11 11 11 11 0
11 11 11 11 11 0
11 11 11 11 45 0
11 11 11 45 33 0
11 11 45 33 192 0
11 45 33 192 33 0
45 33 192 33 5 0
33 192 33 5 197 0
192 33 5 197 192 0
33 5 197 192 6 0
5 197 192 6 33 0
197 192 6 33 5 0
192 6 33 5 3 0
6 33 5 3 197 0
33 5 3 197 192 0
5 3 197 192 125 0
3 197 192 125 192 0
197 192 125 192 192 0
192 125 192 192 6 0
125 192 192 6 33 0
192 192 6 33 5 0
192 6 33 5 3 0
6 33 5 3 197 0
33 5 3 197 192 0
5 3 197 192 192 0
3 197 192 192 192 0
197 192 192 192 6 0
192 192 192 6 33 0
192 192 6 33 5 0
192 6 33 5 3 0
6 33 5 3 197 0
33 5 3 197 192 0
5 3 197 192 192 0
3 197 192 192 192 0
197 192 192 192 6 0
192 192 192 6 33 0
192 192 6 33 5 0
192 6 33 5 3 0
6 33 5 3 197 0
33 5 3 197 192 0
5 3 197 192 192 0
3 197 192 192 6 0
197 192 192 6 33 0
192 192 6 33 5 0
192 6 33 5 3 0
6 33 5 3 197 0
33 5 3 197 192 0
5 3 197 192 192 0
3 197 192 192 6 0
197 192 192 6 33 0
192 192 6 33 5 0
192 6 33 5 3 0
6 33 5 3 197 0
33 5 3 197 192 0
5 3 197 192 192 0
3 197 192 192 6 0
197 192 192 6 192 0
192 192 6 192 243 0
192 6 192 243 125 0
6 192 243 125 125 0
192 243 125 125 125 0
243 125 125 125 125 0
125 125 125 125 125 0
125 125 125 125 125 0
125 125 125 125 125 0
125 125 125 125 125 0
125 125 125 125 91 0
125 125 125 91 45 0
125 125 91 45 45 0
125 91 45 45 5 0
91 45 45 5 197 0
45 45 5 197 192 0
45 5 197 192 192 0
5 197 192 192 6 0
197 192 192 6 102 0
192 192 6 102 102 0
192 6 102 102 102 0
6 102 102 102 122 0
102 102 102 122 33 0
102 102 122 33 5 0
102 122 33 5 197 0
122 33 5 197 192 0
33 5 197 192 3 0
5 197 192 3 3 0
197 192 3 3 6 0
192 3 3 6 91 0
3 3 6 91 102 0
3 6 91 102 221 0
6 91 102 221 221 0
91 102 221 221 221 0
102 221 221 221 168 0
221 221 221 168 146 0
221 221 168 146 3 0
221 168 146 3 168 0
168 146 3 168 3 0
146 3 168 3 3 0
3 168 3 3 168 0
168 3 3 168 146 0
3 3 168 146 168 0
3 168 146 168 3 0
168 146 168 3 168 0
146 168 3 168 146 0
168 3 168 146 168 0
3 168 146 168 3 0
168 146 168 3 3 0
146 168 3 3 168 0
168 3 3 168 146 0
3 3 168 146 168 0
3 168 146 168 3 0
168 146 168 3 3 0
146 168 3 3 168 0
168 3 3 168 146 0
3 3 168 146 168 0
3 168 146 168 3 0
168 146 168 3 3 0
146 168 3 3 3 0
168 3 3 3 168 0
3 3 3 168 146 0
3 3 168 146 168 0
3 168 146 168 3 0
168 146 168 3 3 0
146 168 3 3 3 0
168 3 3 3 168 0
3 3 3 168 146 0
3 3 168 146 168 0
3 168 146 168 3 0
168 146 168 3 3 0
146 168 3 3 3 0
168 3 3 3 168 0
3 3 3 168 146 0
3 3 168 146 168 0
3 168 146 168 3 0
168 146 168 3 3 0
146 168 3 3 3 0
168 3 3 3 168 0
3 3 3 168 146 0
3 3 168 146 168 0
3 168 146 168 3 0
168 146 168 3 3 0
146 168 3 3 3 0
168 3 3 3 168 0
3 3 3 168 146 0
3 3 168 146 168 0
3 168 146 168 3 0
168 146 168 3 3 0
146 168 3 3 3 0
168 3 3 3 168 0
3 3 3 168 146 0
3 3 168 146 168 0
3 168 146 168 3 0
168 146 168 3 3 0
146 168 3 3 3 0
168 3 3 3 168 0
3 3 3 168 146 0
3 3 168 146 168 0
3 168 146 168 3 0
168 146 168 3 3 0
146 168 3 3 3 0
168 3 3 3 197 0
3 3 3 197 192 0
3 3 197 192 168 0
3 197 192 168 146 0
197 192 168 146 168 0
192 168 146 168 3 0
168 146 168 3 3 0
146 168 3 3 3 0
168 3 3 3 4 0
new
175 5 3 6 195 0
5 3 6 195 175 0
3 6 195 175 175 0
6 195 175 175 175 0
195 175 175 175 175 0
175 175 175 175 195 0
175 175 175 195 175 0
175 175 195 175 175 0
175 195 175 175 208 0
195 175 175 208 175 0
175 175 208 175 60 0
175 208 175 60 195 0
208 175 60 195 195 0
175 60 195 195 60 0
60 195 195 60 175 0
195 195 60 175 208 0
195 60 175 208 175 0
60 175 208 175 175 0
175 208 175 175 208 0
208 175 175 208 175 0
175 175 208 175 175 0
175 208 175 175 5 0
208 175 175 5 143 0
175 175 5 143 197 0
175 5 143 197 3 0
5 143 197 3 19 0
143 197 3 19 4 0
197 3 19 4 143 0
3 19 4 143 6 0
19 4 143 6 175 0
4 143 6 175 175 0
143 6 175 175 208 0
6 175 175 208 175 0
175 175 208 175 175 0
175 208 175 175 175 0
208 175 175 175 175 0
175 175 175 175 208 0
175 175 175 208 175 0
175 175 208 175 5 0
175 208 175 5 175 0
208 175 5 175 208 0
175 5 175 208 175 0
5 175 208 175 54 0
175 208 175 54 54 0
208 175 54 54 221 0
175 54 54 221 221 0
54 54 221 221 175 0
54 221 221 175 54 0
221 221 175 54 54 0
221 175 54 54 54 0
175 54 54 54 54 0
54 54 54 54 54 0
54 54 54 54 54 0
54 54 54 54 54 0
54 54 54 54 54 0
54 54 54 54 175 0
54 54 54 175 221 0
54 54 175 221 221 0
54 175 221 221 221 0
175 221 221 221 221 0
221 221 221 221 4 0
221 221 221 4 176 0
221 221 4 176 3 0
221 4 176 3 176 0
4 176 3 176 162 0
176 3 176 162 3 0
3 176 162 3 4 0
176 162 3 4 4 0
162 3 4 4 176 0
3 4 4 176 3 0
4 4 176 3 176 0
4 176 3 176 162 0
176 3 176 162 3 0
3 176 162 3 3 0
176 162 3 3 4 0
162 3 3 4 176 0
3 3 4 176 175 0
3 4 176 175 175 0
4 176 175 175 175 0
176 175 175 175 175 0
175 175 175 175 6 0
175 175 175 6 175 0
175 175 6 175 208 0
175 6 175 208 175 0
6 175 208 175 10 0
175 208 175 10 175 0
208 175 10 175 208 0
175 10 175 208 175 0
10 175 208 175 175 0
175 208 175 175 175 0
208 175 175 175 175 0
175 175 175 175 175 0
175 175 175 175 175 0
175 175 175 175 91 0
new
11 45 33 192 33 0
45 33 192 33 5 0
33 192 33 5 197 0
192 33 5 197 192 0
33 5 197 192 6 0
5 197 192 6 33 0
197 192 6 33 5 0
192 6 33 5 3 0
6 33 5 3 197 0
33 5 3 197 192 0
5 3 197 192 192 0
3 197 192 192 192 0
197 192 192 192 6 0
192 192 192 6 33 0
192 192 6 33 5 0
192 6 33 5 3 0
6 33 5 3 197 0
33 5 3 197 192 0
5 3 197 192 192 0
3 197 192 192 6 0
197 192 192 6 33 0
192 192 6 33 5 0
192 6 33 5 3 0
6 33 5 3 197 0
33 5 3 197 192 0
5 3 197 192 192 0
3 197 192 192 192 0
197 192 192 192 6 0
192 192 192 6 33 0
192 192 6 33 5 0
192 6 33 5 3 0
6 33 5 3 197 0
33 5 3 197 192 0
5 3 197 192 125 0
3 197 192 125 192 0
197 192 125 192 6 0
192 125 192 6 33 0
125 192 6 33 5 0
192 6 33 5 3 0
6 33 5 3 197 0
33 5 3 197 192 0
5 3 197 192 192 0
3 197 192 192 192 0
197 192 192 192 6 0
192 192 192 6 33 0
192 192 6 33 5 0
192 6 33 5 3 0
6 33 5 3 197 0
33 5 3 197 192 0
5 3 197 192 192 0
3 197 192 192 6 0
197 192 192 6 33 0
192 192 6 33 5 0
192 6 33 5 3 0
6 33 5 3 197 0
33 5 3 197 192 0
5 3 197 192 192 0
3 197 192 192 6 0
197 192 192 6 33 0
192 192 6 33 5 0
192 6 33 5 3 0
6 33 5 3 197 0
33 5 3 197 192 0
5 3 197 192 192 0
3 197 192 192 192 0
197 192 192 192 192 0
192 192 192 192 6 0
192 192 192 6 192 0
192 192 6 192 243 0
192 6 192 243 125 0
6 192 243 125 125 0
192 243 125 125 125 0
243 125 125 125 125 0
125 125 125 125 125 0
125 125 125 125 125 0
125 125 125 125 125 0
125 125 125 125 125 0
125 125 125 125 125 0
125 125 125 125 125 0
125 125 125 125 91 0
125 125 125 91 258 0
125 125 91 258 311 0
125 91 258 311 240 0
91 258 311 240 240 0
258 311 240 240 174 0
311 240 240 174 174 0
240 240 174 174 175 0
240 174 174 175 191 0
174 174 175 191 122 0
174 175 191 122 54 0
175 191 122 54 45 0
191 122 54 45 45 0
122 54 45 45 192 0
54 45 45 192 5 0
45 45 192 5 197 0
45 192 5 197 192 0
192 5 197 192 3 0
5 197 192 3 6 0
197 192 3 6 91 0
192 3 6 91 197 0
3 6 91 197 197 0
6 91 197 197 197 0
91 197 197 197 197 0
197 197 197 197 85 0
197 197 197 85 85 0
197 197 85 85 195 0
197 85 85 195 195 0
85 85 195 195 195 0
85 195 195 195 195 0
195 195 195 195 195 0
195 195 195 195 195 0
195 195 195 195 195 0
195 195 195 195 174 0
195 195 195 174 174 0
195 195 174 174 174 0
195 174 174 174 174 0
174 174 174 174 174 0
174 174 174 174 174 0
174 174 174 174 174 0
174 174 174 174 174 0
174 174 174 174 174 0
174 174 174 174 174 0
174 174 174 174 174 0
174 174 174 174 174 0
174 174 174 174 174 0
174 174 174 174 174 0
174 174 174 174 174 0
174 174 174 174 174 0
174 174 174 174 174 0
174 174 174 174 174 0
174 174 174 174 174 0
174 174 174 174 174 0
174 174 174 174 174 0
174 174 174 174 174 0
174 174 174 174 174 0
174 174 174 174 174 0
174 174 174 174 174 0
174 174 174 174 174 0
174 174 174 174 174 0
174 174 174 174 174 0
174 174 174 174 174 0
174 174 174 174 174 0
174 174 174 174 174 0
174 174 174 174 174 0
174 174 174 174 174 0
174 174 174 174 174 0
174 174 174 174 174 0
174 174 174 174 174 0
174 174 174 174 174 0
174 174 174 174 174 0
174 174 174 174 174 0
174 174 174 174 174 0
174 174 174 174 174 0
174 174 174 174 174 0
174 174 174 174 174 0
174 174 174 174 174 0
174 174 174 174 174 0
174 174 174 174 174 0
174 174 174 174 174 0
174 174 174 174 174 0
174 174 174 174 174 0
174 174 174 174 174 0
174 174 174 174 174 0
174 174 174 174 174 0
174 174 174 174 174 0
174 174 174 174 174 0
174 174 174 174 174 0
174 174 174 174 174 0
174 174 174 174 174 0
174 174 174 174 174 0
174 174 174 174 174 0
174 174 174 174 174 0
174 174 174 174 174 0
174 174 174 174 174 0
174 174 174 174 174 0
174 174 174 174 174 0
174 174 174 174 174 0
174 174 174 174 195 0
174 174 174 195 195 0
174 174 195 195 195 0
174 195 195 195 5 0
195 195 195 5 5 0
195 195 5 5 5 0
195 5 5 5 197 0
5 5 5 197 5 0
5 5 197 5 197 0
5 197 5 197 192 0
197 5 197 192 3 0
5 197 192 3 197 0
197 192 3 197 45 0
192 3 197 45 3 0
3 197 45 3 3 0
197 45 3 3 3 0
45 3 3 3 6 0
3 3 3 6 91 0
3 3 6 91 195 0
3 6 91 195 5 0
6 91 195 5 5 0
91 195 5 5 5 0
195 5 5 5 197 0
5 5 5 197 5 0
5 5 197 5 197 0
5 197 5 197 192 0
197 5 197 192 3 0
5 197 192 3 197 0
197 192 3 197 3 0
192 3 197 3 3 0
3 197 3 3 3 0
197 3 3 3 6 0
3 3 3 6 91 0
3 3 6 91 192 0
3 6 91 192 195 0
6 91 192 195 5 0
91 192 195 5 5 0
192 195 5 5 5 0
195 5 5 5 197 0
5 5 5 197 5 0
5 5 197 5 197 0
5 197 5 197 192 0
197 5 197 192 3 0
5 197 192 3 197 0
197 192 3 197 3 0
192 3 197 3 3 0
3 197 3 3 3 0
197 3 3 3 6 0
3 3 3 6 91 0
3 3 6 91 195 0
3 6 91 195 5 0
6 91 195 5 5 0
91 195 5 5 5 0
195 5 5 5 197 0
5 5 5 197 5 0
5 5 197 5 197 0
5 197 5 197 192 0
197 5 197 192 3 0
5 197 192 3 197 0
197 192 3 197 3 0
192 3 197 3 6 0
3 197 3 6 91 0
197 3 6 91 6 0
3 6 91 6 195 0
6 91 6 195 5 0
91 6 195 5 5 0
6 195 5 5 5 0
195 5 5 5 197 0
5 5 5 197 5 0
5 5 197 5 197 0
5 197 5 197 192 0
197 5 197 192 3 0
5 197 192 3 197 0
197 192 3 197 3 0
192 3 197 3 45 0
3 197 3 45 6 0
197 3 45 6 91 0
3 45 6 91 6 0
45 6 91 6 195 0
6 91 6 195 5 0
91 6 195 5 5 0
6 195 5 5 5 0
195 5 5 5 197 0
5 5 5 197 5 0
5 5 197 5 197 0
5 197 5 197 192 0
197 5 197 192 3 0
5 197 192 3 197 0
197 192 3 197 3 0
192 3 197 3 3 0
3 197 3 3 3 0
197 3 3 3 6 0
3 3 3 6 91 0
3 3 6 91 195 0
3 6 91 195 5 0
6 91 195 5 5 0
91 195 5 5 5 0
195 5 5 5 197 0
5 5 5 197 5 0
5 5 197 5 197 0
5 197 5 197 192 0
197 5 197 192 3 0
5 197 192 3 197 0
197 192 3 197 3 0
192 3 197 3 6 0
3 197 3 6 91 0
197 3 6 91 6 0
3 6 91 6 195 0
6 91 6 195 5 0
91 6 195 5 5 0
6 195 5 5 5 0
195 5 5 5 197 0
5 5 5 197 5 0
5 5 197 5 197 0
5 197 5 197 192 0
197 5 197 192 3 0
5 197 192 3 197 0
197 192 3 197 3 0
192 3 197 3 6 0
3 197 3 6 91 0
197 3 6 91 6 0
3 6 91 6 6 0
6 91 6 6 6 0
91 6 6 6 195 0
6 6 6 195 5 0
6 6 195 5 5 0
6 195 5 5 5 0
195 5 5 5 197 0
5 5 5 197 5 0
5 5 197 5 197 0
5 197 5 197 192 0
197 5 197 192 3 0
5 197 192 3 197 0
197 192 3 197 3 0
192 3 197 3 3 0
3 197 3 3 3 0
197 3 3 3 6 0
3 3 3 6 91 0
3 3 6 91 195 0
3 6 91 195 5 0
6 91 195 5 5 0
91 195 5 5 5 0
195 5 5 5 197 0
5 5 5 197 5 0
5 5 197 5 197 0
5 197 5 197 192 0
197 5 197 192 3 0
5 197 192 3 197 0
197 192 3 197 3 0
192 3 197 3 3 0
3 197 3 3 3 0
197 3 3 3 6 0
3 3 3 6 91 0
3 3 6 91 195 0
3 6 91 195 5 0
6 91 195 5 5 0
91 195 5 5 5 0
195 5 5 5 197 0
5 5 5 197 5 0
5 5 197 5 197 0
5 197 5 197 192 0
197 5 197 192 3 0
5 197 192 3 197 0
197 192 3 197 3 0
192 3 197 3 3 0
3 197 3 3 6 0
197 3 3 6 91 0
3 3 6 91 195 0
3 6 91 195 5 0
6 91 195 5 5 0
91 195 5 5 5 0
195 5 5 5 197 0
5 5 5 197 5 0
5 5 197 5 197 0
5 197 5 197 192 0
197 5 197 192 3 0
5 197 192 3 197 0
197 192 3 197 3 0
192 3 197 3 3 0
3 197 3 3 3 0
197 3 3 3 6 0
3 3 3 6 91 0
3 3 6 91 6 0
3 6 91 6 6 0
6 91 6 6 6 0
91 6 6 6 6 0
6 6 6 6 195 0
6 6 6 195 5 0
6 6 195 5 5 0
6 195 5 5 5 0
195 5 5 5 197 0
5 5 5 197 5 0
5 5 197 5 197 0
5 197 5 197 192 0
197 5 197 192 3 0
5 197 192 3 197 0
197 192 3 197 3 0
192 3 197 3 3 0
3 197 3 3 6 0
197 3 3 6 91 0
3 3 6 91 6 0
3 6 91 6 6 0
6 91 6 6 195 0
91 6 6 195 5 0
6 6 195 5 5 0
6 195 5 5 5 0
195 5 5 5 197 0
5 5 5 197 5 0
5 5 197 5 197 0
5 197 5 197 192 0
197 5 197 192 3 0
5 197 192 3 197 0
197 192 3 197 3 0
192 3 197 3 3 0
3 197 3 3 3 0
197 3 3 3 6 0
3 3 3 6 91 0
3 3 6 91 6 0
3 6 91 6 201 0
6 91 6 201 199 0
91 6 201 199 202 0
6 201 199 202 200 0
201 199 202 200 195 0
199 202 200 195 195 0
202 200 195 195 195 0
200 195 195 195 5 0
195 195 195 5 5 0
195 195 5 5 5 0
195 5 5 5 197 0
5 5 5 197 5 0
5 5 197 5 197 0
5 197 5 197 192 0
197 5 197 192 3 0
5 197 192 3 197 0
197 192 3 197 3 0
192 3 197 3 3 0
3 197 3 3 3 0
197 3 3 3 6 0
3 3 3 6 91 0
3 3 6 91 196 0
3 6 91 196 196 0
6 91 196 196 196 0
91 196 196 196 196 0
196 196 196 196 85 0
196 196 196 85 196 0
196 196 85 196 196 0
196 85 196 196 196 0
85 196 196 196 196 0
196 196 196 196 195 0
196 196 196 195 195 0
196 196 195 195 6 0
196 195 195 6 195 0
195 195 6 195 5 0
195 6 195 5 5 0
6 195 5 5 5 0
195 5 5 5 197 0
5 5 5 197 5 0
5 5 197 5 197 0
5 197 5 197 192 0
197 5 197 192 3 0
5 197 192 3 197 0
197 192 3 197 3 0
192 3 197 3 3 0
3 197 3 3 3 0
197 3 3 3 6 0
3 3 3 6 91 0
3 3 6 91 195 0
3 6 91 195 5 0
6 91 195 5 5 0
91 195 5 5 5 0
195 5 5 5 197 0
5 5 5 197 5 0
5 5 197 5 197 0
5 197 5 197 192 0
197 5 197 192 3 0
5 197 192 3 197 0
197 192 3 197 3 0
192 3 197 3 3 0
3 197 3 3 3 0
197 3 3 3 6 0
3 3 3 6 91 0
3 3 6 91 195 0
3 6 91 195 5 0
6 91 195 5 5 0
91 195 5 5 5 0
195 5 5 5 197 0
5 5 5 197 5 0
5 5 197 5 197 0
5 197 5 197 192 0
197 5 197 192 3 0
5 197 192 3 197 0
197 192 3 197 3 0
192 3 197 3 3 0
3 197 3 3 3 0
197 3 3 3 6 0
3 3 3 6 91 0
3 3 6 91 195 0
3 6 91 195 5 0
6 91 195 5 5 0
91 195 5 5 5 0
195 5 5 5 197 0
5 5 5 197 5 0
5 5 197 5 197 0
5 197 5 197 192 0
197 5 197 192 3 0
5 197 192 3 197 0
197 192 3 197 3 0
192 3 197 3 3 0
3 197 3 3 192 0
197 3 3 192 6 0
3 3 192 6 91 0
3 192 6 91 6 0
192 6 91 6 6 0
6 91 6 6 6 0
91 6 6 6 6 0
6 6 6 6 5 0
6 6 6 5 197 0
6 6 5 197 197 0
6 5 197 197 192 0
5 197 197 192 3 0
197 197 192 3 3 0
197 192 3 3 3 0
192 3 3 3 3 0
3 3 3 3 3 0
3 3 3 3 3 0
3 3 3 3 3 0
3 3 3 3 3 0
3 3 3 3 3 0
3 3 3 3 3 0
3 3 3 3 3 0
3 3 3 3 3 0
3 3 3 3 3 0
3 3 3 3 6 0
3 3 3 6 91 0
3 3 6 91 45 0
3 6 91 45 5 0
6 91 45 5 197 0
91 45 5 197 197 0
45 5 197 197 192 0
5 197 197 192 3 0
197 197 192 3 3 0
197 192 3 3 3 0
192 3 3 3 3 0
3 3 3 3 3 0
3 3 3 3 3 0
3 3 3 3 3 0
3 3 3 3 3 0
3 3 3 3 3 0
3 3 3 3 3 0
3 3 3 3 6 0
3 3 3 6 91 0
3 3 6 91 195 0
3 6 91 195 195 0
6 91 195 195 195 0
91 195 195 195 195 0
195 195 195 195 5 0
195 195 195 5 221 0
195 195 5 221 220 0
195 5 221 220 220 0
5 221 220 220 6 0
221 220 220 6 195 0
220 220 6 195 5 0
220 6 195 5 220 0
6 195 5 220 220 0
195 5 220 220 6 0
5 220 220 6 5 0
220 220 6 5 197 0
220 6 5 197 197 0
6 5 197 197 192 0
5 197 197 192 3 0
197 197 192 3 3 0
197 192 3 3 195 0
192 3 3 195 3 0
3 3 195 3 6 0
3 195 3 6 91 0
195 3 6 91 5 0
3 6 91 5 197 0
6 91 5 197 197 0
91 5 197 197 192 0
5 197 197 192 3 0
197 197 192 3 3 0
197 192 3 3 195 0
192 3 3 195 3 0
3 3 195 3 6 0
3 195 3 6 91 0
195 3 6 91 5 0
3 6 91 5 197 0
6 91 5 197 197 0
91 5 197 197 192 0
5 197 197 192 3 0
197 197 192 3 3 0
197 192 3 3 195 0
192 3 3 195 3 0
3 3 195 3 6 0
3 195 3 6 91 0
195 3 6 91 5 0
3 6 91 5 197 0
6 91 5 197 197 0
91 5 197 197 192 0
5 197 197 192 3 0
197 197 192 3 3 0
197 192 3 3 195 0
192 3 3 195 3 0
3 3 195 3 6 0
3 195 3 6 91 0
195 3 6 91 5 0
3 6 91 5 197 0
6 91 5 197 197 0
91 5 197 197 192 0
5 197 197 192 3 0
197 197 192 3 3 0
197 192 3 3 195 0
192 3 3 195 3 0
3 3 195 3 6 0
3 195 3 6 91 0
195 3 6 91 5 0
3 6 91 5 197 0
6 91 5 197 197 0
91 5 197 197 192 0
5 197 197 192 3 0
197 197 192 3 3 0
197 192 3 3 195 0
192 3 3 195 3 0
3 3 195 3 6 0
3 195 3 6 91 0
195 3 6 91 5 0
3 6 91 5 197 0
6 91 5 197 197 0
91 5 197 197 192 0
5 197 197 192 3 0
197 197 192 3 3 0
197 192 3 3 195 0
192 3 3 195 195 0
3 3 195 195 195 0
3 195 195 195 195 0
195 195 195 195 195 0
195 195 195 195 195 0
195 195 195 195 195 0
195 195 195 195 3 0
195 195 195 3 6 0
195 195 3 6 91 0
195 3 6 91 5 0
3 6 91 5 197 0
6 91 5 197 197 0
91 5 197 197 192 0
5 197 197 192 3 0
197 197 192 3 3 0
197 192 3 3 195 0
192 3 3 195 3 0
3 3 195 3 6 0
3 195 3 6 91 0
195 3 6 91 195 0
3 6 91 195 5 0
6 91 195 5 5 0
91 195 5 5 5 0
195 5 5 5 197 0
5 5 5 197 5 0
5 5 197 5 197 0
5 197 5 197 192 0
197 5 197 192 3 0
5 197 192 3 197 0
197 192 3 197 3 0
192 3 197 3 6 0
3 197 3 6 91 0
197 3 6 91 195 0
3 6 91 195 5 0
6 91 195 5 5 0
91 195 5 5 5 0
195 5 5 5 5 0
5 5 5 5 195 0
5 5 5 195 195 0
5 5 195 195 195 0
5 195 195 195 5 0
195 195 195 5 5 0
195 195 5 5 5 0
195 5 5 5 5 0
5 5 5 5 195 0
5 5 5 195 195 0
5 5 195 195 195 0
5 195 195 195 5 0
195 195 195 5 5 0
195 195 5 5 5 0
195 5 5 5 5 0
5 5 5 5 195 0
5 5 5 195 195 0
5 5 195 195 195 0
5 195 195 195 195 0
195 195 195 195 195 0
195 195 195 195 195 0
195 195 195 195 5 0
195 195 195 5 5 0
195 195 5 5 5 0
195 5 5 5 5 0
5 5 5 5 195 0
5 5 5 195 195 0
5 5 195 195 195 0
5 195 195 195 5 0
195 195 195 5 5 0
195 195 5 5 5 0
195 5 5 5 5 0
5 5 5 5 195 0
5 5 5 195 195 0
5 5 195 195 195 0
5 195 195 195 5 0
195 195 195 5 5 0
195 195 5 5 5 0
195 5 5 5 197 0
5 5 5 197 5 0
5 5 197 5 197 0
5 197 5 197 192 0
197 5 197 192 3 0
5 197 192 3 197 0
197 192 3 197 3 0
192 3 197 3 3 0
3 197 3 3 3 0
197 3 3 3 6 0
3 3 3 6 91 0
3 3 6 91 6 0
3 6 91 6 6 0
6 91 6 6 195 0
91 6 6 195 5 0
6 6 195 5 5 0
6 195 5 5 5 0
195 5 5 5 5 0
5 5 5 5 195 0
5 5 5 195 5 0
5 5 195 5 5 0
5 195 5 5 5 0
195 5 5 5 5 0
5 5 5 5 195 0
5 5 5 195 5 0
5 5 195 5 5 0
5 195 5 5 5 0
195 5 5 5 5 0
5 5 5 5 195 0
5 5 5 195 5 0
5 5 195 5 5 0
5 195 5 5 5 0
195 5 5 5 5 0
5 5 5 5 195 0
5 5 5 195 5 0
5 5 195 5 5 0
5 195 5 5 5 0
195 5 5 5 5 0
5 5 5 5 195 0
5 5 5 195 5 0
5 5 195 5 5 0
5 195 5 5 5 0
195 5 5 5 5 0
5 5 5 5 195 0
5 5 5 195 195 0
5 5 195 195 195 0
5 195 195 195 5 0
195 195 195 5 5 0
195 195 5 5 5 0
195 5 5 5 5 0
5 5 5 5 195 0
5 5 5 195 195 0
5 5 195 195 195 0
5 195 195 195 5 0
195 195 195 5 5 0
195 195 5 5 5 0
195 5 5 5 5 0
5 5 5 5 195 0
5 5 5 195 195 0
5 5 195 195 195 0
5 195 195 195 5 0
195 195 195 5 5 0
195 195 5 5 5 0
195 5 5 5 5 0
5 5 5 5 195 0
5 5 5 195 195 0
5 5 195 195 195 0
5 195 195 195 5 0
195 195 195 5 5 0
195 195 5 5 5 0
195 5 5 5 5 0
5 5 5 5 195 0
5 5 5 195 195 0
5 5 195 195 195 0
5 195 195 195 5 0
195 195 195 5 5 0
195 195 5 5 5 0
195 5 5 5 5 0
5 5 5 5 195 0
5 5 5 195 195 0
5 5 195 195 195 0
5 195 195 195 5 0
195 195 195 5 5 0
195 195 5 5 5 0
195 5 5 5 5 0
5 5 5 5 195 0
5 5 5 195 195 0
5 5 195 195 195 0
5 195 195 195 5 0
195 195 195 5 5 0
195 195 5 5 5 0
195 5 5 5 5 0
5 5 5 5 195 0
5 5 5 195 195 0
5 5 195 195 195 0
5 195 195 195 5 0
195 195 195 5 5 0
195 195 5 5 5 0
195 5 5 5 5 0
5 5 5 5 6 0
5 5 5 6 5 0
5 5 6 5 197 0
5 6 5 197 192 0
6 5 197 192 192 0
5 197 192 192 6 0
197 192 192 6 195 0
192 192 6 195 195 0
192 6 195 195 195 0
6 195 195 195 5 0
195 195 195 5 5 0
195 195 5 5 5 0
195 5 5 5 197 0
5 5 5 197 5 0
5 5 197 5 197 0
5 197 5 197 192 0
197 5 197 192 3 0
5 197 192 3 197 0
197 192 3 197 3 0
192 3 197 3 3 0
3 197 3 3 6 0
197 3 3 6 91 0
3 3 6 91 195 0
3 6 91 195 195 0
6 91 195 195 195 0
91 195 195 195 5 0
195 195 195 5 5 0
195 195 5 5 5 0
195 5 5 5 5 0
5 5 5 5 195 0
5 5 5 195 5 0
5 5 195 5 5 0
5 195 5 5 5 0
195 5 5 5 197 0
5 5 5 197 5 0
5 5 197 5 197 0
5 197 5 197 192 0
197 5 197 192 3 0
5 197 192 3 197 0
197 192 3 197 45 0
192 3 197 45 3 0
3 197 45 3 3 0
197 45 3 3 3 0
45 3 3 3 6 0
3 3 3 6 91 0
3 3 6 91 6 0
3 6 91 6 195 0
6 91 6 195 5 0
91 6 195 5 5 0
6 195 5 5 5 0
195 5 5 5 5 0
5 5 5 5 195 0
5 5 5 195 5 0
5 5 195 5 5 0
5 195 5 5 5 0
195 5 5 5 197 0
5 5 5 197 5 0
5 5 197 5 197 0
5 197 5 197 192 0
197 5 197 192 3 0
5 197 192 3 197 0
197 192 3 197 3 0
192 3 197 3 3 0
3 197 3 3 3 0
197 3 3 3 6 0
3 3 3 6 91 0
3 3 6 91 6 0
3 6 91 6 195 0
6 91 6 195 5 0
91 6 195 5 5 0
6 195 5 5 5 0
195 5 5 5 5 0
5 5 5 5 6 0
5 5 5 6 195 0
5 5 6 195 5 0
5 6 195 5 5 0
6 195 5 5 5 0
195 5 5 5 197 0
5 5 5 197 5 0
5 5 197 5 197 0
5 197 5 197 192 0
197 5 197 192 3 0
5 197 192 3 197 0
197 192 3 197 3 0
192 3 197 3 6 0
3 197 3 6 91 0
197 3 6 91 6 0
3 6 91 6 54 0
6 91 6 54 54 0
91 6 54 54 54 0
6 54 54 54 85 0
54 54 54 85 196 0
54 54 85 196 196 0
54 85 196 196 196 0
85 196 196 196 195 0
196 196 196 195 5 0
196 196 195 5 197 0
196 195 5 197 192 0
195 5 197 192 197 0
5 197 192 197 140 0
197 192 197 140 3 0
192 197 140 3 3 0
197 140 3 3 6 0
140 3 3 6 91 0
3 3 6 91 195 0
3 6 91 195 5 0
6 91 195 5 197 0
91 195 5 197 54 0
195 5 197 54 197 0
5 197 54 197 192 0
197 54 197 192 140 0
54 197 192 140 3 0
197 192 140 3 140 0
192 140 3 140 3 0
140 3 140 3 6 0
3 140 3 6 91 0
140 3 6 91 195 0
3 6 91 195 195 0
6 91 195 195 195 0
91 195 195 195 5 0
195 195 195 5 5 0
195 195 5 5 5 0
195 5 5 5 5 0
5 5 5 5 195 0
5 5 5 195 5 0
5 5 195 5 5 0
5 195 5 5 5 0
195 5 5 5 197 0
5 5 5 197 5 0
5 5 197 5 197 0
5 197 5 197 192 0
197 5 197 192 3 0
5 197 192 3 197 0
197 192 3 197 3 0
192 3 197 3 3 0
3 197 3 3 3 0
197 3 3 3 6 0
3 3 3 6 91 0
3 3 6 91 195 0
3 6 91 195 5 0
6 91 195 5 5 0
91 195 5 5 5 0
195 5 5 5 5 0
5 5 5 5 195 0
5 5 5 195 5 0
5 5 195 5 5 0
5 195 5 5 5 0
195 5 5 5 197 0
5 5 5 197 5 0
5 5 197 5 197 0
5 197 5 197 192 0
197 5 197 192 3 0
5 197 192 3 197 0
197 192 3 197 3 0
192 3 197 3 3 0
3 197 3 3 3 0
197 3 3 3 6 0
3 3 3 6 91 0
3 3 6 91 195 0
3 6 91 195 5 0
6 91 195 5 5 0
91 195 5 5 5 0
195 5 5 5 5 0
5 5 5 5 195 0
5 5 5 195 5 0
5 5 195 5 5 0
5 195 5 5 5 0
195 5 5 5 197 0
5 5 5 197 5 0
5 5 197 5 197 0
5 197 5 197 192 0
197 5 197 192 3 0
5 197 192 3 197 0
197 192 3 197 3 0
192 3 197 3 3 0
3 197 3 3 3 0
197 3 3 3 6 0
3 3 3 6 91 0
3 3 6 91 6 0
3 6 91 6 6 0
6 91 6 6 195 0
91 6 6 195 5 0
6 6 195 5 5 0
6 195 5 5 5 0
195 5 5 5 5 0
5 5 5 5 195 0
5 5 5 195 5 0
5 5 195 5 5 0
5 195 5 5 5 0
195 5 5 5 197 0
5 5 5 197 5 0
5 5 197 5 197 0
5 197 5 197 192 0
197 5 197 192 3 0
5 197 192 3 197 0
197 192 3 197 3 0
192 3 197 3 3 0
3 197 3 3 3 0
197 3 3 3 6 0
3 3 3 6 91 0
3 3 6 91 195 0
3 6 91 195 5 0
6 91 195 5 5 0
91 195 5 5 5 0
195 5 5 5 5 0
5 5 5 5 195 0
5 5 5 195 5 0
5 5 195 5 5 0
5 195 5 5 5 0
195 5 5 5 197 0
5 5 5 197 5 0
5 5 197 5 197 0
5 197 5 197 192 0
197 5 197 192 3 0
5 197 192 3 197 0
197 192 3 197 45 0
192 3 197 45 3 0
3 197 45 3 3 0
197 45 3 3 3 0
45 3 3 3 192 0
3 3 3 192 6 0
3 3 192 6 91 0
3 192 6 91 195 0
192 6 91 195 5 0
6 91 195 5 5 0
91 195 5 5 5 0
195 5 5 5 5 0
5 5 5 5 195 0
5 5 5 195 5 0
5 5 195 5 5 0
5 195 5 5 5 0
195 5 5 5 197 0
5 5 5 197 5 0
5 5 197 5 197 0
5 197 5 197 192 0
197 5 197 192 3 0
5 197 192 3 197 0
197 192 3 197 3 0
192 3 197 3 3 0
3 197 3 3 6 0
197 3 3 6 91 0
3 3 6 91 6 0
3 6 91 6 6 0
6 91 6 6 195 0
91 6 6 195 5 0
6 6 195 5 5 0
6 195 5 5 5 0
195 5 5 5 5 0
5 5 5 5 195 0
5 5 5 195 5 0
5 5 195 5 5 0
5 195 5 5 5 0
195 5 5 5 197 0
5 5 5 197 5 0
5 5 197 5 197 0
5 197 5 197 192 0
197 5 197 192 3 0
5 197 192 3 197 0
197 192 3 197 3 0
192 3 197 3 3 0
3 197 3 3 3 0
197 3 3 3 6 0
3 3 3 6 91 0
3 3 6 91 195 0
3 6 91 195 5 0
6 91 195 5 5 0
91 195 5 5 5 0
195 5 5 5 5 0
5 5 5 5 195 0
5 5 5 195 5 0
5 5 195 5 5 0
5 195 5 5 5 0
195 5 5 5 197 0
5 5 5 197 5 0
5 5 197 5 197 0
5 197 5 197 192 0
197 5 197 192 3 0
5 197 192 3 197 0
197 192 3 197 3 0
192 3 197 3 3 0
3 197 3 3 3 0
197 3 3 3 6 0
3 3 3 6 91 0
3 3 6 91 6 0
3 6 91 6 195 0
6 91 6 195 5 0
91 6 195 5 5 0
6 195 5 5 5 0
195 5 5 5 5 0
5 5 5 5 195 0
5 5 5 195 5 0
5 5 195 5 5 0
5 195 5 5 5 0
195 5 5 5 5 0
5 5 5 5 195 0
5 5 5 195 5 0
5 5 195 5 5 0
5 195 5 5 5 0
195 5 5 5 5 0
5 5 5 5 195 0
5 5 5 195 5 0
5 5 195 5 5 0
5 195 5 5 5 0
195 5 5 5 5 0
5 5 5 5 195 0
5 5 5 195 5 0
5 5 195 5 5 0
5 195 5 5 5 0
195 5 5 5 5 0
5 5 5 5 195 0
5 5 5 195 5 0
5 5 195 5 5 0
5 195 5 5 5 0
195 5 5 5 5 0
5 5 5 5 195 0
5 5 5 195 5 0
5 5 195 5 5 0
5 195 5 5 5 0
195 5 5 5 5 0
5 5 5 5 195 0
5 5 5 195 5 0
5 5 195 5 5 0
5 195 5 5 5 0
195 5 5 5 5 0
5 5 5 5 195 0
5 5 5 195 5 0
5 5 195 5 5 0
5 195 5 5 5 0
195 5 5 5 5 0
5 5 5 5 195 0
5 5 5 195 5 0
5 5 195 5 5 0
5 195 5 5 5 0
195 5 5 5 5 0
5 5 5 5 195 0
5 5 5 195 5 0
5 5 195 5 5 0
5 195 5 5 5 0
195 5 5 5 5 0
5 5 5 5 195 0
5 5 5 195 5 0
5 5 195 5 5 0
5 195 5 5 5 0
195 5 5 5 5 0
5 5 5 5 195 0
5 5 5 195 5 0
5 5 195 5 5 0
5 195 5 5 5 0
195 5 5 5 5 0
5 5 5 5 195 0
5 5 5 195 5 0
5 5 195 5 5 0
5 195 5 5 5 0
195 5 5 5 5 0
5 5 5 5 195 0
5 5 5 195 5 0
5 5 195 5 5 0
5 195 5 5 5 0
195 5 5 5 5 0
5 5 5 5 6 0
5 5 5 6 195 0
5 5 6 195 5 0
5 6 195 5 5 0
6 195 5 5 5 0
195 5 5 5 5 0
5 5 5 5 195 0
5 5 5 195 5 0
5 5 195 5 5 0
5 195 5 5 5 0
195 5 5 5 197 0
5 5 5 197 5 0
5 5 197 5 197 0
5 197 5 197 192 0
197 5 197 192 3 0
5 197 192 3 197 0
197 192 3 197 3 0
192 3 197 3 6 0
3 197 3 6 91 0
197 3 6 91 6 0
3 6 91 6 6 0
6 91 6 6 195 0
91 6 6 195 195 0
6 6 195 195 195 0
6 195 195 195 195 0
195 195 195 195 195 0
195 195 195 195 195 0
195 195 195 195 195 0
195 195 195 195 195 0
195 195 195 195 195 0
195 195 195 195 195 0
195 195 195 195 195 0
195 195 195 195 195 0
195 195 195 195 195 0
195 195 195 195 195 0
195 195 195 195 195 0
195 195 195 195 195 0
195 195 195 195 195 0
195 195 195 195 195 0
195 195 195 195 195 0
195 195 195 195 195 0
195 195 195 195 195 0
195 195 195 195 195 0
195 195 195 195 195 0
195 195 195 195 195 0
195 195 195 195 195 0
195 195 195 195 195 0
195 195 195 195 195 0
195 195 195 195 195 0
195 195 195 195 195 0
195 195 195 195 195 0
195 195 195 195 195 0
195 195 195 195 195 0
195 195 195 195 6 0
195 195 195 6 195 0
195 195 6 195 5 0
195 6 195 5 5 0
6 195 5 5 5 0
195 5 5 5 5 0
5 5 5 5 195 0
5 5 5 195 5 0
5 5 195 5 5 0
5 195 5 5 5 0
195 5 5 5 197 0
5 5 5 197 5 0
5 5 197 5 197 0
5 197 5 197 192 0
197 5 197 192 3 0
5 197 192 3 197 0
197 192 3 197 3 0
192 3 197 3 6 0
3 197 3 6 91 0
197 3 6 91 6 0
3 6 91 6 195 0
6 91 6 195 5 0
91 6 195 5 5 0
6 195 5 5 5 0
195 5 5 5 5 0
5 5 5 5 195 0
5 5 5 195 5 0
5 5 195 5 5 0
5 195 5 5 5 0
195 5 5 5 5 0
5 5 5 5 195 0
5 5 5 195 5 0
5 5 195 5 5 0
5 195 5 5 5 0
195 5 5 5 5 0
5 5 5 5 195 0
5 5 5 195 5 0
5 5 195 5 5 0
5 195 5 5 5 0
195 5 5 5 5 0
5 5 5 5 195 0
5 5 5 195 5 0
5 5 195 5 5 0
5 195 5 5 5 0
195 5 5 5 5 0
5 5 5 5 195 0
5 5 5 195 5 0
5 5 195 5 5 0
5 195 5 5 5 0
195 5 5 5 5 0
5 5 5 5 195 0
5 5 5 195 5 0
5 5 195 5 5 0
5 195 5 5 5 0
195 5 5 5 197 0
5 5 5 197 5 0
5 5 197 5 197 0
5 197 5 197 192 0
197 5 197 192 3 0
5 197 192 3 197 0
197 192 3 197 3 0
192 3 197 3 3 0
3 197 3 3 6 0
197 3 3 6 91 0
3 3 6 91 6 0
3 6 91 6 195 0
6 91 6 195 195 0
91 6 195 195 195 0
6 195 195 195 195 0
195 195 195 195 195 0
195 195 195 195 195 0
195 195 195 195 195 0
195 195 195 195 195 0
195 195 195 195 195 0
195 195 195 195 195 0
195 195 195 195 195 0
195 195 195 195 195 0
195 195 195 195 195 0
195 195 195 195 195 0
195 195 195 195 195 0
195 195 195 195 195 0
195 195 195 195 195 0
195 195 195 195 5 0
195 195 195 5 197 0
195 195 5 197 197 0
195 5 197 197 192 0
5 197 197 192 3 0
197 197 192 3 3 0
197 192 3 3 3 0
192 3 3 3 6 0
3 3 3 6 91 0
3 3 6 91 197 0
3 6 91 197 192 0
6 91 197 192 174 0
91 197 192 174 4 0
new
11 45 33 192 33 0
45 33 192 33 5 0
33 192 33 5 197 0
192 33 5 197 192 0
33 5 197 192 6 0
5 197 192 6 33 0
197 192 6 33 5 0
192 6 33 5 3 0
6 33 5 3 197 0
33 5 3 197 192 0
5 3 197 192 192 0
3 197 192 192 6 0
197 192 192 6 33 0
192 192 6 33 5 0
192 6 33 5 3 0
6 33 5 3 197 0
33 5 3 197 192 0
5 3 197 192 192 0
3 197 192 192 6 0
197 192 192 6 33 0
192 192 6 33 5 0
192 6 33 5 3 0
6 33 5 3 197 0
33 5 3 197 192 0
5 3 197 192 192 0
3 197 192 192 192 0
197 192 192 192 192 0
192 192 192 192 6 0
192 192 192 6 192 0
192 192 6 192 243 0
192 6 192 243 125 0
6 192 243 125 125 0
192 243 125 125 125 0
243 125 125 125 125 0
125 125 125 125 125 0
125 125 125 125 91 0
125 125 125 91 45 0
125 125 91 45 45 0
125 91 45 45 60 0
91 45 45 60 199 0
45 45 60 199 201 0
45 60 199 201 85 0
60 199 201 85 85 0
199 201 85 85 85 0
201 85 85 85 60 0
85 85 85 60 5 0
85 85 60 5 60 0
85 60 5 60 197 0
60 5 60 197 192 0
5 60 197 192 3 0
60 197 192 3 3 0
197 192 3 3 6 0
192 3 3 6 91 0
3 3 6 91 195 0
3 6 91 195 22 0
6 91 195 22 196 0
91 195 22 196 5 0
195 22 196 5 6 0
22 196 5 6 174 0
196 5 6 174 174 0
5 6 174 174 174 0
6 174 174 174 174 0
174 174 174 174 174 0
174 174 174 174 174 0
174 174 174 174 174 0
174 174 174 174 174 0
174 174 174 174 174 0
174 174 174 174 174 0
174 174 174 174 174 0
174 174 174 174 174 0
174 174 174 174 174 0
174 174 174 174 174 0
174 174 174 174 174 0
174 174 174 174 174 0
174 174 174 174 20 0
174 174 174 20 5 0
174 174 20 5 6 0
174 20 5 6 78 0
20 5 6 78 9 0
5 6 78 9 5 0
6 78 9 5 221 0
78 9 5 221 10 0
9 5 221 10 60 0
5 221 10 60 5 0
221 10 60 5 60 0
10 60 5 60 197 0
60 5 60 197 192 0
5 60 197 192 3 0
60 197 192 3 3 0
197 192 3 3 6 0
192 3 3 6 91 0
3 3 6 91 60 0
3 6 91 60 5 0
6 91 60 5 60 0
91 60 5 60 197 0
60 5 60 197 192 0
5 60 197 192 197 0
60 197 192 197 140 0
197 192 197 140 4 0
192 197 140 4 197 0
197 140 4 197 140 0
140 4 197 140 4 0
4 197 140 4 197 0
197 140 4 197 140 0
140 4 197 140 4 0
4 197 140 4 197 0
197 140 4 197 140 0
140 4 197 140 4 0
4 197 140 4 197 0
197 140 4 197 140 0
140 4 197 140 4 0
4 197 140 4 197 0
197 140 4 197 140 0
140 4 197 140 4 0
4 197 140 4 197 0
197 140 4 197 140 0
140 4 197 140 4 0
4 197 140 4 197 0
197 140 4 197 140 0
140 4 197 140 4 0
4 197 140 4 197 0
197 140 4 197 140 0
140 4 197 140 4 0
4 197 140 4 197 0
197 140 4 197 140 0
140 4 197 140 4 0
4 197 140 4 197 0
197 140 4 197 140 0
140 4 197 140 4 0
4 197 140 4 197 0
197 140 4 197 140 0
140 4 197 140 4 0
4 197 140 4 197 0
197 140 4 197 140 0
140 4 197 140 94 0
4 197 140 94 195 0
197 140 94 195 207 0
140 94 195 207 4 0
94 195 207 4 6 0
195 207 4 6 91 0
207 4 6 91 38 0
4 6 91 38 6 0
6 91 38 6 10 0
new
168 265 3 265 265 0
265 3 265 265 3 0
3 265 265 3 3 0
265 265 3 3 292 0
265 3 3 292 265 0
3 3 292 265 3 0
3 292 265 3 3 0
292 265 3 3 3 0
265 3 3 3 168 0
3 3 3 168 168 0
3 3 168 168 168 0
3 168 168 168 3 0
168 168 168 3 3 0
168 168 3 3 3 0
168 3 3 3 3 0
3 3 3 3 168 0
3 3 3 168 102 0
3 3 168 102 102 0
3 168 102 102 292 0
168 102 102 292 265 0
102 102 292 265 3 0
102 292 265 3 3 0
292 265 3 3 3 0
265 3 3 3 3 0
3 3 3 3 3 0
3 3 3 3 168 0
3 3 3 168 168 0
3 3 168 168 3 0
3 168 168 3 292 0
168 168 3 292 168 0
168 3 292 168 292 0
3 292 168 292 265 0
292 168 292 265 292 0
168 292 265 292 265 0
292 265 292 265 3 0
265 292 265 3 3 0
292 265 3 3 292 0
265 3 3 292 3 0
3 3 292 3 3 0
3 292 3 3 168 0
292 3 3 168 3 0
3 3 168 3 3 0
3 168 3 3 3 0
168 3 3 3 292 0
3 3 3 292 3 0
3 3 292 3 3 0
3 292 3 3 168 0
292 3 3 168 3 0
3 3 168 3 3 0
3 168 3 3 3 0
168 3 3 3 3 0
3 3 3 3 168 0
3 3 3 168 3 0
3 3 168 3 292 0
3 168 3 292 168 0
168 3 292 168 3 0
3 292 168 3 3 0
292 168 3 3 265 0
168 3 3 265 3 0
3 3 265 3 265 0
3 265 3 265 265 0
265 3 265 265 168 0
3 265 265 168 3 0
265 265 168 3 168 0
265 168 3 168 265 0
168 3 168 265 292 0
3 168 265 292 168 0
168 265 292 168 3 0
265 292 168 3 168 0
292 168 3 168 3 0
168 3 168 3 3 0
3 168 3 3 265 0
168 3 3 265 292 0
3 3 265 292 3 0
3 265 292 3 3 0
265 292 3 3 292 0
292 3 3 292 168 0
3 3 292 168 3 0
3 292 168 3 292 0
292 168 3 292 265 0
168 3 292 265 292 0
3 292 265 292 265 0
292 265 292 265 3 0
265 292 265 3 3 0
292 265 3 3 168 0
265 3 3 168 3 0
3 3 168 3 292 0
3 168 3 292 168 0
168 3 292 168 168 0
3 292 168 168 292 0
292 168 168 292 265 0
168 168 292 265 292 0
168 292 265 292 265 0
292 265 292 265 3 0
265 292 265 3 3 0
292 265 3 3 3 0
265 3 3 3 168 0
3 3 3 168 265 0
3 3 168 265 265 0
3 168 265 265 265 0
168 265 265 265 168 0
265 265 265 168 168 0
265 265 168 168 168 0
265 168 168 168 265 0
new
