63 6 6 0
6 6 214 0
6 214 5 0
214 5 3 0
5 3 6 0
3 6 102 0
6 102 102 0
102 102 6 0
102 6 102 0
6 102 102 0
102 102 6 0
102 6 5 0
6 5 140 0
5 140 197 0
140 197 192 0
197 192 140 0
192 140 197 0
140 197 91 0
197 91 6 0
91 6 206 0
6 206 213 0
206 213 12 0
213 12 11 0
12 11 45 0
11 45 221 0
45 221 221 0
221 221 221 0
221 221 33 0
221 33 33 0
33 33 192 0
33 192 33 0
192 33 5 0
33 5 197 0
5 197 192 0
197 192 6 0
192 6 33 0
6 33 5 0
33 5 3 0
5 3 197 0
3 197 192 0
197 192 192 0
192 192 6 0
192 6 33 0
6 33 5 0
33 5 3 0
5 3 197 0
3 197 192 0
197 192 192 0
192 192 192 0
192 192 6 0
192 6 33 0
6 33 5 0
33 5 3 0
5 3 197 0
3 197 192 0
197 192 192 0
192 192 192 0
192 192 192 0
192 192 6 0
192 6 33 0
6 33 5 0
33 5 3 0
5 3 197 0
3 197 192 0
197 192 192 0
192 192 6 0
192 6 33 0
6 33 5 0
33 5 3 0
5 3 197 0
3 197 192 0
197 192 192 0
192 192 192 0
192 192 6 0
192 6 33 0
6 33 5 0
33 5 3 0
5 3 197 0
3 197 192 0
197 192 192 0
192 192 6 0
192 6 33 0
6 33 5 0
33 5 3 0
5 3 197 0
3 197 192 0
197 192 192 0
192 192 6 0
192 6 33 0
6 33 5 0
33 5 3 0
5 3 197 0
3 197 192 0
197 192 192 0
192 192 192 0
192 192 192 0
192 192 6 0
192 6 33 0
6 33 5 0
33 5 3 0
5 3 197 0
3 197 192 0
197 192 125 0
192 125 192 0
125 192 6 0
192 6 33 0
6 33 5 0
33 5 3 0
5 3 197 0
3 197 192 0
197 192 192 0
192 192 192 0
192 192 6 0
192 6 33 0
6 33 5 0
33 5 3 0
5 3 197 0
3 197 192 0
197 192 192 0
192 192 192 0
192 192 6 0
192 6 33 0
6 33 5 0
33 5 3 0
5 3 197 0
3 197 192 0
197 192 192 0
192 192 6 0
192 6 33 0
6 33 5 0
33 5 3 0
5 3 197 0
3 197 192 0
197 192 192 0
192 192 192 0
192 192 6 0
192 6 33 0
6 33 5 0
33 5 3 0
5 3 197 0
3 197 192 0
197 192 192 0
192 192 6 0
192 6 33 0
6 33 5 0
33 5 3 0
5 3 197 0
3 197 192 0
197 192 192 0
192 192 6 0
192 6 33 0
6 33 5 0
33 5 3 0
5 3 197 0
3 197 192 0
197 192 192 0
192 192 6 0
192 6 33 0
6 33 5 0
33 5 3 0
5 3 197 0
3 197 192 0
197 192 192 0
192 192 6 0
192 6 33 0
6 33 5 0
33 5 3 0
5 3 197 0
3 197 192 0
197 192 192 0
192 192 125 0
192 125 192 0
125 192 6 0
192 6 33 0
6 33 5 0
33 5 3 0
5 3 197 0
3 197 192 0
197 192 192 0
192 192 6 0
192 6 33 0
6 33 5 0
33 5 3 0
5 3 197 0
3 197 192 0
197 192 192 0
192 192 6 0
192 6 33 0
6 33 5 0
33 5 3 0
5 3 197 0
3 197 192 0
197 192 192 0
192 192 6 0
192 6 5 0
6 5 195 0
5 195 5 0
195 5 195 0
5 195 5 0
195 5 195 0
5 195 5 0
195 5 195 0
5 195 5 0
195 5 195 0
5 195 5 0
195 5 195 0
5 195 5 0
195 5 195 0
5 195 5 0
195 5 195 0
5 195 5 0
195 5 195 0
5 195 5 0
195 5 195 0
5 195 5 0
195 5 195 0
5 195 5 0
195 5 195 0
5 195 5 0
195 5 195 0
5 195 5 0
195 5 195 0
5 195 5 0
195 5 195 0
5 195 5 0
195 5 3 0
5 3 197 0
3 197 192 0
197 192 192 0
192 192 6 0
192 6 5 0
6 5 33 0
5 33 5 0
33 5 3 0
5 3 197 0
3 197 192 0
197 192 192 0
192 192 192 0
192 192 6 0
192 6 192 0
6 192 192 0
192 192 243 0
192 243 125 0
243 125 125 0
125 125 125 0
125 125 125 0
125 125 125 0
125 125 125 0
125 125 125 0
125 125 125 0
125 125 125 0
125 125 125 0
125 125 125 0
125 125 125 0
125 125 125 0
125 125 125 0
125 125 125 0
125 125 125 0
125 125 125 0
125 125 125 0
125 125 125 0
125 125 125 0
125 125 125 0
125 125 125 0
125 125 125 0
125 125 125 0
125 125 125 0
125 125 91 0
125 91 258 0
91 258 311 0
258 311 240 0
311 240 240 0
240 240 174 0
240 174 174 0
174 174 175 0
174 175 191 0
175 191 122 0
191 122 45 0
122 45 45 0
45 45 13 0
45 13 199 0
13 199 200 0
199 200 191 0
200 191 197 0
191 197 197 0
197 197 197 0
197 197 6 0
197 6 6 0
6 6 6 0
6 6 6 0
6 6 6 0
6 6 6 0
6 6 6 0
6 6 6 0
6 6 6 0
6 6 6 0
6 6 6 0
6 6 6 0
6 6 6 0
6 6 6 0
6 6 6 0
6 6 6 0
6 6 6 0
6 6 6 0
6 6 6 0
6 6 6 0
6 6 6 0
6 6 6 0
6 6 6 0
6 6 6 0
6 6 6 0
6 6 6 0
6 6 6 0
6 6 6 0
6 6 6 0
6 6 6 0
6 6 6 0
6 6 6 0
6 6 6 0
6 6 6 0
6 6 6 0
6 6 6 0
6 6 6 0
6 6 6 0
6 6 6 0
6 6 6 0
6 6 6 0
6 6 6 0
6 6 6 0
6 6 6 0
6 6 6 0
6 6 6 0
6 6 6 0
6 6 6 0
6 6 6 0
6 6 6 0
6 6 6 0
6 6 6 0
6 6 6 0
6 6 6 0
6 6 6 0
6 6 6 0
6 6 6 0
6 6 6 0
6 6 6 0
6 6 6 0
6 6 6 0
6 6 6 0
6 6 6 0
6 6 6 0
6 6 6 0
6 6 6 0
6 6 6 0
6 6 6 0
6 6 6 0
6 6 6 0
6 6 6 0
6 6 6 0
6 6 6 0
6 6 6 0
6 6 6 0
6 6 6 0
6 6 6 0
6 6 6 0
6 6 6 0
6 6 6 0
6 6 6 0
6 6 6 0
6 6 6 0
6 6 6 0
6 6 6 0
6 6 6 0
6 6 6 0
6 6 6 0
6 6 6 0
6 6 6 0
6 6 6 0
6 6 6 0
6 6 6 0
6 6 6 0
6 6 6 0
6 6 6 0
6 6 6 0
6 6 6 0
6 6 6 0
6 6 6 0
6 6 6 0
6 6 6 0
6 6 6 0
6 6 6 0
6 6 6 0
6 6 6 0
6 6 6 0
6 6 6 0
6 6 6 0
6 6 6 0
6 6 6 0
6 6 6 0
6 6 6 0
6 6 6 0
6 6 6 0
6 6 6 0
6 6 6 0
6 6 6 0
6 6 6 0
6 6 6 0
6 6 6 0
6 6 6 0
6 6 6 0
6 6 6 0
6 6 6 0
6 6 6 0
6 6 6 0
6 6 6 0
6 6 6 0
6 6 6 0
6 6 6 0
6 6 6 0
6 6 6 0
6 6 6 0
6 6 6 0
6 6 6 0
6 6 6 0
6 6 6 0
6 6 6 0
6 6 6 0
6 6 6 0
6 6 6 0
6 6 6 0
6 6 6 0
6 6 6 0
6 6 6 0
6 6 6 0
6 6 6 0
6 6 6 0
6 6 6 0
6 6 6 0
6 6 6 0
6 6 6 0
6 6 6 0
6 6 6 0
6 6 6 0
6 6 6 0
6 6 6 0
6 6 6 0
6 6 6 0
6 6 6 0
6 6 6 0
6 6 6 0
6 6 6 0
6 6 6 0
6 6 6 0
6 6 6 0
6 6 6 0
6 6 6 0
6 6 6 0
6 6 6 0
6 6 6 0
6 6 6 0
6 6 6 0
6 6 6 0
6 6 6 0
6 6 6 0
6 6 6 0
6 6 6 0
6 6 6 0
6 6 6 0
6 6 6 0
6 6 6 0
6 6 6 0
6 6 6 0
6 6 6 0
6 6 6 0
6 6 6 0
6 6 6 0
6 6 6 0
6 6 6 0
6 6 6 0
6 6 6 0
6 6 6 0
6 6 6 0
6 6 6 0
6 6 6 0
6 6 6 0
6 6 6 0
6 6 6 0
6 6 6 0
6 6 6 0
6 6 6 0
6 6 6 0
6 6 6 0
6 6 6 0
6 6 6 0
6 6 6 0
6 6 6 0
6 6 6 0
6 6 6 0
6 6 6 0
6 6 6 0
6 6 6 0
6 6 6 0
6 6 6 0
6 6 6 0
6 6 6 0
6 6 6 0
6 6 6 0
6 6 6 0
6 6 6 0
6 6 6 0
6 6 6 0
6 6 6 0
6 6 6 0
6 6 6 0
6 6 6 0
6 6 6 0
6 6 6 0
6 6 6 0
6 6 6 0
6 6 6 0
6 6 6 0
6 6 6 0
6 6 6 0
6 6 6 0
6 6 6 0
6 6 6 0
6 6 6 0
6 6 6 0
6 6 6 0
6 6 6 0
6 6 6 0
6 6 6 0
6 6 6 0
6 6 6 0
6 6 6 0
6 6 6 0
6 6 6 0
6 6 6 0
6 6 6 0
6 6 6 0
6 6 78 0
6 78 197 0
78 197 197 0
197 197 197 0
197 197 205 0
197 205 202 0
205 202 206 0
202 206 174 0
206 174 5 0
174 5 3 0
5 3 6 0
3 6 201 0
6 201 201 0
201 201 102 0
201 102 102 0
102 102 6 0
102 6 102 0
6 102 102 0
102 102 6 0
102 6 5 0
6 5 197 0
5 197 192 0
197 192 3 0
192 3 3 0
3 3 6 0
3 6 91 0
6 91 5 0
91 5 197 0
5 197 192 0
197 192 6 0
192 6 33 0
6 33 5 0
33 5 3 0
5 3 197 0
3 197 192 0
197 192 192 0
192 192 6 0
192 6 125 0
6 125 91 0
125 91 5 0
91 5 197 0
5 197 192 0
197 192 6 0
192 6 33 0
6 33 5 0
33 5 3 0
5 3 197 0
3 197 192 0
197 192 192 0
192 192 6 0
192 6 33 0
6 33 5 0
33 5 3 0
5 3 197 0
3 197 192 0
197 192 192 0
192 192 6 0
192 6 125 0
6 125 125 0
125 125 91 0
125 91 5 0
91 5 221 0
5 221 140 0
221 140 197 0
140 197 192 0
197 192 140 0
192 140 197 0
140 197 91 0
197 91 6 0
91 6 5 0
6 5 140 0
5 140 197 0
140 197 192 0
197 192 140 0
192 140 197 0
140 197 91 0
197 91 6 0
91 6 5 0
6 5 140 0
5 140 197 0
140 197 192 0
197 192 140 0
192 140 91 0
140 91 6 0
91 6 13 0
6 13 102 0
13 102 6 0
102 6 5 0
6 5 140 0
5 140 197 0
140 197 192 0
197 192 140 0
192 140 91 0
140 91 6 0
91 6 201 0
6 201 202 0
201 202 174 0
202 174 60 0
174 60 5 0
60 5 197 0
5 197 192 0
197 192 3 0
192 3 3 0
3 3 6 0
3 6 91 0
6 91 122 0
91 122 195 0
122 195 5 0
195 5 197 0
5 197 192 0
197 192 3 0
192 3 3 0
3 3 6 0
3 6 91 0
6 91 195 0
91 195 102 0
195 102 102 0
102 102 6 0
102 6 102 0
6 102 102 0
102 102 6 0
102 6 5 0
6 5 197 0
5 197 192 0
197 192 3 0
192 3 3 0
3 3 6 0
3 6 91 0
6 91 240 0
91 240 5 0
240 5 221 0
5 221 197 0
221 197 192 0
197 192 3 0
192 3 3 0
3 3 6 0
3 6 91 0
6 91 13 0
91 13 195 0
13 195 196 0
195 196 201 0
196 201 196 0
201 196 201 0
196 201 196 0
201 196 201 0
196 201 5 0
201 5 197 0
5 197 221 0
197 221 197 0
221 197 3 0
197 3 3 0
3 3 6 0
3 6 5 0
6 5 197 0
5 197 3 0
197 3 6 0
3 6 195 0
6 195 102 0
195 102 102 0
102 102 78 0
102 78 168 0
78 168 102 0
168 102 168 0
102 168 102 0
168 102 6 0
102 6 195 0
6 195 102 0
195 102 102 0
102 102 78 0
102 78 168 0
78 168 102 0
168 102 168 0
102 168 102 0
168 102 6 0
102 6 122 0
6 122 13 0
122 13 5 0
13 5 197 0
5 197 197 0
197 197 192 0
197 192 3 0
192 3 140 0
3 140 3 0
140 3 6 0
3 6 91 0
6 91 195 0
91 195 5 0
195 5 197 0
5 197 3 0
197 3 6 0
3 6 197 0
6 197 197 0
197 197 197 0
197 197 195 0
197 195 195 0
195 195 196 0
195 196 201 0
196 201 196 0
201 196 201 0
196 201 196 0
201 196 201 0
196 201 5 0
201 5 197 0
5 197 221 0
197 221 197 0
221 197 197 0
197 197 3 0
197 3 195 0
3 195 196 0
195 196 201 0
196 201 196 0
201 196 201 0
196 201 196 0
201 196 201 0
196 201 3 0
201 3 3 0
3 3 5 0
3 5 140 0
5 140 197 0
140 197 192 0
197 192 140 0
192 140 91 0
140 91 6 0
91 6 102 0
6 102 102 0
102 102 6 0
102 6 102 0
6 102 102 0
102 102 6 0
102 6 5 0
6 5 140 0
5 140 197 0
140 197 192 0
197 192 140 0
192 140 91 0
140 91 6 0
91 6 5 0
6 5 140 0
5 140 197 0
140 197 192 0
197 192 140 0
192 140 91 0
140 91 6 0
91 6 3 0
6 3 5 0
3 5 140 0
5 140 197 0
140 197 192 0
197 192 140 0
192 140 91 0
140 91 6 0
91 6 3 0
6 3 3 0
3 3 3 0
3 3 3 0
3 3 3 0
3 3 3 0
3 3 3 0
3 3 3 0
3 3 6 0
3 6 13 0
6 13 195 0
13 195 196 0
195 196 201 0
196 201 196 0
201 196 201 0
196 201 196 0
201 196 201 0
196 201 5 0
201 5 140 0
5 140 197 0
140 197 192 0
197 192 140 0
192 140 91 0
140 91 6 0
91 6 5 0
6 5 197 0
5 197 221 0
197 221 197 0
221 197 3 0
197 3 3 0
3 3 6 0
3 6 13 0
6 13 195 0
13 195 196 0
195 196 201 0
196 201 196 0
201 196 201 0
196 201 196 0
201 196 201 0
196 201 5 0
201 5 140 0
5 140 197 0
140 197 192 0
197 192 140 0
192 140 91 0
140 91 6 0
91 6 5 0
6 5 197 0
5 197 221 0
197 221 197 0
221 197 3 0
197 3 3 0
3 3 6 0
3 6 174 0
6 174 174 0
174 174 174 0
174 174 195 0
174 195 75 0
195 75 75 0
75 75 75 0
75 75 206 0
75 206 214 0
206 214 202 0
214 202 213 0
202 213 201 0
213 201 199 0
201 199 201 0
199 201 213 0
201 213 201 0
213 201 199 0
201 199 54 0
199 54 102 0
54 102 174 0
102 174 174 0
174 174 12 0
174 12 13 0
12 13 195 0
13 195 195 0
195 195 196 0
195 196 201 0
196 201 195 0
201 195 196 0
195 196 201 0
196 201 196 0
201 196 201 0
196 201 196 0
201 196 201 0
196 201 196 0
201 196 201 0
196 201 196 0
201 196 196 0
196 196 196 0
196 196 195 0
196 195 197 0
195 197 197 0
197 197 197 0
197 197 13 0
197 13 13 0
13 13 45 0
13 45 60 0
45 60 60 0
60 60 195 0
60 195 13 0
195 13 13 0
13 13 195 0
13 195 13 0
195 13 195 0
13 195 5 0
195 5 197 0
5 197 3 0
197 3 6 0
3 6 5 0
6 5 3 0
5 3 6 0
3 6 5 0
6 5 140 0
5 140 197 0
140 197 192 0
197 192 140 0
192 140 197 0
140 197 91 0
197 91 6 0
91 6 54 0
6 54 5 0
54 5 140 0
5 140 197 0
140 197 192 0
197 192 140 0
192 140 91 0
140 91 6 0
91 6 5 0
6 5 140 0
5 140 197 0
140 197 192 0
197 192 140 0
192 140 91 0
140 91 6 0
91 6 197 0
6 197 3 0
197 3 13 0
3 13 99 0
13 99 60 0
99 60 60 0
60 60 60 0
60 60 195 0
60 195 60 0
195 60 3 0
60 3 195 0
3 195 60 0
195 60 195 0
60 195 196 0
195 196 201 0
196 201 195 0
201 195 5 0
195 5 197 0
5 197 221 0
197 221 60 0
221 60 19 0
60 19 4 0
19 4 118 0
4 118 6 0
118 6 13 0
6 13 102 0
13 102 102 0
102 102 102 0
102 102 5 0
102 5 5 0
5 5 197 0
5 197 3 0
197 3 6 0
3 6 60 0
6 60 5 0
60 5 60 0
5 60 221 0
60 221 221 0
221 221 197 0
221 197 4 0
197 4 118 0
4 118 197 0
118 197 197 0
197 197 197 0
197 197 197 0
197 197 197 0
197 197 197 0
197 197 201 0
197 201 13 0
201 13 13 0
13 13 197 0
13 197 197 0
197 197 197 0
197 197 13 0
197 13 13 0
13 13 195 0
13 195 102 0
195 102 102 0
102 102 6 0
102 6 102 0
6 102 102 0
102 102 6 0
102 6 5 0
6 5 197 0
5 197 192 0
197 192 6 0
192 6 33 0
6 33 5 0
33 5 195 0
5 195 5 0
195 5 195 0
5 195 5 0
195 5 195 0
5 195 5 0
195 5 195 0
5 195 5 0
195 5 195 0
5 195 5 0
195 5 195 0
5 195 5 0
195 5 195 0
5 195 5 0
195 5 195 0
5 195 5 0
195 5 195 0
5 195 5 0
195 5 195 0
5 195 5 0
195 5 195 0
5 195 5 0
195 5 195 0
5 195 5 0
195 5 195 0
5 195 5 0
195 5 195 0
5 195 5 0
195 5 195 0
5 195 5 0
195 5 195 0
5 195 5 0
195 5 5 0
5 5 195 0
5 195 5 0
195 5 195 0
5 195 5 0
195 5 195 0
5 195 5 0
195 5 195 0
5 195 5 0
195 5 195 0
5 195 5 0
195 5 195 0
5 195 5 0
195 5 195 0
5 195 5 0
195 5 195 0
5 195 5 0
195 5 195 0
5 195 5 0
195 5 195 0
5 195 5 0
195 5 195 0
5 195 5 0
195 5 195 0
5 195 5 0
195 5 195 0
5 195 5 0
195 5 195 0
5 195 5 0
195 5 195 0
5 195 5 0
195 5 195 0
5 195 5 0
195 5 195 0
5 195 5 0
195 5 195 0
5 195 5 0
195 5 195 0
5 195 5 0
195 5 195 0
5 195 5 0
195 5 195 0
5 195 5 0
195 5 195 0
5 195 5 0
195 5 195 0
5 195 5 0
195 5 195 0
5 195 5 0
195 5 195 0
5 195 5 0
195 5 195 0
5 195 5 0
195 5 195 0
5 195 5 0
195 5 195 0
5 195 5 0
195 5 195 0
5 195 5 0
195 5 195 0
5 195 5 0
195 5 195 0
5 195 5 0
195 5 195 0
5 195 91 0
195 91 5 0
91 5 197 0
5 197 192 0
197 192 3 0
192 3 6 0
3 6 91 0
6 91 102 0
91 102 175 0
102 175 175 0
175 175 13 0
175 13 174 0
13 174 27 0
174 27 175 0
27 175 102 0
175 102 175 0
102 175 175 0
175 175 27 0
175 27 221 0
27 221 41 0
221 41 221 0
41 221 102 0
221 102 195 0
102 195 5 0
195 5 197 0
5 197 192 0
197 192 3 0
192 3 6 0
3 6 91 0
6 91 13 0
91 13 13 0
13 13 221 0
13 221 221 0
221 221 197 0
221 197 3 0
197 3 78 0
3 78 142 0
78 142 78 0
142 78 3 0
78 3 13 0
3 13 197 0
13 197 221 0
197 221 221 0
221 221 4 0
221 4 221 0
4 221 221 0
221 221 3 0
221 3 13 0
3 13 221 0
13 221 221 0
221 221 13 0
221 13 13 0
13 13 13 0
13 13 13 0
13 13 13 0
13 13 13 0
13 13 13 0
13 13 13 0
13 13 13 0
13 13 13 0
13 13 13 0
13 13 4 0
13 4 221 0
4 221 221 0
221 221 3 0
221 3 78 0
3 78 142 0
78 142 78 0
142 78 3 0
78 3 13 0
3 13 221 0
13 221 221 0
221 221 4 0
221 4 221 0
4 221 221 0
221 221 3 0
221 3 78 0
3 78 142 0
78 142 78 0
142 78 3 0
78 3 13 0
3 13 221 0
13 221 221 0
221 221 13 0
221 13 221 0
13 221 221 0
221 221 197 0
221 197 19 0
197 19 19 0
19 19 3 0
19 3 3 0
3 3 19 0
3 19 19 0
19 19 4 0
19 4 4 0
4 4 3 0
4 3 78 0
3 78 142 0
78 142 78 0
142 78 3 0
78 3 13 0
3 13 13 0
13 13 13 0
13 13 13 0
13 13 102 0
13 102 197 0
102 197 197 0
197 197 197 0
197 197 13 0
197 13 197 0
13 197 197 0
197 197 197 0
197 197 13 0
197 13 196 0
13 196 196 0
196 196 201 0
196 201 196 0
201 196 201 0
196 201 196 0
201 196 201 0
196 201 196 0
201 196 201 0
196 201 13 0
201 13 6 0
13 6 10 0
6 10 5 0
10 5 118 0
5 118 6 0
118 6 10 0
6 10 5 0
10 5 118 0
5 118 6 0
118 6 6 0
6 6 10 0
6 10 27 0
10 27 175 0
27 175 13 0
175 13 196 0
13 196 196 0
196 196 201 0
196 201 196 0
201 196 201 0
196 201 196 0
201 196 201 0
196 201 196 0
201 196 201 0
196 201 4 0
201 4 3 0
4 3 78 0
3 78 142 0
78 142 78 0
142 78 3 0
78 3 13 0
3 13 175 0
13 175 175 0
175 175 13 0
175 13 174 0
13 174 27 0
174 27 175 0
27 175 6 0
175 6 175 0
6 175 175 0
175 175 27 0
175 27 6 0
new
311 78 240 0
78 240 240 0
240 240 240 0
240 240 240 0
240 240 240 0
240 240 78 0
240 78 240 0
78 240 265 0
240 265 102 0
265 102 102 0
102 102 102 0
102 102 13 0
102 13 102 0
13 102 102 0
102 102 102 0
102 102 102 0
102 102 6 0
102 6 5 0
6 5 197 0
5 197 192 0
197 192 3 0
192 3 3 0
3 3 6 0
3 6 91 0
6 91 5 0
91 5 197 0
5 197 192 0
197 192 3 0
192 3 3 0
3 3 6 0
3 6 91 0
6 91 240 0
91 240 195 0
240 195 102 0
195 102 102 0
102 102 78 0
102 78 168 0
78 168 102 0
168 102 168 0
102 168 54 0
168 54 102 0
54 102 6 0
102 6 102 0
6 102 102 0
102 102 102 0
102 102 102 0
102 102 102 0
102 102 102 0
102 102 102 0
102 102 102 0
102 102 102 0
102 102 102 0
102 102 102 0
102 102 102 0
102 102 102 0
102 102 102 0
102 102 102 0
102 102 102 0
102 102 102 0
102 102 102 0
102 102 102 0
102 102 102 0
102 102 102 0
102 102 102 0
102 102 102 0
102 102 102 0
102 102 102 0
102 102 102 0
102 102 102 0
102 102 102 0
102 102 102 0
102 102 102 0
102 102 102 0
102 102 102 0
102 102 102 0
102 102 6 0
102 6 265 0
6 265 78 0
265 78 78 0
78 78 265 0
78 265 102 0
265 102 102 0
102 102 102 0
102 102 13 0
102 13 102 0
13 102 102 0
102 102 102 0
102 102 102 0
102 102 6 0
102 6 195 0
6 195 5 0
195 5 197 0
5 197 192 0
197 192 3 0
192 3 3 0
3 3 6 0
3 6 91 0
6 91 195 0
91 195 102 0
195 102 102 0
102 102 78 0
102 78 168 0
78 168 102 0
168 102 168 0
102 168 54 0
168 54 102 0
54 102 6 0
102 6 102 0
6 102 102 0
102 102 102 0
102 102 102 0
102 102 102 0
102 102 102 0
102 102 102 0
102 102 102 0
102 102 102 0
102 102 102 0
102 102 102 0
102 102 102 0
102 102 102 0
102 102 102 0
102 102 102 0
102 102 102 0
102 102 102 0
102 102 102 0
102 102 102 0
102 102 102 0
102 102 102 0
102 102 102 0
102 102 102 0
102 102 102 0
102 102 102 0
102 102 102 0
102 102 102 0
102 102 102 0
102 102 102 0
102 102 102 0
102 102 102 0
102 102 102 0
102 102 102 0
102 102 6 0
102 6 265 0
6 265 78 0
265 78 78 0
78 78 265 0
78 265 102 0
265 102 102 0
102 102 102 0
102 102 13 0
102 13 102 0
13 102 102 0
102 102 102 0
102 102 102 0
102 102 6 0
102 6 195 0
6 195 5 0
195 5 197 0
5 197 192 0
197 192 3 0
192 3 3 0
3 3 6 0
3 6 91 0
6 91 195 0
91 195 102 0
195 102 102 0
102 102 78 0
102 78 168 0
78 168 102 0
168 102 168 0
102 168 54 0
168 54 102 0
54 102 6 0
102 6 265 0
6 265 78 0
265 78 78 0
78 78 265 0
78 265 102 0
265 102 102 0
102 102 102 0
102 102 13 0
102 13 102 0
13 102 102 0
102 102 102 0
102 102 102 0
102 102 6 0
102 6 195 0
6 195 5 0
195 5 197 0
5 197 192 0
197 192 3 0
192 3 3 0
3 3 6 0
3 6 91 0
6 91 195 0
91 195 102 0
195 102 102 0
102 102 78 0
102 78 168 0
78 168 102 0
168 102 168 0
102 168 54 0
168 54 102 0
54 102 6 0
102 6 265 0
6 265 78 0
265 78 78 0
78 78 265 0
78 265 102 0
265 102 102 0
102 102 102 0
102 102 13 0
102 13 102 0
13 102 102 0
102 102 102 0
102 102 102 0
102 102 6 0
102 6 195 0
6 195 5 0
195 5 197 0
5 197 192 0
197 192 3 0
192 3 3 0
3 3 6 0
3 6 91 0
6 91 195 0
91 195 102 0
195 102 102 0
102 102 78 0
102 78 168 0
78 168 102 0
168 102 168 0
102 168 54 0
168 54 102 0
54 102 6 0
102 6 265 0
6 265 78 0
265 78 78 0
78 78 78 0
78 78 265 0
78 265 240 0
265 240 78 0
240 78 240 0
78 240 265 0
240 265 102 0
265 102 102 0
102 102 102 0
102 102 13 0
102 13 102 0
13 102 102 0
102 102 102 0
102 102 102 0
102 102 6 0
102 6 195 0
6 195 5 0
195 5 197 0
5 197 192 0
197 192 3 0
192 3 3 0
3 3 6 0
3 6 91 0
6 91 195 0
91 195 102 0
195 102 102 0
102 102 78 0
102 78 168 0
78 168 102 0
168 102 168 0
102 168 54 0
168 54 102 0
54 102 6 0
102 6 102 0
6 102 102 0
102 102 102 0
102 102 102 0
102 102 102 0
102 102 102 0
102 102 102 0
102 102 102 0
102 102 102 0
102 102 102 0
102 102 102 0
102 102 102 0
102 102 102 0
102 102 102 0
102 102 102 0
102 102 102 0
102 102 102 0
102 102 102 0
102 102 102 0
102 102 102 0
102 102 102 0
102 102 102 0
102 102 102 0
102 102 102 0
102 102 102 0
102 102 102 0
102 102 102 0
102 102 102 0
102 102 102 0
102 102 102 0
102 102 102 0
102 102 102 0
102 102 102 0
102 102 6 0
102 6 265 0
6 265 78 0
265 78 78 0
78 78 78 0
78 78 265 0
78 265 240 0
265 240 78 0
240 78 240 0
78 240 265 0
240 265 102 0
265 102 102 0
102 102 102 0
102 102 13 0
102 13 102 0
13 102 102 0
102 102 102 0
102 102 102 0
102 102 6 0
102 6 195 0
6 195 5 0
195 5 197 0
5 197 192 0
197 192 3 0
192 3 3 0
3 3 6 0
3 6 91 0
6 91 195 0
91 195 102 0
195 102 102 0
102 102 78 0
102 78 168 0
78 168 102 0
168 102 168 0
102 168 54 0
168 54 102 0
54 102 6 0
102 6 102 0
6 102 102 0
102 102 102 0
102 102 102 0
102 102 102 0
102 102 102 0
102 102 102 0
102 102 102 0
102 102 102 0
102 102 6 0
102 6 265 0
6 265 78 0
265 78 265 0
78 265 78 0
265 78 78 0
78 78 265 0
78 265 240 0
265 240 78 0
240 78 240 0
78 240 265 0
240 265 102 0
265 102 102 0
102 102 102 0
102 102 13 0
102 13 102 0
13 102 102 0
102 102 102 0
102 102 102 0
102 102 6 0
102 6 195 0
6 195 5 0
195 5 197 0
5 197 192 0
197 192 3 0
192 3 3 0
3 3 6 0
3 6 91 0
6 91 195 0
91 195 102 0
195 102 102 0
102 102 78 0
102 78 168 0
78 168 102 0
168 102 168 0
102 168 54 0
168 54 102 0
54 102 6 0
102 6 102 0
6 102 102 0
102 102 102 0
102 102 102 0
102 102 102 0
102 102 102 0
102 102 102 0
102 102 102 0
102 102 102 0
102 102 6 0
102 6 265 0
6 265 78 0
265 78 78 0
new
174 174 174 0
174 174 174 0
174 174 174 0
174 174 174 0
174 174 221 0
174 221 221 0
221 221 221 0
221 221 221 0
221 221 221 0
221 221 221 0
221 221 221 0
221 221 221 0
221 221 221 0
221 221 221 0
221 221 221 0
221 221 221 0
221 221 221 0
221 221 221 0
221 221 221 0
221 221 221 0
221 221 221 0
221 221 221 0
221 221 221 0
221 221 221 0
221 221 221 0
221 221 221 0
221 221 221 0
221 221 221 0
221 221 221 0
221 221 221 0
221 221 221 0
221 221 221 0
221 221 221 0
221 221 221 0
221 221 221 0
221 221 221 0
221 221 221 0
221 221 221 0
221 221 221 0
221 221 221 0
221 221 221 0
221 221 63 0
221 63 63 0
63 63 221 0
63 221 221 0
221 221 221 0
221 221 11 0
221 11 45 0
11 45 33 0
45 33 192 0
33 192 33 0
192 33 5 0
33 5 197 0
5 197 192 0
197 192 6 0
192 6 33 0
6 33 5 0
33 5 3 0
5 3 197 0
3 197 192 0
197 192 192 0
192 192 6 0
192 6 33 0
6 33 5 0
33 5 3 0
5 3 197 0
3 197 192 0
197 192 192 0
192 192 192 0
192 192 6 0
192 6 33 0
6 33 5 0
33 5 3 0
5 3 197 0
3 197 192 0
197 192 192 0
192 192 192 0
192 192 6 0
192 6 33 0
6 33 5 0
33 5 3 0
5 3 197 0
3 197 192 0
197 192 192 0
192 192 6 0
192 6 33 0
6 33 5 0
33 5 3 0
5 3 197 0
3 197 192 0
197 192 192 0
192 192 192 0
192 192 6 0
192 6 33 0
6 33 5 0
33 5 3 0
5 3 197 0
3 197 192 0
197 192 192 0
192 192 6 0
192 6 33 0
6 33 5 0
33 5 3 0
5 3 197 0
3 197 192 0
197 192 192 0
192 192 6 0
192 6 33 0
6 33 5 0
33 5 3 0
5 3 197 0
3 197 192 0
197 192 192 0
192 192 192 0
192 192 6 0
192 6 192 0
6 192 243 0
192 243 125 0
243 125 125 0
125 125 125 0
125 125 125 0
125 125 125 0
125 125 125 0
125 125 192 0
125 192 125 0
192 125 125 0
125 125 125 0
125 125 125 0
125 125 91 0
125 91 45 0
91 45 45 0
45 45 5 0
45 5 197 0
5 197 192 0
197 192 192 0
192 192 6 0
192 6 174 0
6 174 4 0
174 4 221 0
4 221 221 0
221 221 174 0
221 174 174 0
new
5 168 265 0
168 265 168 0
265 168 5 0
168 5 6 0
5 6 5 0
6 5 168 0
5 168 5 0
168 5 265 0
5 265 5 0
265 5 6 0
5 6 168 0
6 168 265 0
168 265 5 0
265 5 6 0
5 6 265 0
6 265 6 0
265 6 265 0
6 265 5 0
265 5 168 0
5 168 6 0
168 6 5 0
6 5 168 0
5 168 6 0
168 6 5 0
6 5 6 0
5 6 168 0
6 168 5 0
168 5 6 0
5 6 265 0
6 265 6 0
265 6 168 0
6 168 265 0
168 265 5 0
265 5 6 0
5 6 265 0
6 265 168 0
265 168 265 0
168 265 168 0
265 168 6 0
168 6 265 0
6 265 168 0
265 168 5 0
168 5 265 0
5 265 5 0
265 5 6 0
5 6 265 0
6 265 168 0
265 168 168 0
168 168 5 0
168 5 6 0
5 6 265 0
6 265 168 0
265 168 265 0
168 265 265 0
265 265 6 0
265 6 168 0
6 168 5 0
168 5 5 0
5 5 168 0
5 168 168 0
168 168 6 0
168 6 5 0
6 5 5 0
5 5 168 0
5 168 5 0
168 5 6 0
5 6 168 0
6 168 6 0
168 6 6 0
6 6 265 0
6 265 265 0
265 265 265 0
265 265 6 0
265 6 265 0
6 265 265 0
265 265 168 0
265 168 265 0
168 265 5 0
265 5 5 0
5 5 265 0
5 265 168 0
265 168 265 0
168 265 168 0
265 168 5 0
168 5 6 0
5 6 5 0
6 5 6 0
5 6 265 0
6 265 168 0
265 168 5 0
168 5 6 0
5 6 168 0
6 168 6 0
168 6 168 0
6 168 5 0
168 5 168 0
5 168 5 0
168 5 6 0
5 6 6 0
6 6 265 0
6 265 168 0
265 168 168 0
168 168 5 0
168 5 168 0
5 168 5 0
168 5 6 0
5 6 5 0
6 5 6 0
5 6 265 0
6 265 265 0
265 265 6 0
265 6 168 0
6 168 6 0
168 6 168 0
6 168 5 0
168 5 5 0
5 5 6 0
5 6 168 0
6 168 6 0
168 6 265 0
6 265 6 0
265 6 265 0
6 265 168 0
265 168 265 0
168 265 265 0
265 265 5 0
265 5 6 0
5 6 168 0
6 168 168 0
168 168 265 0
168 265 168 0
265 168 5 0
168 5 168 0
new
3 3 168 0
3 168 265 0
168 265 168 0
265 168 168 0
168 168 168 0
168 168 168 0
168 168 168 0
168 168 168 0
168 168 3 0
168 3 265 0
3 265 3 0
265 3 168 0
3 168 3 0
168 3 3 0
3 3 265 0
3 265 168 0
265 168 3 0
168 3 265 0
3 265 3 0
265 3 265 0
3 265 265 0
265 265 3 0
265 3 78 0
3 78 265 0
78 265 168 0
265 168 265 0
168 265 3 0
265 3 78 0
3 78 146 0
78 146 265 0
146 265 168 0
265 168 265 0
168 265 168 0
265 168 265 0
168 265 168 0
265 168 265 0
168 265 168 0
265 168 3 0
168 3 265 0
3 265 265 0
265 265 168 0
265 168 168 0
168 168 78 0
168 78 265 0
78 265 168 0
265 168 3 0
168 3 78 0
3 78 265 0
78 265 3 0
265 3 265 0
3 265 3 0
265 3 78 0
3 78 168 0
78 168 78 0
168 78 265 0
78 265 168 0
265 168 3 0
168 3 78 0
3 78 168 0
78 168 3 0
168 3 168 0
3 168 168 0
168 168 78 0
168 78 3 0
78 3 168 0
3 168 265 0
168 265 78 0
265 78 168 0
78 168 168 0
168 168 3 0
168 3 3 0
3 3 265 0
3 265 3 0
265 3 3 0
3 3 78 0
3 78 78 0
78 78 146 0
78 146 265 0
146 265 168 0
265 168 3 0
168 3 265 0
3 265 3 0
265 3 168 0
3 168 168 0
168 168 265 0
168 265 78 0
265 78 3 0
78 3 265 0
3 265 265 0
265 265 265 0
265 265 168 0
265 168 3 0
168 3 168 0
3 168 168 0
168 168 3 0
168 3 265 0
3 265 3 0
265 3 13 0
3 13 168 0
13 168 168 0
168 168 78 0
168 78 195 0
78 195 78 0
195 78 78 0
78 78 195 0
78 195 195 0
195 195 3 0
195 3 265 0
3 265 78 0
265 78 146 0
78 146 168 0
146 168 168 0
168 168 3 0
168 3 168 0
3 168 168 0
168 168 168 0
168 168 3 0
168 3 3 0
3 3 168 0
3 168 168 0
168 168 265 0
168 265 3 0
265 3 78 0
3 78 168 0
78 168 265 0
168 265 168 0
265 168 168 0
168 168 3 0
168 3 265 0
3 265 3 0
265 3 168 0
3 168 168 0
168 168 265 0
168 265 3 0
265 3 265 0
3 265 168 0
265 168 168 0
168 168 168 0
168 168 146 0
168 146 120 0
146 120 265 0
120 265 78 0
265 78 168 0
78 168 265 0
168 265 3 0
265 3 168 0
3 168 3 0
168 3 168 0
3 168 265 0
168 265 3 0
265 3 78 0
3 78 3 0
78 3 168 0
3 168 168 0
168 168 265 0
168 265 168 0
265 168 265 0
168 265 265 0
265 265 168 0
265 168 265 0
168 265 168 0
265 168 265 0
168 265 54 0
265 54 168 0
54 168 3 0
168 3 265 0
3 265 3 0
265 3 265 0
3 265 3 0
265 3 168 0
3 168 168 0
168 168 3 0
168 3 265 0
3 265 3 0
265 3 265 0
3 265 265 0
265 265 168 0
265 168 3 0
168 3 168 0
3 168 168 0
168 168 168 0
168 168 3 0
168 3 3 0
3 3 265 0
3 265 168 0
265 168 168 0
168 168 3 0
168 3 3 0
3 3 168 0
3 168 3 0
168 3 3 0
3 3 168 0
3 168 3 0
168 3 168 0
3 168 265 0
168 265 54 0
265 54 265 0
54 265 54 0
265 54 3 0
54 3 168 0
3 168 168 0
168 168 78 0
168 78 3 0
78 3 168 0
3 168 265 0
168 265 3 0
265 3 265 0
3 265 168 0
265 168 78 0
168 78 54 0
78 54 3 0
54 3 265 0
3 265 3 0
265 3 54 0
3 54 3 0
54 3 168 0
3 168 168 0
168 168 168 0
168 168 3 0
168 3 168 0
3 168 265 0
168 265 265 0
265 265 265 0
265 265 168 0
265 168 78 0
168 78 168 0
78 168 265 0
168 265 168 0
265 168 168 0
168 168 3 0
168 3 3 0
3 3 3 0
3 3 3 0
3 3 3 0
3 3 168 0
3 168 265 0
168 265 265 0
265 265 3 0
265 3 168 0
3 168 3 0
168 3 265 0
3 265 168 0
265 168 168 0
168 168 54 0
168 54 54 0
54 54 265 0
54 265 168 0
265 168 168 0
168 168 3 0
168 3 265 0
3 265 3 0
265 3 265 0
3 265 265 0
265 265 265 0
265 265 265 0
265 265 168 0
265 168 265 0
168 265 3 0
265 3 168 0
3 168 3 0
168 3 168 0
3 168 168 0
168 168 168 0
168 168 168 0
168 168 54 0
168 54 265 0
54 265 3 0
265 3 265 0
3 265 168 0
265 168 168 0
168 168 265 0
168 265 3 0
265 3 3 0
3 3 265 0
3 265 3 0
265 3 265 0
3 265 168 0
265 168 168 0
168 168 168 0
168 168 168 0
168 168 146 0
168 146 3 0
146 3 3 0
3 3 265 0
3 265 3 0
265 3 168 0
3 168 3 0
168 3 265 0
3 265 168 0
265 168 168 0
168 168 265 0
168 265 265 0
265 265 3 0
265 3 168 0
3 168 168 0
168 168 265 0
168 265 168 0
265 168 265 0
168 265 265 0
265 265 265 0
265 265 78 0
265 78 78 0
78 78 265 0
78 265 265 0
265 265 3 0
265 3 78 0
3 78 168 0
78 168 78 0
168 78 168 0
78 168 3 0
168 3 3 0
3 3 265 0
3 265 3 0
265 3 78 0
3 78 265 0
78 265 78 0
265 78 168 0
78 168 78 0
168 78 265 0
78 265 265 0
265 265 168 0
265 168 265 0
168 265 3 0
265 3 3 0
3 3 265 0
3 265 265 0
265 265 3 0
265 3 3 0
3 3 3 0
3 3 265 0
3 265 78 0
265 78 265 0
78 265 3 0
265 3 146 0
3 146 168 0
146 168 265 0
168 265 168 0
265 168 265 0
168 265 168 0
265 168 265 0
168 265 168 0
265 168 168 0
168 168 3 0
168 3 265 0
3 265 168 0
265 168 3 0
168 3 265 0
3 265 78 0
265 78 168 0
78 168 265 0
168 265 265 0
265 265 3 0
265 3 265 0
3 265 168 0
265 168 78 0
168 78 78 0
78 78 195 0
78 195 5 0
195 5 6 0
5 6 195 0
6 195 78 0
195 78 78 0
78 78 195 0
78 195 5 0
195 5 195 0
5 195 195 0
195 195 195 0
195 195 78 0
195 78 195 0
78 195 195 0
195 195 3 0
195 3 195 0
3 195 195 0
195 195 195 0
195 195 195 0
195 195 195 0
195 195 195 0
195 195 195 0
195 195 195 0
195 195 195 0
195 195 195 0
195 195 220 0
195 220 195 0
220 195 195 0
195 195 195 0
195 195 195 0
195 195 195 0
195 195 195 0
195 195 220 0
195 220 195 0
220 195 195 0
195 195 195 0
195 195 195 0
195 195 195 0
195 195 195 0
195 195 195 0
195 195 195 0
195 195 195 0
195 195 195 0
195 195 195 0
195 195 195 0
195 195 195 0
195 195 195 0
195 195 195 0
195 195 195 0
195 195 195 0
195 195 195 0
195 195 195 0
195 195 195 0
195 195 195 0
195 195 195 0
195 195 195 0
195 195 195 0
195 195 195 0
195 195 195 0
195 195 195 0
195 195 195 0
195 195 195 0
195 195 195 0
195 195 195 0
195 195 195 0
195 195 195 0
195 195 195 0
195 195 195 0
195 195 220 0
195 220 195 0
220 195 195 0
195 195 195 0
195 195 195 0
195 195 195 0
195 195 195 0
195 195 78 0
195 78 78 0
78 78 220 0
78 220 5 0
220 5 220 0
5 220 78 0
220 78 265 0
78 265 265 0
265 265 3 0
265 3 3 0
3 3 78 0
3 78 78 0
78 78 78 0
78 78 196 0
78 196 3 0
196 3 78 0
3 78 78 0
78 78 196 0
78 196 78 0
196 78 3 0
78 3 265 0
3 265 78 0
265 78 3 0
78 3 3 0
3 3 6 0
3 6 78 0
6 78 78 0
78 78 78 0
78 78 78 0
78 78 265 0
78 265 196 0
265 196 78 0
196 78 265 0
78 265 78 0
265 78 78 0
78 78 78 0
78 78 78 0
78 78 78 0
78 78 78 0
78 78 78 0
78 78 78 0
78 78 78 0
78 78 78 0
78 78 78 0
78 78 78 0
78 78 78 0
78 78 78 0
78 78 196 0
78 196 5 0
196 5 3 0
5 3 78 0
3 78 3 0
78 3 3 0
3 3 6 0
3 6 3 0
6 3 3 0
3 3 6 0
3 6 5 0
6 5 196 0
5 196 3 0
196 3 196 0
3 196 3 0
196 3 192 0
3 192 168 0
192 168 196 0
168 196 196 0
196 196 78 0
196 78 45 0
78 45 45 0
45 45 168 0
45 168 146 0
168 146 146 0
146 146 146 0
146 146 3 0
146 3 168 0
3 168 3 0
168 3 168 0
3 168 3 0
168 3 168 0
3 168 168 0
168 168 3 0
168 3 168 0
3 168 3 0
168 3 168 0
3 168 168 0
168 168 146 0
168 146 146 0
146 146 146 0
146 146 146 0
146 146 168 0
146 168 3 0
168 3 3 0
3 3 168 0
3 168 168 0
168 168 168 0
168 168 168 0
168 168 168 0
168 168 168 0
168 168 168 0
168 168 168 0
168 168 168 0
168 168 168 0
168 168 168 0
168 168 168 0
168 168 168 0
168 168 3 0
168 3 168 0
3 168 3 0
168 3 168 0
3 168 168 0
168 168 168 0
168 168 168 0
168 168 3 0
168 3 168 0
3 168 146 0
168 146 168 0
146 168 3 0
168 3 168 0
3 168 168 0
168 168 168 0
168 168 3 0
168 3 45 0
3 45 78 0
45 78 13 0
78 13 78 0
13 78 78 0
78 78 78 0
78 78 265 0
78 265 3 0
265 3 78 0
3 78 78 0
78 78 78 0
78 78 4 0
78 4 78 0
4 78 78 0
78 78 78 0
78 78 78 0
78 78 78 0
78 78 265 0
78 265 78 0
265 78 78 0
78 78 78 0
78 78 265 0
78 265 78 0
265 78 78 0
78 78 78 0
78 78 78 0
78 78 3 0
78 3 265 0
3 265 265 0
265 265 168 0
265 168 168 0
168 168 265 0
168 265 3 0
265 3 168 0
3 168 146 0
168 146 13 0
146 13 78 0
13 78 78 0
78 78 3 0
78 3 265 0
3 265 265 0
265 265 168 0
265 168 3 0
168 3 54 0
3 54 168 0
54 168 3 0
168 3 78 0
3 78 168 0
78 168 146 0
168 146 265 0
146 265 265 0
265 265 168 0
265 168 265 0
168 265 3 0
265 3 265 0
3 265 265 0
265 265 265 0
265 265 265 0
265 265 78 0
265 78 265 0
78 265 265 0
265 265 168 0
265 168 265 0
168 265 168 0
265 168 265 0
168 265 265 0
265 265 168 0
265 168 168 0
168 168 265 0
168 265 265 0
265 265 3 0
265 3 3 0
3 3 265 0
3 265 168 0
265 168 3 0
168 3 3 0
3 3 265 0
3 265 265 0
265 265 3 0
265 3 265 0
3 265 168 0
265 168 265 0
168 265 3 0
265 3 168 0
3 168 195 0
168 195 78 0
195 78 168 0
78 168 3 0
168 3 3 0
3 3 168 0
3 168 168 0
168 168 265 0
168 265 146 0
265 146 265 0
146 265 265 0
265 265 3 0
265 3 265 0
3 265 265 0
265 265 265 0
265 265 265 0
265 265 265 0
265 265 265 0
265 265 3 0
265 3 168 0
3 168 168 0
168 168 78 0
168 78 168 0
78 168 265 0
168 265 78 0
265 78 146 0
78 146 3 0
146 3 168 0
3 168 168 0
168 168 78 0
168 78 265 0
78 265 265 0
265 265 265 0
265 265 265 0
265 265 78 0
265 78 168 0
78 168 168 0
168 168 168 0
168 168 168 0
168 168 168 0
168 168 3 0
168 3 195 0
3 195 168 0
195 168 3 0
168 3 3 0
3 3 265 0
3 265 78 0
265 78 168 0
78 168 168 0
168 168 265 0
168 265 265 0
265 265 3 0
265 3 168 0
3 168 265 0
168 265 168 0
265 168 78 0
168 78 78 0
78 78 168 0
78 168 3 0
168 3 265 0
3 265 3 0
265 3 168 0
3 168 168 0
168 168 265 0
168 265 3 0
265 3 265 0
3 265 3 0
new
174 6 6 0
6 6 6 0
6 6 5 0
6 5 220 0
5 220 221 0
220 221 221 0
221 221 221 0
221 221 221 0
221 221 221 0
221 221 221 0
221 221 221 0
221 221 221 0
221 221 221 0
221 221 221 0
221 221 221 0
221 221 221 0
221 221 221 0
221 221 221 0
221 221 221 0
221 221 221 0
221 221 221 0
221 221 221 0
221 221 221 0
221 221 221 0
221 221 221 0
221 221 221 0
221 221 221 0
221 221 221 0
221 221 220 0
221 220 6 0
220 6 5 0
6 5 63 0
5 63 6 0
63 6 63 0
6 63 6 0
63 6 63 0
6 63 6 0
63 6 11 0
6 11 11 0
11 11 11 0
11 11 11 0
11 11 11 0
11 11 45 0
11 45 33 0
45 33 192 0
33 192 33 0
192 33 5 0
33 5 197 0
5 197 192 0
197 192 6 0
192 6 33 0
6 33 5 0
33 5 3 0
5 3 197 0
3 197 192 0
197 192 125 0
192 125 192 0
125 192 6 0
192 6 33 0
6 33 5 0
33 5 3 0
5 3 197 0
3 197 192 0
197 192 192 0
192 192 6 0
192 6 33 0
6 33 5 0
33 5 3 0
5 3 197 0
3 197 192 0
197 192 192 0
192 192 192 0
192 192 6 0
192 6 33 0
6 33 5 0
33 5 3 0
5 3 197 0
3 197 192 0
197 192 192 0
192 192 192 0
192 192 6 0
192 6 33 0
6 33 5 0
33 5 3 0
5 3 197 0
3 197 192 0
197 192 192 0
192 192 192 0
192 192 6 0
192 6 33 0
6 33 5 0
33 5 3 0
5 3 197 0
3 197 192 0
197 192 192 0
192 192 192 0
192 192 6 0
192 6 33 0
6 33 5 0
33 5 3 0
5 3 197 0
3 197 192 0
197 192 125 0
192 125 192 0
125 192 192 0
192 192 6 0
192 6 33 0
6 33 5 0
33 5 3 0
5 3 197 0
3 197 192 0
197 192 192 0
192 192 192 0
192 192 6 0
192 6 33 0
6 33 5 0
33 5 3 0
5 3 197 0
3 197 192 0
197 192 192 0
192 192 6 0
192 6 33 0
6 33 5 0
33 5 3 0
5 3 197 0
3 197 192 0
197 192 192 0
192 192 6 0
192 6 33 0
6 33 5 0
33 5 3 0
5 3 197 0
3 197 192 0
197 192 192 0
192 192 6 0
192 6 33 0
6 33 5 0
33 5 3 0
5 3 197 0
3 197 192 0
197 192 192 0
192 192 6 0
192 6 33 0
6 33 5 0
33 5 3 0
5 3 197 0
3 197 192 0
197 192 192 0
192 192 192 0
192 192 6 0
192 6 33 0
6 33 5 0
33 5 3 0
5 3 197 0
3 197 192 0
197 192 192 0
192 192 6 0
192 6 33 0
6 33 5 0
33 5 3 0
5 3 197 0
3 197 192 0
197 192 192 0
192 192 6 0
192 6 33 0
6 33 5 0
33 5 3 0
5 3 197 0
3 197 192 0
197 192 192 0
192 192 192 0
192 192 6 0
192 6 33 0
6 33 5 0
33 5 3 0
5 3 197 0
3 197 192 0
197 192 192 0
192 192 6 0
192 6 192 0
6 192 192 0
192 192 192 0
192 192 243 0
192 243 125 0
243 125 125 0
125 125 125 0
125 125 125 0
125 125 125 0
125 125 125 0
125 125 125 0
125 125 125 0
125 125 125 0
125 125 125 0
125 125 125 0
125 125 125 0
125 125 125 0
125 125 125 0
125 125 125 0
125 125 125 0
125 125 125 0
125 125 125 0
125 125 125 0
125 125 91 0
125 91 258 0
91 258 311 0
258 311 240 0
311 240 240 0
240 240 174 0
240 174 174 0
174 174 175 0
174 175 191 0
175 191 122 0
191 122 268 0
122 268 45 0
268 45 45 0
45 45 5 0
45 5 197 0
5 197 192 0
197 192 3 0
192 3 3 0
3 3 6 0
3 6 91 0
6 91 240 0
91 240 5 0
240 5 197 0
5 197 192 0
197 192 192 0
192 192 6 0
192 6 155 0
6 155 157 0
155 157 266 0
157 266 160 0
266 160 159 0
160 159 159 0
159 159 78 0
159 78 5 0
78 5 5 0
5 5 197 0
5 197 192 0
197 192 3 0
192 3 3 0
3 3 6 0
3 6 91 0
6 91 5 0
91 5 197 0
5 197 192 0
197 192 3 0
192 3 3 0
3 3 6 0
3 6 91 0
6 91 5 0
91 5 5 0
5 5 5 0
5 5 5 0
5 5 5 0
5 5 5 0
5 5 5 0
5 5 5 0
5 5 174 0
5 174 102 0
174 102 221 0
102 221 221 0
221 221 221 0
221 221 102 0
221 102 201 0
102 201 202 0
201 202 201 0
202 201 202 0
201 202 168 0
202 168 102 0
168 102 168 0
102 168 102 0
168 102 168 0
102 168 102 0
168 102 168 0
102 168 102 0
168 102 168 0
102 168 102 0
168 102 168 0
102 168 102 0
168 102 168 0
102 168 102 0
168 102 168 0
102 168 102 0
168 102 331 0
102 331 160 0
331 160 159 0
160 159 192 0
159 192 125 0
192 125 120 0
125 120 158 0
120 158 158 0
158 158 158 0
158 158 158 0
158 158 158 0
158 158 158 0
158 158 158 0
158 158 158 0
158 158 158 0
158 158 158 0
158 158 158 0
158 158 158 0
158 158 158 0
158 158 158 0
158 158 331 0
158 331 4 0
331 4 240 0
4 240 240 0
240 240 266 0
240 266 265 0
266 265 240 0
265 240 265 0
240 265 168 0
265 168 3 0
168 3 6 0
3 6 6 0
6 6 331 0
6 331 192 0
331 192 91 0
192 91 91 0
91 91 125 0
91 125 265 0
125 265 240 0
265 240 265 0
240 265 168 0
265 168 3 0
168 3 6 0
3 6 6 0
6 6 4 0
6 4 240 0
4 240 240 0
240 240 240 0
240 240 6 0
240 6 5 0
6 5 102 0
5 102 102 0
102 102 6 0
102 6 102 0
6 102 102 0
102 102 6 0
102 6 5 0
6 5 197 0
5 197 192 0
197 192 3 0
192 3 3 0
3 3 6 0
3 6 91 0
6 91 5 0
91 5 197 0
5 197 192 0
197 192 6 0
192 6 33 0
6 33 5 0
33 5 3 0
5 3 197 0
3 197 192 0
197 192 192 0
192 192 6 0
192 6 33 0
6 33 5 0
33 5 3 0
5 3 197 0
3 197 192 0
197 192 192 0
192 192 192 0
192 192 6 0
192 6 125 0
6 125 125 0
125 125 91 0
125 91 5 0
91 5 197 0
5 197 192 0
197 192 6 0
192 6 33 0
6 33 5 0
33 5 3 0
5 3 197 0
3 197 192 0
197 192 192 0
192 192 6 0
192 6 33 0
6 33 5 0
33 5 3 0
5 3 197 0
3 197 192 0
197 192 192 0
192 192 6 0
192 6 125 0
6 125 125 0
125 125 91 0
125 91 5 0
91 5 221 0
5 221 140 0
221 140 197 0
140 197 192 0
197 192 140 0
192 140 91 0
140 91 6 0
91 6 199 0
6 199 122 0
199 122 5 0
122 5 174 0
5 174 331 0
174 331 42 0
331 42 221 0
42 221 195 0
221 195 199 0
195 199 199 0
199 199 39 0
199 39 195 0
39 195 199 0
195 199 199 0
199 199 30 0
199 30 199 0
30 199 5 0
199 5 3 0
5 3 6 0
3 6 78 0
6 78 78 0
78 78 78 0
78 78 199 0
78 199 102 0
199 102 221 0
102 221 221 0
221 221 199 0
221 199 102 0
199 102 146 0
102 146 168 0
146 168 3 0
168 3 3 0
3 3 78 0
3 78 78 0
78 78 102 0
78 102 102 0
102 102 102 0
102 102 199 0
102 199 102 0
199 102 221 0
102 221 221 0
221 221 102 0
221 102 146 0
102 146 168 0
146 168 102 0
168 102 221 0
102 221 221 0
221 221 168 0
221 168 3 0
168 3 3 0
3 3 146 0
3 146 168 0
146 168 3 0
168 3 3 0
3 3 146 0
3 146 168 0
146 168 3 0
168 3 3 0
3 3 197 0
3 197 192 0
197 192 4 0
192 4 146 0
4 146 6 0
146 6 146 0
6 146 6 0
146 6 6 0
6 6 6 0
6 6 10 0
new
6 6 63 0
6 63 6 0
63 6 195 0
6 195 195 0
195 195 195 0
195 195 195 0
195 195 195 0
195 195 195 0
195 195 11 0
195 11 45 0
11 45 33 0
45 33 192 0
33 192 33 0
192 33 5 0
33 5 197 0
5 197 192 0
197 192 6 0
192 6 33 0
6 33 5 0
33 5 3 0
5 3 197 0
3 197 192 0
197 192 192 0
192 192 6 0
192 6 33 0
6 33 5 0
33 5 3 0
5 3 197 0
3 197 192 0
197 192 192 0
192 192 192 0
192 192 6 0
192 6 33 0
6 33 5 0
33 5 3 0
5 3 197 0
3 197 192 0
197 192 192 0
192 192 192 0
192 192 6 0
192 6 33 0
6 33 5 0
33 5 3 0
5 3 197 0
3 197 192 0
197 192 192 0
192 192 6 0
192 6 33 0
6 33 5 0
33 5 3 0
5 3 197 0
3 197 192 0
197 192 192 0
192 192 192 0
192 192 6 0
192 6 33 0
6 33 5 0
33 5 3 0
5 3 197 0
3 197 192 0
197 192 192 0
192 192 6 0
192 6 33 0
6 33 5 0
33 5 3 0
5 3 197 0
3 197 192 0
197 192 192 0
192 192 6 0
192 6 33 0
6 33 5 0
33 5 3 0
5 3 197 0
3 197 192 0
197 192 192 0
192 192 192 0
192 192 6 0
192 6 192 0
6 192 243 0
192 243 125 0
243 125 125 0
125 125 125 0
125 125 125 0
125 125 125 0
125 125 125 0
125 125 192 0
125 192 125 0
192 125 125 0
125 125 125 0
125 125 125 0
125 125 91 0
125 91 45 0
91 45 45 0
45 45 195 0
45 195 195 0
195 195 195 0
195 195 5 0
195 5 221 0
5 221 141 0
221 141 141 0
141 141 6 0
141 6 5 0
6 5 3 0
5 3 3 0
3 3 6 0
3 6 5 0
6 5 3 0
5 3 3 0
3 3 6 0
3 6 5 0
6 5 3 0
5 3 3 0
3 3 6 0
3 6 5 0
6 5 3 0
5 3 3 0
3 3 6 0
3 6 5 0
6 5 3 0
5 3 3 0
3 3 6 0
3 6 5 0
6 5 3 0
5 3 3 0
3 3 6 0
3 6 5 0
6 5 3 0
5 3 3 0
3 3 6 0
3 6 5 0
6 5 3 0
5 3 3 0
3 3 6 0
3 6 5 0
6 5 3 0
5 3 3 0
3 3 6 0
3 6 5 0
6 5 3 0
5 3 3 0
3 3 6 0
3 6 5 0
6 5 3 0
5 3 3 0
3 3 6 0
3 6 195 0
6 195 195 0
195 195 195 0
new
174 6 12 0
6 12 5 0
12 5 220 0
5 220 221 0
220 221 221 0
221 221 221 0
221 221 221 0
221 221 221 0
221 221 221 0
221 221 221 0
221 221 221 0
221 221 221 0
221 221 221 0
221 221 221 0
221 221 221 0
221 221 221 0
221 221 221 0
221 221 221 0
221 221 221 0
221 221 221 0
221 221 221 0
221 221 221 0
221 221 221 0
221 221 220 0
221 220 6 0
220 6 5 0
6 5 63 0
5 63 6 0
63 6 11 0
6 11 45 0
11 45 33 0
45 33 192 0
33 192 33 0
192 33 5 0
33 5 197 0
5 197 192 0
197 192 6 0
192 6 33 0
6 33 5 0
33 5 3 0
5 3 197 0
3 197 192 0
197 192 192 0
192 192 192 0
192 192 6 0
192 6 192 0
6 192 243 0
192 243 125 0
243 125 125 0
125 125 125 0
125 125 91 0
125 91 45 0
91 45 45 0
45 45 5 0
45 5 197 0
5 197 192 0
197 192 192 0
192 192 6 0
192 6 96 0
6 96 97 0
96 97 11 0
97 11 45 0
11 45 33 0
45 33 192 0
33 192 33 0
192 33 5 0
33 5 197 0
5 197 192 0
197 192 6 0
192 6 33 0
6 33 5 0
33 5 3 0
5 3 197 0
3 197 192 0
197 192 192 0
192 192 192 0
192 192 6 0
192 6 192 0
6 192 243 0
192 243 125 0
243 125 125 0
125 125 125 0
125 125 91 0
125 91 45 0
91 45 45 0
45 45 5 0
45 5 197 0
5 197 192 0
197 192 192 0
192 192 6 0
192 6 289 0
6 289 11 0
289 11 45 0
11 45 33 0
45 33 192 0
33 192 33 0
192 33 5 0
33 5 197 0
5 197 192 0
197 192 6 0
192 6 33 0
6 33 5 0
33 5 3 0
5 3 197 0
3 197 192 0
197 192 192 0
192 192 192 0
192 192 6 0
192 6 33 0
6 33 5 0
33 5 3 0
5 3 197 0
3 197 192 0
197 192 192 0
192 192 6 0
192 6 33 0
6 33 5 0
33 5 3 0
5 3 197 0
3 197 192 0
197 192 192 0
192 192 192 0
192 192 6 0
192 6 33 0
6 33 5 0
33 5 3 0
5 3 197 0
3 197 192 0
197 192 125 0
192 125 192 0
125 192 6 0
192 6 33 0
6 33 5 0
33 5 3 0
5 3 197 0
3 197 192 0
197 192 192 0
192 192 192 0
192 192 6 0
192 6 33 0
6 33 5 0
33 5 3 0
5 3 197 0
3 197 192 0
197 192 192 0
192 192 6 0
192 6 33 0
6 33 5 0
33 5 3 0
5 3 197 0
3 197 192 0
197 192 192 0
192 192 6 0
192 6 33 0
6 33 5 0
33 5 3 0
5 3 197 0
3 197 192 0
197 192 192 0
192 192 192 0
192 192 192 0
192 192 6 0
192 6 192 0
6 192 243 0
192 243 125 0
243 125 125 0
125 125 125 0
125 125 125 0
125 125 125 0
125 125 125 0
125 125 125 0
125 125 125 0
125 125 125 0
125 125 125 0
125 125 91 0
125 91 258 0
91 258 311 0
258 311 240 0
311 240 240 0
240 240 174 0
240 174 174 0
174 174 175 0
174 175 191 0
175 191 122 0
191 122 54 0
122 54 45 0
54 45 45 0
45 45 192 0
45 192 5 0
192 5 197 0
5 197 192 0
197 192 3 0
192 3 6 0
3 6 91 0
6 91 197 0
91 197 197 0
197 197 197 0
197 197 197 0
197 197 85 0
197 85 85 0
85 85 195 0
85 195 195 0
195 195 195 0
195 195 195 0
195 195 195 0
195 195 195 0
195 195 195 0
195 195 174 0
195 174 174 0
174 174 174 0
174 174 174 0
174 174 174 0
174 174 174 0
174 174 174 0
174 174 174 0
174 174 174 0
174 174 174 0
174 174 174 0
174 174 174 0
174 174 174 0
174 174 174 0
174 174 174 0
174 174 174 0
174 174 174 0
174 174 174 0
174 174 174 0
174 174 174 0
174 174 174 0
174 174 174 0
174 174 174 0
174 174 174 0
174 174 174 0
174 174 174 0
174 174 174 0
174 174 174 0
174 174 174 0
174 174 174 0
174 174 174 0
174 174 174 0
174 174 174 0
174 174 174 0
174 174 174 0
174 174 174 0
174 174 174 0
174 174 174 0
174 174 174 0
174 174 174 0
174 174 174 0
174 174 174 0
174 174 174 0
174 174 174 0
174 174 174 0
174 174 174 0
174 174 174 0
174 174 174 0
174 174 174 0
174 174 174 0
174 174 174 0
174 174 174 0
174 174 174 0
174 174 174 0
174 174 174 0
174 174 174 0
174 174 174 0
174 174 174 0
174 174 174 0
174 174 174 0
174 174 174 0
174 174 174 0
174 174 174 0
174 174 174 0
174 174 174 0
174 174 195 0
174 195 195 0
195 195 195 0
195 195 5 0
195 5 5 0
5 5 5 0
5 5 197 0
5 197 5 0
197 5 197 0
5 197 192 0
197 192 3 0
192 3 197 0
3 197 45 0
197 45 3 0
45 3 3 0
3 3 3 0
3 3 6 0
3 6 91 0
6 91 195 0
91 195 5 0
195 5 5 0
5 5 5 0
5 5 197 0
5 197 5 0
197 5 197 0
5 197 192 0
197 192 3 0
192 3 197 0
3 197 3 0
197 3 3 0
3 3 3 0
3 3 6 0
3 6 91 0
6 91 192 0
91 192 195 0
192 195 5 0
195 5 5 0
5 5 5 0
5 5 197 0
5 197 5 0
197 5 197 0
5 197 192 0
197 192 3 0
192 3 197 0
3 197 3 0
197 3 3 0
3 3 3 0
3 3 6 0
3 6 91 0
6 91 195 0
91 195 5 0
195 5 5 0
5 5 5 0
5 5 197 0
5 197 5 0
197 5 197 0
5 197 192 0
197 192 3 0
192 3 197 0
3 197 3 0
197 3 6 0
3 6 91 0
6 91 6 0
91 6 195 0
6 195 5 0
195 5 5 0
5 5 5 0
5 5 197 0
5 197 5 0
197 5 197 0
5 197 192 0
197 192 3 0
192 3 197 0
3 197 3 0
197 3 45 0
3 45 6 0
45 6 91 0
6 91 6 0
91 6 195 0
6 195 5 0
195 5 5 0
5 5 5 0
5 5 197 0
5 197 5 0
197 5 197 0
5 197 192 0
197 192 3 0
192 3 197 0
3 197 3 0
197 3 3 0
3 3 3 0
3 3 6 0
3 6 91 0
6 91 195 0
91 195 5 0
195 5 5 0
5 5 5 0
5 5 197 0
5 197 5 0
197 5 197 0
5 197 192 0
197 192 3 0
192 3 197 0
3 197 3 0
197 3 6 0
3 6 91 0
6 91 6 0
91 6 195 0
6 195 5 0
195 5 5 0
5 5 5 0
5 5 197 0
5 197 5 0
197 5 197 0
5 197 192 0
197 192 3 0
192 3 197 0
3 197 3 0
197 3 6 0
3 6 91 0
6 91 6 0
91 6 6 0
6 6 6 0
6 6 195 0
6 195 5 0
195 5 5 0
5 5 5 0
5 5 197 0
5 197 5 0
197 5 197 0
5 197 192 0
197 192 3 0
192 3 197 0
3 197 3 0
197 3 3 0
3 3 3 0
3 3 6 0
3 6 91 0
6 91 195 0
91 195 5 0
195 5 5 0
5 5 5 0
5 5 197 0
5 197 5 0
197 5 197 0
5 197 192 0
197 192 3 0
192 3 197 0
3 197 3 0
197 3 3 0
3 3 3 0
3 3 6 0
3 6 91 0
6 91 195 0
91 195 5 0
195 5 5 0
5 5 5 0
5 5 197 0
5 197 5 0
197 5 197 0
5 197 192 0
197 192 3 0
192 3 197 0
3 197 3 0
197 3 3 0
3 3 6 0
3 6 91 0
6 91 195 0
91 195 5 0
195 5 5 0
5 5 5 0
5 5 197 0
5 197 5 0
197 5 197 0
5 197 192 0
197 192 3 0
192 3 197 0
3 197 3 0
197 3 3 0
3 3 3 0
3 3 6 0
3 6 91 0
6 91 6 0
91 6 6 0
6 6 6 0
6 6 6 0
6 6 195 0
6 195 5 0
195 5 5 0
5 5 5 0
5 5 197 0
5 197 5 0
197 5 197 0
5 197 192 0
197 192 3 0
192 3 197 0
3 197 3 0
197 3 3 0
3 3 6 0
3 6 91 0
6 91 6 0
91 6 6 0
6 6 195 0
6 195 5 0
195 5 5 0
5 5 5 0
5 5 197 0
5 197 5 0
197 5 197 0
5 197 192 0
197 192 3 0
192 3 197 0
3 197 3 0
197 3 3 0
3 3 3 0
3 3 6 0
3 6 91 0
6 91 6 0
91 6 201 0
6 201 199 0
201 199 202 0
199 202 200 0
202 200 195 0
200 195 195 0
195 195 195 0
195 195 5 0
195 5 5 0
5 5 5 0
5 5 197 0
5 197 5 0
197 5 197 0
5 197 192 0
197 192 3 0
192 3 197 0
3 197 3 0
197 3 3 0
3 3 3 0
3 3 6 0
3 6 91 0
6 91 196 0
91 196 196 0
196 196 196 0
196 196 196 0
196 196 85 0
196 85 196 0
85 196 196 0
196 196 196 0
196 196 196 0
196 196 195 0
196 195 195 0
195 195 6 0
195 6 195 0
6 195 5 0
195 5 5 0
5 5 5 0
5 5 197 0
5 197 5 0
197 5 197 0
5 197 192 0
197 192 3 0
192 3 197 0
3 197 3 0
197 3 3 0
3 3 3 0
3 3 6 0
3 6 91 0
6 91 195 0
91 195 5 0
195 5 5 0
5 5 5 0
5 5 197 0
5 197 5 0
197 5 197 0
5 197 192 0
197 192 3 0
192 3 197 0
3 197 3 0
197 3 3 0
3 3 3 0
3 3 6 0
3 6 91 0
6 91 195 0
91 195 5 0
195 5 5 0
5 5 5 0
5 5 197 0
5 197 5 0
197 5 197 0
5 197 192 0
197 192 3 0
192 3 197 0
3 197 3 0
197 3 3 0
3 3 3 0
3 3 6 0
3 6 91 0
6 91 195 0
91 195 5 0
195 5 5 0
5 5 5 0
5 5 197 0
5 197 5 0
197 5 197 0
5 197 192 0
197 192 3 0
192 3 197 0
3 197 3 0
197 3 3 0
3 3 192 0
3 192 6 0
192 6 91 0
6 91 6 0
91 6 6 0
6 6 6 0
6 6 6 0
6 6 5 0
6 5 197 0
5 197 197 0
197 197 192 0
197 192 3 0
192 3 3 0
3 3 3 0
3 3 3 0
3 3 3 0
3 3 3 0
3 3 3 0
3 3 3 0
3 3 3 0
3 3 3 0
3 3 3 0
3 3 3 0
3 3 3 0
3 3 6 0
3 6 91 0
6 91 45 0
91 45 5 0
45 5 197 0
5 197 197 0
197 197 192 0
197 192 3 0
192 3 3 0
3 3 3 0
3 3 3 0
3 3 3 0
3 3 3 0
3 3 3 0
3 3 3 0
3 3 3 0
3 3 3 0
3 3 6 0
3 6 91 0
6 91 195 0
91 195 195 0
195 195 195 0
195 195 195 0
195 195 5 0
195 5 221 0
5 221 220 0
221 220 220 0
220 220 6 0
220 6 195 0
6 195 5 0
195 5 220 0
5 220 220 0
220 220 6 0
220 6 5 0
6 5 197 0
5 197 197 0
197 197 192 0
197 192 3 0
192 3 3 0
3 3 195 0
3 195 3 0
195 3 6 0
3 6 91 0
6 91 5 0
91 5 197 0
5 197 197 0
197 197 192 0
197 192 3 0
192 3 3 0
3 3 195 0
3 195 3 0
195 3 6 0
3 6 91 0
6 91 5 0
91 5 197 0
5 197 197 0
197 197 192 0
197 192 3 0
192 3 3 0
3 3 195 0
3 195 3 0
195 3 6 0
3 6 91 0
6 91 5 0
91 5 197 0
5 197 197 0
197 197 192 0
197 192 3 0
192 3 3 0
3 3 195 0
3 195 3 0
195 3 6 0
3 6 91 0
6 91 5 0
91 5 197 0
5 197 197 0
197 197 192 0
197 192 3 0
192 3 3 0
3 3 195 0
3 195 3 0
195 3 6 0
3 6 91 0
6 91 5 0
91 5 197 0
5 197 197 0
197 197 192 0
197 192 3 0
192 3 3 0
3 3 195 0
3 195 3 0
195 3 6 0
3 6 91 0
6 91 5 0
91 5 197 0
5 197 197 0
197 197 192 0
197 192 3 0
192 3 3 0
3 3 195 0
3 195 195 0
195 195 195 0
195 195 195 0
195 195 195 0
195 195 195 0
195 195 195 0
195 195 3 0
195 3 6 0
3 6 91 0
6 91 5 0
91 5 197 0
5 197 197 0
197 197 192 0
197 192 3 0
192 3 3 0
3 3 195 0
3 195 3 0
195 3 6 0
3 6 91 0
6 91 195 0
91 195 5 0
195 5 5 0
5 5 5 0
5 5 197 0
5 197 5 0
197 5 197 0
5 197 192 0
197 192 3 0
192 3 197 0
3 197 3 0
197 3 6 0
3 6 91 0
6 91 195 0
91 195 5 0
195 5 5 0
5 5 5 0
5 5 5 0
5 5 195 0
5 195 195 0
195 195 195 0
195 195 5 0
195 5 5 0
5 5 5 0
5 5 5 0
5 5 195 0
5 195 195 0
195 195 195 0
195 195 5 0
195 5 5 0
5 5 5 0
5 5 5 0
5 5 195 0
5 195 195 0
195 195 195 0
195 195 195 0
195 195 195 0
195 195 195 0
195 195 5 0
195 5 5 0
5 5 5 0
5 5 5 0
5 5 195 0
5 195 195 0
195 195 195 0
195 195 5 0
195 5 5 0
5 5 5 0
5 5 5 0
5 5 195 0
5 195 195 0
195 195 195 0
195 195 5 0
195 5 5 0
5 5 5 0
5 5 197 0
5 197 5 0
197 5 197 0
5 197 192 0
197 192 3 0
192 3 197 0
3 197 3 0
197 3 3 0
3 3 3 0
3 3 6 0
3 6 91 0
6 91 6 0
91 6 6 0
6 6 195 0
6 195 5 0
195 5 5 0
5 5 5 0
5 5 5 0
5 5 195 0
5 195 5 0
195 5 5 0
5 5 5 0
5 5 5 0
5 5 195 0
5 195 5 0
195 5 5 0
5 5 5 0
5 5 5 0
5 5 195 0
5 195 5 0
195 5 5 0
5 5 5 0
5 5 5 0
5 5 195 0
5 195 5 0
195 5 5 0
5 5 5 0
5 5 5 0
5 5 195 0
5 195 5 0
195 5 5 0
5 5 5 0
5 5 5 0
5 5 195 0
5 195 195 0
195 195 195 0
195 195 5 0
195 5 5 0
5 5 5 0
5 5 5 0
5 5 195 0
5 195 195 0
195 195 195 0
195 195 5 0
195 5 5 0
5 5 5 0
5 5 5 0
5 5 195 0
5 195 195 0
195 195 195 0
195 195 5 0
195 5 5 0
5 5 5 0
5 5 5 0
5 5 195 0
5 195 195 0
195 195 195 0
195 195 5 0
195 5 5 0
5 5 5 0
5 5 5 0
5 5 195 0
5 195 195 0
195 195 195 0
195 195 5 0
195 5 5 0
5 5 5 0
5 5 5 0
5 5 195 0
5 195 195 0
195 195 195 0
195 195 5 0
195 5 5 0
5 5 5 0
5 5 5 0
5 5 195 0
5 195 195 0
195 195 195 0
195 195 5 0
195 5 5 0
5 5 5 0
5 5 5 0
5 5 195 0
5 195 195 0
195 195 195 0
195 195 5 0
195 5 5 0
5 5 5 0
5 5 5 0
5 5 6 0
5 6 5 0
6 5 197 0
5 197 192 0
197 192 192 0
192 192 6 0
192 6 195 0
6 195 195 0
195 195 195 0
195 195 5 0
195 5 5 0
5 5 5 0
5 5 197 0
5 197 5 0
197 5 197 0
5 197 192 0
197 192 3 0
192 3 197 0
3 197 3 0
197 3 3 0
3 3 6 0
3 6 91 0
6 91 195 0
91 195 195 0
195 195 195 0
195 195 5 0
195 5 5 0
5 5 5 0
5 5 5 0
5 5 195 0
5 195 5 0
195 5 5 0
5 5 5 0
5 5 197 0
5 197 5 0
197 5 197 0
5 197 192 0
197 192 3 0
192 3 197 0
3 197 45 0
197 45 3 0
45 3 3 0
3 3 3 0
3 3 6 0
3 6 91 0
6 91 6 0
91 6 195 0
6 195 5 0
195 5 5 0
5 5 5 0
5 5 5 0
5 5 195 0
5 195 5 0
195 5 5 0
5 5 5 0
5 5 197 0
5 197 5 0
197 5 197 0
5 197 192 0
197 192 3 0
192 3 197 0
3 197 3 0
197 3 3 0
3 3 3 0
3 3 6 0
3 6 91 0
6 91 6 0
91 6 195 0
6 195 5 0
195 5 5 0
5 5 5 0
5 5 5 0
5 5 6 0
5 6 195 0
6 195 5 0
195 5 5 0
5 5 5 0
5 5 197 0
5 197 5 0
197 5 197 0
5 197 192 0
197 192 3 0
192 3 197 0
3 197 3 0
197 3 6 0
3 6 91 0
6 91 6 0
91 6 54 0
6 54 54 0
54 54 54 0
54 54 85 0
54 85 196 0
85 196 196 0
196 196 196 0
196 196 196 0
196 196 85 0
196 85 196 0
85 196 195 0
196 195 5 0
195 5 197 0
5 197 192 0
197 192 197 0
192 197 140 0
197 140 3 0
140 3 3 0
3 3 6 0
3 6 91 0
6 91 195 0
91 195 5 0
195 5 197 0
5 197 54 0
197 54 197 0
54 197 192 0
197 192 140 0
192 140 3 0
140 3 140 0
3 140 3 0
140 3 192 0
3 192 3 0
192 3 6 0
3 6 91 0
6 91 195 0
91 195 195 0
195 195 195 0
195 195 5 0
195 5 5 0
5 5 5 0
5 5 5 0
5 5 195 0
5 195 5 0
195 5 5 0
5 5 5 0
5 5 5 0
5 5 195 0
5 195 5 0
195 5 5 0
5 5 5 0
5 5 5 0
5 5 195 0
5 195 5 0
195 5 5 0
5 5 5 0
5 5 5 0
5 5 195 0
5 195 5 0
195 5 5 0
5 5 5 0
5 5 5 0
5 5 195 0
5 195 5 0
195 5 5 0
5 5 5 0
5 5 5 0
5 5 195 0
5 195 5 0
195 5 197 0
5 197 240 0
197 240 5 0
240 5 3 0
5 3 197 0
3 197 192 0
197 192 192 0
192 192 6 0
192 6 5 0
6 5 197 0
5 197 192 0
197 192 6 0
192 6 33 0
6 33 5 0
33 5 3 0
5 3 197 0
3 197 192 0
197 192 192 0
192 192 6 0
192 6 33 0
6 33 5 0
33 5 3 0
5 3 197 0
3 197 192 0
197 192 192 0
192 192 192 0
192 192 6 0
192 6 33 0
6 33 5 0
33 5 3 0
5 3 197 0
3 197 192 0
197 192 192 0
192 192 6 0
192 6 125 0
6 125 125 0
125 125 125 0
125 125 125 0
125 125 240 0
125 240 91 0
240 91 6 0
91 6 195 0
6 195 5 0
195 5 5 0
5 5 5 0
5 5 5 0
5 5 195 0
5 195 5 0
195 5 5 0
5 5 5 0
5 5 197 0
5 197 5 0
197 5 197 0
5 197 192 0
197 192 3 0
192 3 197 0
3 197 3 0
197 3 3 0
3 3 3 0
3 3 45 0
3 45 6 0
45 6 91 0
6 91 195 0
91 195 5 0
195 5 5 0
5 5 5 0
5 5 5 0
5 5 195 0
5 195 5 0
195 5 5 0
5 5 5 0
5 5 197 0
5 197 5 0
197 5 197 0
5 197 192 0
197 192 3 0
192 3 197 0
3 197 3 0
197 3 3 0
3 3 3 0
3 3 6 0
3 6 91 0
6 91 195 0
91 195 5 0
195 5 5 0
5 5 5 0
5 5 5 0
5 5 195 0
5 195 5 0
195 5 5 0
5 5 5 0
5 5 197 0
5 197 5 0
197 5 197 0
5 197 192 0
197 192 3 0
192 3 197 0
3 197 3 0
197 3 3 0
3 3 3 0
3 3 6 0
3 6 91 0
6 91 6 0
91 6 6 0
6 6 195 0
6 195 5 0
195 5 5 0
5 5 5 0
5 5 5 0
5 5 195 0
5 195 5 0
195 5 5 0
5 5 5 0
5 5 197 0
5 197 5 0
197 5 197 0
5 197 192 0
197 192 3 0
192 3 197 0
3 197 3 0
197 3 3 0
3 3 3 0
3 3 6 0
3 6 91 0
6 91 195 0
91 195 5 0
195 5 5 0
5 5 5 0
5 5 5 0
5 5 195 0
5 195 5 0
195 5 5 0
5 5 5 0
5 5 197 0
5 197 5 0
197 5 197 0
5 197 192 0
197 192 3 0
192 3 197 0
3 197 3 0
197 3 3 0
3 3 3 0
3 3 6 0
3 6 91 0
6 91 195 0
91 195 5 0
195 5 5 0
5 5 5 0
5 5 5 0
5 5 195 0
5 195 5 0
195 5 5 0
5 5 5 0
5 5 197 0
5 197 5 0
197 5 197 0
5 197 192 0
197 192 3 0
192 3 197 0
3 197 3 0
197 3 3 0
3 3 6 0
3 6 91 0
6 91 6 0
91 6 6 0
6 6 195 0
6 195 5 0
195 5 5 0
5 5 5 0
5 5 5 0
5 5 195 0
5 195 5 0
195 5 5 0
5 5 5 0
5 5 197 0
5 197 5 0
197 5 197 0
5 197 192 0
197 192 3 0
192 3 197 0
3 197 3 0
197 3 3 0
3 3 3 0
3 3 6 0
3 6 91 0
6 91 195 0
91 195 5 0
195 5 5 0
5 5 5 0
5 5 5 0
5 5 195 0
5 195 5 0
195 5 5 0
5 5 5 0
5 5 197 0
5 197 5 0
197 5 197 0
5 197 192 0
197 192 3 0
192 3 197 0
3 197 3 0
197 3 3 0
3 3 3 0
3 3 6 0
3 6 91 0
6 91 6 0
91 6 195 0
6 195 5 0
195 5 5 0
5 5 5 0
5 5 5 0
5 5 195 0
5 195 5 0
195 5 5 0
5 5 5 0
5 5 5 0
5 5 195 0
5 195 5 0
195 5 5 0
5 5 5 0
5 5 5 0
5 5 195 0
5 195 5 0
195 5 5 0
5 5 5 0
5 5 5 0
5 5 195 0
5 195 5 0
195 5 5 0
5 5 5 0
5 5 5 0
5 5 195 0
5 195 5 0
195 5 5 0
5 5 5 0
5 5 5 0
5 5 195 0
5 195 5 0
195 5 5 0
5 5 5 0
5 5 5 0
5 5 195 0
5 195 5 0
195 5 5 0
5 5 5 0
5 5 5 0
5 5 195 0
5 195 5 0
195 5 5 0
5 5 5 0
5 5 5 0
5 5 195 0
5 195 5 0
195 5 5 0
5 5 5 0
5 5 5 0
5 5 195 0
5 195 5 0
195 5 5 0
5 5 5 0
5 5 5 0
5 5 195 0
5 195 5 0
195 5 5 0
5 5 5 0
5 5 5 0
5 5 195 0
5 195 5 0
195 5 5 0
5 5 5 0
5 5 5 0
5 5 195 0
5 195 5 0
195 5 5 0
5 5 5 0
5 5 5 0
5 5 195 0
5 195 5 0
195 5 5 0
5 5 5 0
5 5 5 0
5 5 6 0
5 6 195 0
6 195 5 0
195 5 5 0
5 5 5 0
5 5 5 0
5 5 195 0
5 195 5 0
195 5 5 0
5 5 5 0
5 5 197 0
5 197 5 0
197 5 197 0
5 197 192 0
197 192 3 0
192 3 197 0
3 197 3 0
197 3 6 0
3 6 91 0
6 91 6 0
91 6 6 0
6 6 195 0
6 195 195 0
195 195 195 0
195 195 195 0
195 195 195 0
195 195 195 0
195 195 195 0
195 195 195 0
195 195 195 0
195 195 195 0
195 195 195 0
195 195 195 0
195 195 195 0
195 195 195 0
195 195 195 0
195 195 195 0
195 195 195 0
195 195 195 0
195 195 195 0
195 195 195 0
195 195 195 0
195 195 195 0
195 195 195 0
195 195 195 0
195 195 195 0
195 195 195 0
195 195 195 0
195 195 195 0
195 195 195 0
195 195 195 0
195 195 195 0
195 195 195 0
195 195 6 0
195 6 195 0
6 195 5 0
195 5 5 0
5 5 5 0
5 5 5 0
5 5 195 0
5 195 5 0
195 5 5 0
5 5 5 0
5 5 197 0
5 197 5 0
197 5 197 0
5 197 192 0
197 192 3 0
192 3 197 0
3 197 45 0
197 45 3 0
45 3 3 0
3 3 3 0
3 3 6 0
3 6 91 0
6 91 13 0
91 13 5 0
13 5 197 0
5 197 197 0
197 197 192 0
197 192 3 0
192 3 140 0
3 140 3 0
140 3 6 0
3 6 91 0
6 91 195 0
91 195 195 0
195 195 5 0
195 5 5 0
5 5 5 0
5 5 5 0
5 5 195 0
5 195 5 0
195 5 5 0
5 5 5 0
5 5 197 0
5 197 5 0
197 5 197 0
5 197 192 0
197 192 3 0
192 3 197 0
3 197 3 0
197 3 3 0
3 3 3 0
3 3 6 0
3 6 91 0
6 91 195 0
91 195 5 0
195 5 5 0
5 5 5 0
5 5 5 0
5 5 195 0
5 195 5 0
195 5 5 0
5 5 5 0
5 5 5 0
5 5 195 0
5 195 5 0
195 5 5 0
5 5 5 0
5 5 5 0
5 5 195 0
5 195 5 0
195 5 5 0
5 5 5 0
5 5 5 0
5 5 195 0
5 195 5 0
195 5 5 0
5 5 5 0
5 5 5 0
5 5 195 0
5 195 5 0
195 5 5 0
5 5 5 0
5 5 5 0
5 5 195 0
5 195 5 0
195 5 5 0
5 5 5 0
5 5 5 0
5 5 195 0
5 195 5 0
195 5 5 0
5 5 5 0
5 5 5 0
5 5 195 0
5 195 5 0
195 5 5 0
5 5 5 0
5 5 5 0
5 5 195 0
5 195 5 0
195 5 5 0
5 5 5 0
5 5 5 0
5 5 195 0
5 195 5 0
195 5 5 0
5 5 5 0
5 5 5 0
5 5 195 0
5 195 5 0
195 5 5 0
5 5 5 0
5 5 5 0
5 5 195 0
5 195 5 0
195 5 5 0
5 5 5 0
5 5 5 0
5 5 195 0
5 195 5 0
195 5 5 0
5 5 5 0
5 5 5 0
5 5 195 0
5 195 5 0
195 5 5 0
5 5 5 0
5 5 5 0
5 5 6 0
5 6 191 0
6 191 192 0
191 192 6 0
192 6 42 0
6 42 42 0
42 42 221 0
42 221 221 0
221 221 120 0
221 120 6 0
120 6 6 0
6 6 192 0
6 192 3 0
192 3 163 0
3 163 6 0
163 6 91 0
6 91 221 0
91 221 197 0
221 197 192 0
197 192 140 0
192 140 197 0
140 197 91 0
197 91 197 0
91 197 140 0
197 140 3 0
140 3 3 0
3 3 6 0
3 6 7 0
6 7 195 0
7 195 195 0
195 195 195 0
195 195 195 0
195 195 195 0
195 195 195 0
195 195 195 0
195 195 195 0
195 195 195 0
195 195 195 0
195 195 195 0
195 195 195 0
195 195 195 0
195 195 195 0
195 195 195 0
195 195 195 0
195 195 195 0
195 195 195 0
195 195 195 0
195 195 195 0
195 195 195 0
195 195 195 0
195 195 195 0
195 195 195 0
195 195 195 0
195 195 195 0
195 195 195 0
195 195 195 0
195 195 195 0
195 195 195 0
195 195 195 0
195 195 195 0
195 195 195 0
195 195 195 0
195 195 195 0
195 195 195 0
195 195 195 0
195 195 195 0
195 195 195 0
195 195 195 0
195 195 96 0
195 96 97 0
96 97 96 0
97 96 195 0
96 195 195 0
195 195 195 0
195 195 5 0
195 5 141 0
5 141 141 0
141 141 6 0
141 6 5 0
6 5 3 0
5 3 3 0
3 3 6 0
3 6 5 0
6 5 3 0
5 3 3 0
3 3 6 0
3 6 5 0
6 5 3 0
5 3 3 0
3 3 6 0
3 6 5 0
6 5 3 0
5 3 3 0
3 3 6 0
3 6 5 0
6 5 3 0
5 3 3 0
3 3 6 0
3 6 5 0
6 5 3 0
5 3 3 0
3 3 6 0
3 6 5 0
6 5 3 0
5 3 3 0
3 3 6 0
3 6 5 0
6 5 3 0
5 3 3 0
3 3 6 0
3 6 5 0
6 5 3 0
5 3 3 0
3 3 6 0
3 6 5 0
6 5 3 0
5 3 3 0
3 3 6 0
3 6 5 0
6 5 3 0
5 3 3 0
3 3 6 0
3 6 195 0
6 195 195 0
195 195 195 0
195 195 195 0
195 195 174 0
new
311 78 174 0
78 174 102 0
174 102 221 0
102 221 221 0
221 221 221 0
221 221 102 0
221 102 45 0
102 45 201 0
45 201 202 0
201 202 201 0
202 201 202 0
201 202 168 0
202 168 102 0
168 102 168 0
102 168 102 0
168 102 168 0
102 168 102 0
168 102 168 0
102 168 102 0
168 102 168 0
102 168 102 0
168 102 168 0
102 168 102 0
168 102 168 0
102 168 102 0
168 102 168 0
102 168 102 0
168 102 331 0
102 331 160 0
331 160 159 0
160 159 192 0
159 192 125 0
192 125 120 0
125 120 240 0
120 240 158 0
240 158 158 0
158 158 158 0
158 158 158 0
158 158 158 0
158 158 158 0
158 158 158 0
158 158 158 0
158 158 158 0
158 158 158 0
158 158 158 0
158 158 158 0
158 158 158 0
158 158 158 0
158 158 331 0
158 331 4 0
331 4 240 0
4 240 240 0
240 240 266 0
240 266 265 0
266 265 240 0
265 240 265 0
240 265 168 0
265 168 3 0
168 3 6 0
3 6 6 0
6 6 4 0
6 4 78 0
4 78 265 0
78 265 240 0
265 240 240 0
240 240 78 0
240 78 265 0
78 265 240 0
265 240 240 0
240 240 240 0
240 240 240 0
240 240 78 0
240 78 240 0
78 240 78 0
240 78 265 0
78 265 240 0
265 240 240 0
240 240 78 0
240 78 265 0
78 265 240 0
265 240 240 0
240 240 78 0
240 78 78 0
78 78 265 0
78 265 240 0
265 240 240 0
240 240 78 0
240 78 265 0
78 265 240 0
265 240 78 0
240 78 240 0
new
