174 6 6 0
6 6 5 0
6 5 220 0
5 220 221 0
220 221 221 0
221 221 221 0
221 221 221 0
221 221 221 0
221 221 221 0
221 221 221 0
221 221 221 0
221 221 221 0
221 221 221 0
221 221 221 0
221 221 221 0
221 221 221 0
221 221 221 0
221 221 221 0
221 221 221 0
221 221 221 0
221 221 221 0
221 221 221 0
221 221 220 0
221 220 6 0
220 6 5 0
6 5 63 0
5 63 6 0
63 6 5 0
6 5 63 0
5 63 6 0
63 6 63 0
6 63 6 0
63 6 11 0
6 11 45 0
11 45 33 0
45 33 192 0
33 192 33 0
192 33 5 0
33 5 197 0
5 197 192 0
197 192 6 0
192 6 33 0
6 33 5 0
33 5 3 0
5 3 197 0
3 197 192 0
197 192 192 0
192 192 192 0
192 192 6 0
192 6 192 0
6 192 243 0
192 243 125 0
243 125 125 0
125 125 125 0
125 125 91 0
125 91 45 0
91 45 45 0
45 45 5 0
45 5 197 0
5 197 192 0
197 192 192 0
192 192 6 0
192 6 96 0
6 96 97 0
96 97 11 0
97 11 45 0
11 45 33 0
45 33 192 0
33 192 33 0
192 33 5 0
33 5 197 0
5 197 192 0
197 192 6 0
192 6 33 0
6 33 5 0
33 5 3 0
5 3 197 0
3 197 192 0
197 192 192 0
192 192 192 0
192 192 6 0
192 6 192 0
6 192 243 0
192 243 125 0
243 125 125 0
125 125 125 0
125 125 91 0
125 91 45 0
91 45 45 0
45 45 5 0
45 5 197 0
5 197 192 0
197 192 192 0
192 192 6 0
192 6 289 0
6 289 11 0
289 11 45 0
11 45 33 0
45 33 192 0
33 192 33 0
192 33 5 0
33 5 197 0
5 197 192 0
197 192 6 0
192 6 33 0
6 33 5 0
33 5 3 0
5 3 197 0
3 197 192 0
197 192 192 0
192 192 192 0
192 192 6 0
192 6 33 0
6 33 5 0
33 5 3 0
5 3 197 0
3 197 192 0
197 192 192 0
192 192 6 0
192 6 33 0
6 33 5 0
33 5 3 0
5 3 197 0
3 197 192 0
197 192 192 0
192 192 192 0
192 192 6 0
192 6 33 0
6 33 5 0
33 5 3 0
5 3 197 0
3 197 192 0
197 192 125 0
192 125 192 0
125 192 6 0
192 6 33 0
6 33 5 0
33 5 3 0
5 3 197 0
3 197 192 0
197 192 192 0
192 192 192 0
192 192 6 0
192 6 33 0
6 33 5 0
33 5 3 0
5 3 197 0
3 197 192 0
197 192 192 0
192 192 6 0
192 6 33 0
6 33 5 0
33 5 3 0
5 3 197 0
3 197 192 0
197 192 192 0
192 192 6 0
192 6 33 0
6 33 5 0
33 5 3 0
5 3 197 0
3 197 192 0
197 192 192 0
192 192 192 0
192 192 192 0
192 192 6 0
192 6 192 0
6 192 243 0
192 243 125 0
243 125 125 0
125 125 125 0
125 125 125 0
125 125 125 0
125 125 125 0
125 125 125 0
125 125 125 0
125 125 125 0
125 125 125 0
125 125 91 0
125 91 258 0
91 258 311 0
258 311 240 0
311 240 240 0
240 240 174 0
240 174 174 0
174 174 175 0
174 175 191 0
175 191 122 0
191 122 54 0
122 54 45 0
54 45 45 0
45 45 192 0
45 192 5 0
192 5 197 0
5 197 192 0
197 192 3 0
192 3 6 0
3 6 91 0
6 91 197 0
91 197 197 0
197 197 197 0
197 197 197 0
197 197 85 0
197 85 85 0
85 85 195 0
85 195 195 0
195 195 195 0
195 195 195 0
195 195 195 0
195 195 195 0
195 195 195 0
195 195 174 0
195 174 174 0
174 174 174 0
174 174 174 0
174 174 174 0
174 174 174 0
174 174 174 0
174 174 174 0
174 174 174 0
174 174 174 0
174 174 174 0
174 174 174 0
174 174 174 0
174 174 174 0
174 174 174 0
174 174 174 0
174 174 174 0
174 174 174 0
174 174 174 0
174 174 174 0
174 174 174 0
174 174 174 0
174 174 174 0
174 174 174 0
174 174 174 0
174 174 174 0
174 174 174 0
174 174 174 0
174 174 174 0
174 174 174 0
174 174 174 0
174 174 174 0
174 174 174 0
174 174 174 0
174 174 174 0
174 174 174 0
174 174 174 0
174 174 174 0
174 174 174 0
174 174 174 0
174 174 174 0
174 174 174 0
174 174 174 0
174 174 174 0
174 174 174 0
174 174 174 0
174 174 174 0
174 174 174 0
174 174 174 0
174 174 174 0
174 174 174 0
174 174 174 0
174 174 174 0
174 174 174 0
174 174 174 0
174 174 174 0
174 174 174 0
174 174 174 0
174 174 174 0
174 174 174 0
174 174 174 0
174 174 174 0
174 174 174 0
174 174 174 0
174 174 174 0
174 174 195 0
174 195 195 0
195 195 195 0
195 195 5 0
195 5 5 0
5 5 5 0
5 5 197 0
5 197 5 0
197 5 197 0
5 197 192 0
197 192 3 0
192 3 197 0
3 197 45 0
197 45 3 0
45 3 3 0
3 3 3 0
3 3 6 0
3 6 91 0
6 91 195 0
91 195 5 0
195 5 5 0
5 5 5 0
5 5 197 0
5 197 5 0
197 5 197 0
5 197 192 0
197 192 3 0
192 3 197 0
3 197 3 0
197 3 3 0
3 3 3 0
3 3 6 0
3 6 91 0
6 91 192 0
91 192 195 0
192 195 5 0
195 5 5 0
5 5 5 0
5 5 197 0
5 197 5 0
197 5 197 0
5 197 192 0
197 192 3 0
192 3 197 0
3 197 3 0
197 3 3 0
3 3 3 0
3 3 6 0
3 6 91 0
6 91 195 0
91 195 5 0
195 5 5 0
5 5 5 0
5 5 197 0
5 197 5 0
197 5 197 0
5 197 192 0
197 192 3 0
192 3 197 0
3 197 3 0
197 3 6 0
3 6 91 0
6 91 6 0
91 6 195 0
6 195 5 0
195 5 5 0
5 5 5 0
5 5 197 0
5 197 5 0
197 5 197 0
5 197 192 0
197 192 3 0
192 3 197 0
3 197 3 0
197 3 45 0
3 45 6 0
45 6 91 0
6 91 6 0
91 6 195 0
6 195 5 0
195 5 5 0
5 5 5 0
5 5 197 0
5 197 5 0
197 5 197 0
5 197 192 0
197 192 3 0
192 3 197 0
3 197 3 0
197 3 3 0
3 3 3 0
3 3 6 0
3 6 91 0
6 91 195 0
91 195 5 0
195 5 5 0
5 5 5 0
5 5 197 0
5 197 5 0
197 5 197 0
5 197 192 0
197 192 3 0
192 3 197 0
3 197 3 0
197 3 6 0
3 6 91 0
6 91 6 0
91 6 195 0
6 195 5 0
195 5 5 0
5 5 5 0
5 5 197 0
5 197 5 0
197 5 197 0
5 197 192 0
197 192 3 0
192 3 197 0
3 197 3 0
197 3 6 0
3 6 91 0
6 91 6 0
91 6 6 0
6 6 6 0
6 6 195 0
6 195 5 0
195 5 5 0
5 5 5 0
5 5 197 0
5 197 5 0
197 5 197 0
5 197 192 0
197 192 3 0
192 3 197 0
3 197 3 0
197 3 3 0
3 3 3 0
3 3 6 0
3 6 91 0
6 91 195 0
91 195 5 0
195 5 5 0
5 5 5 0
5 5 197 0
5 197 5 0
197 5 197 0
5 197 192 0
197 192 3 0
192 3 197 0
3 197 3 0
197 3 3 0
3 3 3 0
3 3 6 0
3 6 91 0
6 91 195 0
91 195 5 0
195 5 5 0
5 5 5 0
5 5 197 0
5 197 5 0
197 5 197 0
5 197 192 0
197 192 3 0
192 3 197 0
3 197 3 0
197 3 3 0
3 3 6 0
3 6 91 0
6 91 195 0
91 195 5 0
195 5 5 0
5 5 5 0
5 5 197 0
5 197 5 0
197 5 197 0
5 197 192 0
197 192 3 0
192 3 197 0
3 197 3 0
197 3 3 0
3 3 3 0
3 3 6 0
3 6 91 0
6 91 6 0
91 6 6 0
6 6 6 0
6 6 6 0
6 6 195 0
6 195 5 0
195 5 5 0
5 5 5 0
5 5 197 0
5 197 5 0
197 5 197 0
5 197 192 0
197 192 3 0
192 3 197 0
3 197 3 0
197 3 3 0
3 3 6 0
3 6 91 0
6 91 6 0
91 6 6 0
6 6 195 0
6 195 5 0
195 5 5 0
5 5 5 0
5 5 197 0
5 197 5 0
197 5 197 0
5 197 192 0
197 192 3 0
192 3 197 0
3 197 3 0
197 3 3 0
3 3 3 0
3 3 6 0
3 6 91 0
6 91 6 0
91 6 201 0
6 201 199 0
201 199 202 0
199 202 200 0
202 200 195 0
200 195 195 0
195 195 195 0
195 195 5 0
195 5 5 0
5 5 5 0
5 5 197 0
5 197 5 0
197 5 197 0
5 197 192 0
197 192 3 0
192 3 197 0
3 197 3 0
197 3 3 0
3 3 3 0
3 3 6 0
3 6 91 0
6 91 196 0
91 196 196 0
196 196 196 0
196 196 196 0
196 196 85 0
196 85 196 0
85 196 196 0
196 196 196 0
196 196 196 0
196 196 195 0
196 195 195 0
195 195 6 0
195 6 195 0
6 195 5 0
195 5 5 0
5 5 5 0
5 5 197 0
5 197 5 0
197 5 197 0
5 197 192 0
197 192 3 0
192 3 197 0
3 197 3 0
197 3 3 0
3 3 3 0
3 3 6 0
3 6 91 0
6 91 195 0
91 195 5 0
195 5 5 0
5 5 5 0
5 5 197 0
5 197 5 0
197 5 197 0
5 197 192 0
197 192 3 0
192 3 197 0
3 197 3 0
197 3 3 0
3 3 3 0
3 3 6 0
3 6 91 0
6 91 195 0
91 195 5 0
195 5 5 0
5 5 5 0
5 5 197 0
5 197 5 0
197 5 197 0
5 197 192 0
197 192 3 0
192 3 197 0
3 197 3 0
197 3 3 0
3 3 3 0
3 3 6 0
3 6 91 0
6 91 195 0
91 195 5 0
195 5 5 0
5 5 5 0
5 5 197 0
5 197 5 0
197 5 197 0
5 197 192 0
197 192 3 0
192 3 197 0
3 197 3 0
197 3 3 0
3 3 192 0
3 192 6 0
192 6 91 0
6 91 6 0
91 6 6 0
6 6 6 0
6 6 6 0
6 6 5 0
6 5 197 0
5 197 197 0
197 197 192 0
197 192 3 0
192 3 3 0
3 3 3 0
3 3 3 0
3 3 3 0
3 3 3 0
3 3 3 0
3 3 3 0
3 3 3 0
3 3 3 0
3 3 3 0
3 3 3 0
3 3 3 0
3 3 6 0
3 6 91 0
6 91 45 0
91 45 5 0
45 5 197 0
5 197 197 0
197 197 192 0
197 192 3 0
192 3 3 0
3 3 3 0
3 3 3 0
3 3 3 0
3 3 3 0
3 3 3 0
3 3 3 0
3 3 3 0
3 3 3 0
3 3 6 0
3 6 91 0
6 91 195 0
91 195 195 0
195 195 195 0
195 195 195 0
195 195 5 0
195 5 221 0
5 221 220 0
221 220 220 0
220 220 6 0
220 6 195 0
6 195 5 0
195 5 220 0
5 220 220 0
220 220 6 0
220 6 5 0
6 5 197 0
5 197 197 0
197 197 192 0
197 192 3 0
192 3 3 0
3 3 195 0
3 195 3 0
195 3 6 0
3 6 91 0
6 91 5 0
91 5 197 0
5 197 197 0
197 197 192 0
197 192 3 0
192 3 3 0
3 3 195 0
3 195 3 0
195 3 6 0
3 6 91 0
6 91 5 0
91 5 197 0
5 197 197 0
197 197 192 0
197 192 3 0
192 3 3 0
3 3 195 0
3 195 3 0
195 3 6 0
3 6 91 0
6 91 5 0
91 5 197 0
5 197 197 0
197 197 192 0
197 192 3 0
192 3 3 0
3 3 195 0
3 195 3 0
195 3 6 0
3 6 91 0
6 91 5 0
91 5 197 0
5 197 197 0
197 197 192 0
197 192 3 0
192 3 3 0
3 3 195 0
3 195 3 0
195 3 6 0
3 6 91 0
6 91 5 0
91 5 197 0
5 197 197 0
197 197 192 0
197 192 3 0
192 3 3 0
3 3 195 0
3 195 3 0
195 3 6 0
3 6 91 0
6 91 5 0
91 5 197 0
5 197 197 0
197 197 192 0
197 192 3 0
192 3 3 0
3 3 195 0
3 195 195 0
195 195 195 0
195 195 195 0
195 195 195 0
195 195 195 0
195 195 195 0
195 195 3 0
195 3 6 0
3 6 91 0
6 91 5 0
91 5 197 0
5 197 197 0
197 197 192 0
197 192 3 0
192 3 3 0
3 3 195 0
3 195 3 0
195 3 6 0
3 6 91 0
6 91 195 0
91 195 5 0
195 5 5 0
5 5 5 0
5 5 197 0
5 197 5 0
197 5 197 0
5 197 192 0
197 192 3 0
192 3 197 0
3 197 3 0
197 3 6 0
3 6 91 0
6 91 195 0
91 195 5 0
195 5 5 0
5 5 5 0
5 5 5 0
5 5 195 0
5 195 195 0
195 195 195 0
195 195 5 0
195 5 5 0
5 5 5 0
5 5 5 0
5 5 195 0
5 195 195 0
195 195 195 0
195 195 5 0
195 5 5 0
5 5 5 0
5 5 5 0
5 5 195 0
5 195 195 0
195 195 195 0
195 195 195 0
195 195 195 0
195 195 195 0
195 195 5 0
195 5 5 0
5 5 5 0
5 5 5 0
5 5 195 0
5 195 195 0
195 195 195 0
195 195 5 0
195 5 5 0
5 5 5 0
5 5 5 0
5 5 195 0
5 195 195 0
195 195 195 0
195 195 5 0
195 5 5 0
5 5 5 0
5 5 197 0
5 197 5 0
197 5 197 0
5 197 192 0
197 192 3 0
192 3 197 0
3 197 3 0
197 3 3 0
3 3 3 0
3 3 6 0
3 6 91 0
6 91 6 0
91 6 6 0
6 6 195 0
6 195 5 0
195 5 5 0
5 5 5 0
5 5 5 0
5 5 195 0
5 195 5 0
195 5 5 0
5 5 5 0
5 5 5 0
5 5 195 0
5 195 5 0
195 5 5 0
5 5 5 0
5 5 5 0
5 5 195 0
5 195 5 0
195 5 5 0
5 5 5 0
5 5 5 0
5 5 195 0
5 195 5 0
195 5 5 0
5 5 5 0
5 5 5 0
5 5 195 0
5 195 5 0
195 5 5 0
5 5 5 0
5 5 5 0
5 5 195 0
5 195 195 0
195 195 195 0
195 195 5 0
195 5 5 0
5 5 5 0
5 5 5 0
5 5 195 0
5 195 195 0
195 195 195 0
195 195 5 0
195 5 5 0
5 5 5 0
5 5 5 0
5 5 195 0
5 195 195 0
195 195 195 0
195 195 5 0
195 5 5 0
5 5 5 0
5 5 5 0
5 5 195 0
5 195 195 0
195 195 195 0
195 195 5 0
195 5 5 0
5 5 5 0
5 5 5 0
5 5 195 0
5 195 195 0
195 195 195 0
195 195 5 0
195 5 5 0
5 5 5 0
5 5 5 0
5 5 195 0
5 195 195 0
195 195 195 0
195 195 5 0
195 5 5 0
5 5 5 0
5 5 5 0
5 5 195 0
5 195 195 0
195 195 195 0
195 195 5 0
195 5 5 0
5 5 5 0
5 5 5 0
5 5 195 0
5 195 195 0
195 195 195 0
195 195 5 0
195 5 5 0
5 5 5 0
5 5 5 0
5 5 6 0
5 6 5 0
6 5 197 0
5 197 192 0
197 192 192 0
192 192 6 0
192 6 195 0
6 195 195 0
195 195 195 0
195 195 5 0
195 5 5 0
5 5 5 0
5 5 197 0
5 197 5 0
197 5 197 0
5 197 192 0
197 192 3 0
192 3 197 0
3 197 3 0
197 3 3 0
3 3 6 0
3 6 91 0
6 91 195 0
91 195 195 0
195 195 195 0
195 195 5 0
195 5 5 0
5 5 5 0
5 5 5 0
5 5 195 0
5 195 5 0
195 5 5 0
5 5 5 0
5 5 197 0
5 197 5 0
197 5 197 0
5 197 192 0
197 192 3 0
192 3 197 0
3 197 45 0
197 45 3 0
45 3 3 0
3 3 3 0
3 3 6 0
3 6 91 0
6 91 6 0
91 6 195 0
6 195 5 0
195 5 5 0
5 5 5 0
5 5 5 0
5 5 195 0
5 195 5 0
195 5 5 0
5 5 5 0
5 5 197 0
5 197 5 0
197 5 197 0
5 197 192 0
197 192 3 0
192 3 197 0
3 197 3 0
197 3 3 0
3 3 3 0
3 3 6 0
3 6 91 0
6 91 6 0
91 6 195 0
6 195 5 0
195 5 5 0
5 5 5 0
5 5 5 0
5 5 6 0
5 6 195 0
6 195 5 0
195 5 5 0
5 5 5 0
5 5 197 0
5 197 5 0
197 5 197 0
5 197 192 0
197 192 3 0
192 3 197 0
3 197 3 0
197 3 6 0
3 6 91 0
6 91 6 0
91 6 54 0
6 54 54 0
54 54 54 0
54 54 85 0
54 85 196 0
85 196 196 0
196 196 196 0
196 196 196 0
196 196 85 0
196 85 196 0
85 196 195 0
196 195 5 0
195 5 197 0
5 197 192 0
197 192 197 0
192 197 140 0
197 140 3 0
140 3 3 0
3 3 6 0
3 6 91 0
6 91 195 0
91 195 5 0
195 5 197 0
5 197 54 0
197 54 197 0
54 197 192 0
197 192 140 0
192 140 3 0
140 3 140 0
3 140 3 0
140 3 192 0
3 192 3 0
192 3 6 0
3 6 91 0
6 91 195 0
91 195 195 0
195 195 195 0
195 195 5 0
195 5 5 0
5 5 5 0
5 5 5 0
5 5 195 0
5 195 5 0
195 5 5 0
5 5 5 0
5 5 5 0
5 5 195 0
5 195 5 0
195 5 5 0
5 5 5 0
5 5 5 0
5 5 195 0
5 195 5 0
195 5 5 0
5 5 5 0
5 5 5 0
5 5 195 0
5 195 5 0
195 5 5 0
5 5 5 0
5 5 5 0
5 5 195 0
5 195 5 0
195 5 5 0
5 5 5 0
5 5 5 0
5 5 195 0
5 195 5 0
195 5 197 0
5 197 240 0
197 240 5 0
240 5 3 0
5 3 197 0
3 197 192 0
197 192 192 0
192 192 6 0
192 6 5 0
6 5 197 0
5 197 192 0
197 192 6 0
192 6 33 0
6 33 5 0
33 5 3 0
5 3 197 0
3 197 192 0
197 192 192 0
192 192 6 0
192 6 33 0
6 33 5 0
33 5 3 0
5 3 197 0
3 197 192 0
197 192 192 0
192 192 192 0
192 192 6 0
192 6 33 0
6 33 5 0
33 5 3 0
5 3 197 0
3 197 192 0
197 192 192 0
192 192 6 0
192 6 125 0
6 125 125 0
125 125 125 0
125 125 125 0
125 125 240 0
125 240 91 0
240 91 6 0
91 6 195 0
6 195 5 0
195 5 5 0
5 5 5 0
5 5 5 0
5 5 195 0
5 195 5 0
195 5 5 0
5 5 5 0
5 5 197 0
5 197 5 0
197 5 197 0
5 197 192 0
197 192 3 0
192 3 197 0
3 197 3 0
197 3 3 0
3 3 3 0
3 3 45 0
3 45 6 0
45 6 91 0
6 91 195 0
91 195 5 0
195 5 5 0
5 5 5 0
5 5 5 0
5 5 195 0
5 195 5 0
195 5 5 0
5 5 5 0
5 5 197 0
5 197 5 0
197 5 197 0
5 197 192 0
197 192 3 0
192 3 197 0
3 197 3 0
197 3 3 0
3 3 3 0
3 3 6 0
3 6 91 0
6 91 195 0
91 195 5 0
195 5 5 0
5 5 5 0
5 5 5 0
5 5 195 0
5 195 5 0
195 5 5 0
5 5 5 0
5 5 197 0
5 197 5 0
197 5 197 0
5 197 192 0
197 192 3 0
192 3 197 0
3 197 3 0
197 3 3 0
3 3 3 0
3 3 6 0
3 6 91 0
6 91 6 0
91 6 6 0
6 6 195 0
6 195 5 0
195 5 5 0
5 5 5 0
5 5 5 0
5 5 195 0
5 195 5 0
195 5 5 0
5 5 5 0
5 5 197 0
5 197 5 0
197 5 197 0
5 197 192 0
197 192 3 0
192 3 197 0
3 197 3 0
197 3 3 0
3 3 3 0
3 3 6 0
3 6 91 0
6 91 195 0
91 195 5 0
195 5 5 0
5 5 5 0
5 5 5 0
5 5 195 0
5 195 5 0
195 5 5 0
5 5 5 0
5 5 197 0
5 197 5 0
197 5 197 0
5 197 192 0
197 192 3 0
192 3 197 0
3 197 3 0
197 3 3 0
3 3 3 0
3 3 6 0
3 6 91 0
6 91 195 0
91 195 5 0
195 5 5 0
5 5 5 0
5 5 5 0
5 5 195 0
5 195 5 0
195 5 5 0
5 5 5 0
5 5 197 0
5 197 5 0
197 5 197 0
5 197 192 0
197 192 3 0
192 3 197 0
3 197 3 0
197 3 3 0
3 3 6 0
3 6 91 0
6 91 6 0
91 6 6 0
6 6 195 0
6 195 5 0
195 5 5 0
5 5 5 0
5 5 5 0
5 5 195 0
5 195 5 0
195 5 5 0
5 5 5 0
5 5 197 0
5 197 5 0
197 5 197 0
5 197 192 0
197 192 3 0
192 3 197 0
3 197 3 0
197 3 3 0
3 3 3 0
3 3 6 0
3 6 91 0
6 91 195 0
91 195 5 0
195 5 5 0
5 5 5 0
5 5 5 0
5 5 195 0
5 195 5 0
195 5 5 0
5 5 5 0
5 5 197 0
5 197 5 0
197 5 197 0
5 197 192 0
197 192 3 0
192 3 197 0
3 197 3 0
197 3 3 0
3 3 3 0
3 3 6 0
3 6 91 0
6 91 6 0
91 6 195 0
6 195 5 0
195 5 5 0
5 5 5 0
5 5 5 0
5 5 195 0
5 195 5 0
195 5 5 0
5 5 5 0
5 5 5 0
5 5 195 0
5 195 5 0
195 5 5 0
5 5 5 0
5 5 5 0
5 5 195 0
5 195 5 0
195 5 5 0
5 5 5 0
5 5 5 0
5 5 195 0
5 195 5 0
195 5 5 0
5 5 5 0
5 5 5 0
5 5 195 0
5 195 5 0
195 5 5 0
5 5 5 0
5 5 5 0
5 5 195 0
5 195 5 0
195 5 5 0
5 5 5 0
5 5 5 0
5 5 195 0
5 195 5 0
195 5 5 0
5 5 5 0
5 5 5 0
5 5 195 0
5 195 5 0
195 5 5 0
5 5 5 0
5 5 5 0
5 5 195 0
5 195 5 0
195 5 5 0
5 5 5 0
5 5 5 0
5 5 195 0
5 195 5 0
195 5 5 0
5 5 5 0
5 5 5 0
5 5 195 0
5 195 5 0
195 5 5 0
5 5 5 0
5 5 5 0
5 5 195 0
5 195 5 0
195 5 5 0
5 5 5 0
5 5 5 0
5 5 195 0
5 195 5 0
195 5 5 0
5 5 5 0
5 5 5 0
5 5 195 0
5 195 5 0
195 5 5 0
5 5 5 0
5 5 5 0
5 5 6 0
5 6 195 0
6 195 5 0
195 5 5 0
5 5 5 0
5 5 5 0
5 5 195 0
5 195 5 0
195 5 5 0
5 5 5 0
5 5 197 0
5 197 5 0
197 5 197 0
5 197 192 0
197 192 3 0
192 3 197 0
3 197 3 0
197 3 6 0
3 6 91 0
6 91 6 0
91 6 6 0
6 6 195 0
6 195 195 0
195 195 195 0
195 195 195 0
195 195 195 0
195 195 195 0
195 195 195 0
195 195 195 0
195 195 195 0
195 195 195 0
195 195 195 0
195 195 195 0
195 195 195 0
195 195 195 0
195 195 195 0
195 195 195 0
195 195 195 0
195 195 195 0
195 195 195 0
195 195 195 0
195 195 195 0
195 195 195 0
195 195 195 0
195 195 195 0
195 195 195 0
195 195 195 0
195 195 195 0
195 195 195 0
195 195 195 0
195 195 195 0
195 195 195 0
195 195 195 0
195 195 6 0
195 6 195 0
6 195 5 0
195 5 5 0
5 5 5 0
5 5 5 0
5 5 195 0
5 195 5 0
195 5 5 0
5 5 5 0
5 5 197 0
5 197 5 0
197 5 197 0
5 197 192 0
197 192 3 0
192 3 197 0
3 197 45 0
197 45 3 0
45 3 3 0
3 3 3 0
3 3 6 0
3 6 91 0
6 91 13 0
91 13 5 0
13 5 197 0
5 197 197 0
197 197 192 0
197 192 3 0
192 3 140 0
3 140 3 0
140 3 6 0
3 6 91 0
6 91 195 0
91 195 195 0
195 195 5 0
195 5 5 0
5 5 5 0
5 5 5 0
5 5 195 0
5 195 5 0
195 5 5 0
5 5 5 0
5 5 197 0
5 197 5 0
197 5 197 0
5 197 192 0
197 192 3 0
192 3 197 0
3 197 3 0
197 3 3 0
3 3 3 0
3 3 6 0
3 6 91 0
6 91 195 0
91 195 5 0
195 5 5 0
5 5 5 0
5 5 5 0
5 5 195 0
5 195 5 0
195 5 5 0
5 5 5 0
5 5 5 0
5 5 195 0
5 195 5 0
195 5 5 0
5 5 5 0
5 5 5 0
5 5 195 0
5 195 5 0
195 5 5 0
5 5 5 0
5 5 5 0
5 5 195 0
5 195 5 0
195 5 5 0
5 5 5 0
5 5 5 0
5 5 195 0
5 195 5 0
195 5 5 0
5 5 5 0
5 5 5 0
5 5 195 0
5 195 5 0
195 5 5 0
5 5 5 0
5 5 5 0
5 5 195 0
5 195 5 0
195 5 5 0
5 5 5 0
5 5 5 0
5 5 195 0
5 195 5 0
195 5 5 0
5 5 5 0
5 5 5 0
5 5 195 0
5 195 5 0
195 5 5 0
5 5 5 0
5 5 5 0
5 5 195 0
5 195 5 0
195 5 5 0
5 5 5 0
5 5 5 0
5 5 195 0
5 195 5 0
195 5 5 0
5 5 5 0
5 5 5 0
5 5 195 0
5 195 5 0
195 5 5 0
5 5 5 0
5 5 5 0
5 5 195 0
5 195 5 0
195 5 5 0
5 5 5 0
5 5 5 0
5 5 195 0
5 195 5 0
195 5 5 0
5 5 5 0
5 5 5 0
5 5 6 0
5 6 191 0
6 191 192 0
191 192 6 0
192 6 42 0
6 42 42 0
42 42 221 0
42 221 221 0
221 221 120 0
221 120 6 0
120 6 6 0
6 6 192 0
6 192 3 0
192 3 163 0
3 163 6 0
163 6 91 0
6 91 221 0
91 221 197 0
221 197 192 0
197 192 140 0
192 140 197 0
140 197 91 0
197 91 197 0
91 197 140 0
197 140 3 0
140 3 3 0
3 3 6 0
3 6 7 0
6 7 195 0
7 195 195 0
195 195 195 0
195 195 195 0
195 195 195 0
195 195 195 0
195 195 195 0
195 195 195 0
195 195 195 0
195 195 195 0
195 195 195 0
195 195 195 0
195 195 195 0
195 195 195 0
195 195 195 0
195 195 195 0
195 195 195 0
195 195 195 0
195 195 195 0
195 195 195 0
195 195 195 0
195 195 195 0
195 195 195 0
195 195 195 0
195 195 195 0
195 195 195 0
195 195 195 0
195 195 195 0
195 195 195 0
195 195 195 0
195 195 195 0
195 195 195 0
195 195 195 0
195 195 195 0
195 195 195 0
195 195 195 0
195 195 195 0
195 195 195 0
195 195 195 0
195 195 195 0
195 195 96 0
195 96 97 0
96 97 96 0
97 96 195 0
96 195 195 0
195 195 195 0
195 195 5 0
195 5 141 0
5 141 141 0
141 141 6 0
141 6 5 0
6 5 3 0
5 3 3 0
3 3 6 0
3 6 5 0
6 5 3 0
5 3 3 0
3 3 6 0
3 6 5 0
6 5 3 0
5 3 3 0
3 3 6 0
3 6 5 0
6 5 3 0
5 3 3 0
3 3 6 0
3 6 5 0
6 5 3 0
5 3 3 0
3 3 6 0
3 6 5 0
6 5 3 0
5 3 3 0
3 3 6 0
3 6 5 0
6 5 3 0
5 3 3 0
3 3 6 0
3 6 5 0
6 5 3 0
5 3 3 0
3 3 6 0
3 6 5 0
6 5 3 0
5 3 3 0
3 3 6 0
3 6 5 0
6 5 3 0
5 3 3 0
3 3 6 0
3 6 5 0
6 5 3 0
5 3 3 0
3 3 6 0
3 6 195 0
6 195 195 0
195 195 195 0
195 195 195 0
195 195 195 0
195 195 5 0
195 5 3 0
5 3 331 0
3 331 120 0
331 120 6 0
120 6 221 0
6 221 197 0
221 197 192 0
197 192 3 0
192 3 6 0
3 6 7 0
6 7 91 0
7 91 3 0
91 3 6 0
3 6 195 0
6 195 195 0
195 195 5 0
195 5 141 0
5 141 141 0
141 141 6 0
141 6 5 0
6 5 3 0
5 3 3 0
3 3 6 0
3 6 195 0
6 195 195 0
195 195 195 0
195 195 195 0
195 195 5 0
195 5 141 0
5 141 141 0
141 141 6 0
141 6 195 0
6 195 195 0
195 195 195 0
195 195 195 0
195 195 195 0
195 195 195 0
195 195 195 0
195 195 195 0
195 195 195 0
195 195 195 0
195 195 195 0
195 195 195 0
195 195 195 0
195 195 195 0
195 195 195 0
195 195 195 0
195 195 195 0
195 195 195 0
195 195 195 0
195 195 195 0
195 195 195 0
195 195 195 0
195 195 195 0
195 195 195 0
195 195 195 0
195 195 195 0
195 195 33 0
195 33 192 0
33 192 195 0
192 195 5 0
195 5 221 0
5 221 197 0
221 197 192 0
197 192 331 0
192 331 120 0
331 120 6 0
120 6 221 0
6 221 197 0
221 197 192 0
197 192 3 0
192 3 6 0
3 6 7 0
6 7 91 0
7 91 195 0
91 195 195 0
195 195 195 0
195 195 195 0
195 195 195 0
195 195 195 0
195 195 195 0
195 195 195 0
195 195 195 0
195 195 195 0
195 195 195 0
195 195 195 0
195 195 195 0
195 195 195 0
195 195 195 0
195 195 195 0
195 195 195 0
195 195 195 0
195 195 195 0
195 195 195 0
195 195 195 0
195 195 195 0
195 195 195 0
195 195 195 0
195 195 195 0
195 195 195 0
195 195 195 0
195 195 195 0
195 195 195 0
195 195 195 0
195 195 195 0
195 195 195 0
195 195 195 0
195 195 195 0
195 195 195 0
195 195 195 0
195 195 195 0
195 195 195 0
195 195 195 0
195 195 195 0
195 195 195 0
195 195 195 0
195 195 195 0
195 195 195 0
195 195 195 0
195 195 195 0
195 195 195 0
195 195 195 0
195 195 195 0
195 195 195 0
195 195 195 0
195 195 195 0
195 195 195 0
195 195 195 0
195 195 195 0
195 195 195 0
195 195 195 0
195 195 195 0
195 195 195 0
195 195 195 0
195 195 195 0
195 195 195 0
195 195 195 0
195 195 195 0
195 195 195 0
195 195 195 0
195 195 195 0
195 195 195 0
195 195 195 0
195 195 195 0
195 195 195 0
195 195 195 0
195 195 195 0
195 195 195 0
195 195 195 0
195 195 195 0
195 195 195 0
195 195 195 0
195 195 195 0
195 195 195 0
195 195 195 0
195 195 195 0
195 195 195 0
195 195 195 0
195 195 195 0
195 195 195 0
195 195 195 0
195 195 195 0
195 195 195 0
195 195 195 0
195 195 195 0
195 195 195 0
195 195 195 0
195 195 195 0
195 195 195 0
195 195 195 0
195 195 195 0
195 195 195 0
195 195 195 0
195 195 195 0
195 195 195 0
195 195 195 0
195 195 195 0
195 195 195 0
195 195 195 0
195 195 144 0
195 144 91 0
144 91 6 0
91 6 5 0
6 5 221 0
5 221 197 0
221 197 197 0
197 197 3 0
197 3 195 0
3 195 331 0
195 331 120 0
331 120 6 0
120 6 221 0
6 221 197 0
221 197 192 0
197 192 3 0
192 3 6 0
3 6 7 0
6 7 91 0
7 91 195 0
91 195 5 0
195 5 221 0
5 221 197 0
221 197 192 0
197 192 140 0
192 140 3 0
140 3 221 0
3 221 3 0
221 3 195 0
3 195 197 0
195 197 3 0
197 3 3 0
3 3 3 0
3 3 3 0
3 3 3 0
3 3 3 0
3 3 78 0
3 78 3 0
78 3 3 0
3 3 3 0
3 3 3 0
3 3 3 0
3 3 3 0
3 3 78 0
3 78 3 0
78 3 3 0
3 3 3 0
3 3 3 0
3 3 3 0
3 3 3 0
3 3 78 0
3 78 3 0
78 3 3 0
3 3 3 0
3 3 3 0
3 3 3 0
3 3 3 0
3 3 78 0
3 78 3 0
78 3 3 0
3 3 3 0
3 3 3 0
3 3 3 0
3 3 3 0
3 3 78 0
3 78 3 0
78 3 3 0
3 3 3 0
3 3 3 0
3 3 3 0
3 3 3 0
3 3 78 0
3 78 3 0
78 3 3 0
3 3 3 0
3 3 3 0
3 3 3 0
3 3 3 0
3 3 78 0
3 78 3 0
78 3 3 0
3 3 3 0
3 3 3 0
3 3 3 0
3 3 3 0
3 3 78 0
3 78 3 0
78 3 3 0
3 3 3 0
3 3 3 0
3 3 3 0
3 3 3 0
3 3 3 0
3 3 3 0
3 3 78 0
3 78 3 0
78 3 3 0
3 3 3 0
3 3 3 0
3 3 3 0
3 3 3 0
3 3 3 0
3 3 3 0
3 3 78 0
3 78 3 0
78 3 3 0
3 3 3 0
3 3 3 0
3 3 3 0
3 3 3 0
3 3 78 0
3 78 3 0
78 3 3 0
3 3 3 0
3 3 3 0
3 3 3 0
3 3 3 0
3 3 78 0
3 78 3 0
78 3 3 0
3 3 3 0
3 3 3 0
3 3 3 0
3 3 3 0
3 3 3 0
3 3 3 0
3 3 78 0
3 78 3 0
78 3 3 0
3 3 3 0
3 3 3 0
3 3 3 0
3 3 3 0
3 3 78 0
3 78 3 0
78 3 3 0
3 3 3 0
3 3 3 0
3 3 3 0
3 3 3 0
3 3 3 0
3 3 3 0
3 3 78 0
3 78 3 0
78 3 3 0
3 3 6 0
3 6 91 0
6 91 6 0
91 6 331 0
6 331 120 0
331 120 6 0
120 6 221 0
6 221 197 0
221 197 192 0
197 192 3 0
192 3 6 0
3 6 7 0
6 7 91 0
7 91 192 0
91 192 195 0
192 195 195 0
195 195 195 0
195 195 5 0
195 5 141 0
5 141 141 0
141 141 6 0
141 6 192 0
6 192 192 0
192 192 78 0
192 78 78 0
78 78 78 0
78 78 78 0
78 78 78 0
78 78 78 0
78 78 78 0
78 78 78 0
78 78 78 0
78 78 78 0
78 78 78 0
78 78 78 0
78 78 78 0
78 78 78 0
78 78 78 0
78 78 78 0
78 78 78 0
78 78 78 0
78 78 78 0
78 78 78 0
78 78 78 0
78 78 78 0
78 78 78 0
78 78 78 0
78 78 78 0
78 78 78 0
78 78 78 0
78 78 78 0
78 78 78 0
78 78 78 0
78 78 78 0
78 78 78 0
78 78 78 0
78 78 78 0
78 78 78 0
78 78 78 0
78 78 78 0
78 78 78 0
78 78 78 0
78 78 78 0
78 78 78 0
78 78 78 0
78 78 78 0
78 78 78 0
78 78 78 0
78 78 78 0
78 78 78 0
78 78 78 0
78 78 78 0
78 78 78 0
78 78 78 0
78 78 78 0
78 78 78 0
78 78 78 0
78 78 78 0
78 78 78 0
78 78 78 0
78 78 78 0
78 78 78 0
78 78 78 0
78 78 78 0
78 78 78 0
78 78 78 0
78 78 78 0
78 78 78 0
78 78 78 0
78 78 78 0
78 78 78 0
78 78 78 0
78 78 78 0
78 78 78 0
78 78 78 0
78 78 78 0
78 78 78 0
78 78 78 0
78 78 78 0
78 78 78 0
78 78 78 0
78 78 78 0
78 78 78 0
78 78 78 0
78 78 78 0
78 78 78 0
78 78 78 0
78 78 78 0
78 78 78 0
78 78 78 0
78 78 78 0
78 78 78 0
78 78 78 0
78 78 78 0
78 78 78 0
78 78 78 0
78 78 78 0
78 78 78 0
78 78 78 0
78 78 78 0
78 78 78 0
78 78 78 0
78 78 78 0
78 78 78 0
78 78 195 0
78 195 5 0
195 5 221 0
5 221 197 0
221 197 3 0
197 3 3 0
3 3 78 0
3 78 78 0
78 78 78 0
78 78 78 0
78 78 78 0
78 78 78 0
78 78 78 0
78 78 78 0
78 78 78 0
78 78 78 0
78 78 78 0
78 78 78 0
78 78 78 0
78 78 78 0
78 78 78 0
78 78 78 0
78 78 78 0
78 78 78 0
78 78 78 0
78 78 78 0
78 78 78 0
78 78 78 0
78 78 78 0
78 78 78 0
78 78 78 0
78 78 78 0
78 78 78 0
78 78 78 0
78 78 78 0
78 78 78 0
78 78 78 0
78 78 78 0
78 78 78 0
78 78 78 0
78 78 78 0
78 78 78 0
78 78 78 0
78 78 78 0
78 78 78 0
78 78 78 0
78 78 78 0
78 78 78 0
78 78 78 0
78 78 78 0
78 78 78 0
78 78 78 0
78 78 78 0
78 78 78 0
78 78 78 0
78 78 78 0
78 78 78 0
78 78 78 0
78 78 78 0
78 78 78 0
78 78 78 0
78 78 78 0
78 78 78 0
78 78 78 0
78 78 78 0
78 78 78 0
78 78 78 0
78 78 78 0
78 78 78 0
78 78 78 0
78 78 78 0
78 78 78 0
78 78 78 0
78 78 78 0
78 78 78 0
78 78 78 0
78 78 78 0
78 78 78 0
78 78 78 0
78 78 78 0
78 78 78 0
78 78 78 0
78 78 78 0
78 78 78 0
78 78 78 0
78 78 78 0
78 78 78 0
78 78 78 0
78 78 78 0
78 78 78 0
78 78 78 0
78 78 78 0
78 78 78 0
78 78 78 0
78 78 78 0
78 78 78 0
78 78 78 0
78 78 78 0
78 78 78 0
78 78 78 0
78 78 78 0
78 78 78 0
78 78 78 0
78 78 78 0
78 78 78 0
78 78 6 0
78 6 195 0
6 195 195 0
195 195 91 0
195 91 91 0
91 91 192 0
91 192 45 0
192 45 195 0
45 195 5 0
195 5 221 0
5 221 197 0
221 197 3 0
197 3 3 0
3 3 6 0
3 6 45 0
6 45 45 0
45 45 45 0
45 45 45 0
45 45 45 0
45 45 45 0
45 45 4 0
45 4 91 0
4 91 91 0
91 91 91 0
91 91 174 0
new
240 195 195 0
195 195 195 0
195 195 180 0
195 180 78 0
180 78 142 0
78 142 4 0
142 4 10 0
4 10 181 0
10 181 180 0
181 180 118 0
180 118 240 0
118 240 195 0
240 195 195 0
195 195 142 0
195 142 181 0
142 181 181 0
181 181 181 0
181 181 181 0
181 181 181 0
181 181 181 0
181 181 181 0
181 181 181 0
181 181 181 0
181 181 181 0
181 181 118 0
181 118 180 0
118 180 38 0
180 38 4 0
38 4 195 0
4 195 195 0
195 195 78 0
195 78 142 0
78 142 240 0
142 240 240 0
240 240 240 0
240 240 4 0
240 4 78 0
4 78 195 0
78 195 195 0
195 195 195 0
195 195 78 0
195 78 142 0
78 142 118 0
142 118 180 0
118 180 118 0
180 118 180 0
118 180 240 0
180 240 78 0
240 78 240 0
78 240 142 0
240 142 78 0
142 78 142 0
78 142 78 0
142 78 181 0
78 181 181 0
181 181 181 0
181 181 10 0
181 10 118 0
10 118 118 0
118 118 118 0
118 118 118 0
118 118 240 0
118 240 240 0
240 240 240 0
240 240 240 0
240 240 240 0
240 240 240 0
240 240 142 0
240 142 142 0
142 142 142 0
142 142 78 0
142 78 142 0
78 142 142 0
142 142 142 0
142 142 181 0
142 181 181 0
181 181 118 0
181 118 118 0
118 118 118 0
118 118 118 0
118 118 5 0
118 5 180 0
5 180 78 0
180 78 142 0
78 142 142 0
142 142 78 0
142 78 142 0
78 142 118 0
142 118 118 0
118 118 142 0
118 142 142 0
142 142 142 0
142 142 78 0
142 78 181 0
78 181 181 0
181 181 181 0
181 181 118 0
181 118 38 0
118 38 5 0
38 5 4 0
5 4 142 0
4 142 142 0
142 142 78 0
142 78 181 0
78 181 180 0
181 180 181 0
180 181 180 0
181 180 181 0
180 181 118 0
181 118 118 0
118 118 6 0
118 6 240 0
6 240 240 0
240 240 240 0
240 240 240 0
240 240 240 0
240 240 240 0
240 240 240 0
240 240 142 0
240 142 78 0
142 78 78 0
78 78 78 0
78 78 78 0
78 78 118 0
78 118 118 0
118 118 118 0
118 118 118 0
118 118 142 0
118 142 142 0
142 142 142 0
142 142 142 0
142 142 142 0
142 142 78 0
142 78 195 0
78 195 4 0
195 4 10 0
4 10 180 0
10 180 181 0
180 181 181 0
181 181 181 0
181 181 181 0
181 181 10 0
181 10 118 0
10 118 38 0
118 38 118 0
38 118 118 0
118 118 118 0
118 118 180 0
118 180 78 0
180 78 142 0
78 142 142 0
142 142 181 0
142 181 181 0
181 181 118 0
181 118 240 0
118 240 195 0
240 195 240 0
195 240 10 0
240 10 142 0
10 142 78 0
142 78 142 0
78 142 142 0
142 142 78 0
142 78 195 0
78 195 78 0
195 78 180 0
new
168 168 265 0
168 265 168 0
265 168 3 0
168 3 168 0
3 168 168 0
168 168 168 0
168 168 168 0
168 168 168 0
168 168 3 0
168 3 168 0
3 168 265 0
168 265 265 0
265 265 168 0
265 168 3 0
168 3 168 0
3 168 168 0
168 168 168 0
168 168 265 0
168 265 3 0
265 3 168 0
3 168 3 0
168 3 265 0
3 265 168 0
265 168 168 0
168 168 168 0
168 168 168 0
168 168 168 0
168 168 3 0
168 3 168 0
3 168 168 0
168 168 168 0
168 168 168 0
168 168 168 0
168 168 168 0
168 168 168 0
168 168 168 0
168 168 3 0
168 3 265 0
3 265 265 0
265 265 265 0
265 265 168 0
265 168 3 0
168 3 168 0
3 168 168 0
168 168 168 0
168 168 168 0
168 168 3 0
168 3 168 0
3 168 168 0
168 168 3 0
168 3 265 0
3 265 168 0
265 168 3 0
168 3 91 0
3 91 3 0
91 3 5 0
3 5 91 0
5 91 146 0
91 146 3 0
146 3 146 0
3 146 168 0
146 168 3 0
168 3 5 0
3 5 265 0
5 265 265 0
265 265 168 0
265 168 3 0
168 3 3 0
3 3 168 0
3 168 78 0
168 78 146 0
78 146 265 0
146 265 3 0
265 3 265 0
3 265 168 0
265 168 168 0
168 168 265 0
168 265 3 0
265 3 3 0
3 3 265 0
3 265 168 0
265 168 265 0
168 265 168 0
265 168 265 0
168 265 168 0
265 168 265 0
168 265 168 0
265 168 265 0
168 265 168 0
265 168 265 0
168 265 3 0
265 3 265 0
3 265 168 0
265 168 168 0
168 168 3 0
168 3 168 0
3 168 265 0
168 265 3 0
265 3 168 0
3 168 3 0
168 3 265 0
3 265 168 0
265 168 265 0
168 265 265 0
265 265 168 0
265 168 168 0
168 168 265 0
168 265 168 0
265 168 3 0
168 3 3 0
3 3 168 0
3 168 168 0
168 168 3 0
168 3 78 0
3 78 168 0
78 168 168 0
168 168 3 0
168 3 265 0
3 265 265 0
265 265 3 0
265 3 168 0
3 168 168 0
168 168 3 0
168 3 168 0
3 168 168 0
168 168 168 0
168 168 168 0
168 168 168 0
168 168 168 0
168 168 3 0
168 3 3 0
3 3 6 0
3 6 91 0
6 91 3 0
91 3 168 0
3 168 140 0
168 140 3 0
140 3 168 0
3 168 3 0
168 3 3 0
3 3 3 0
3 3 3 0
3 3 168 0
3 168 168 0
168 168 168 0
168 168 265 0
168 265 3 0
265 3 168 0
3 168 265 0
168 265 168 0
265 168 168 0
168 168 265 0
168 265 265 0
265 265 168 0
265 168 168 0
168 168 3 0
168 3 168 0
3 168 265 0
168 265 168 0
265 168 168 0
168 168 3 0
168 3 168 0
3 168 168 0
168 168 168 0
168 168 168 0
168 168 265 0
168 265 3 0
265 3 168 0
3 168 168 0
168 168 3 0
168 3 168 0
3 168 265 0
168 265 3 0
265 3 168 0
3 168 265 0
168 265 3 0
265 3 265 0
3 265 168 0
265 168 168 0
168 168 168 0
168 168 168 0
168 168 168 0
168 168 3 0
168 3 3 0
3 3 168 0
3 168 168 0
168 168 265 0
168 265 168 0
265 168 168 0
168 168 168 0
168 168 168 0
168 168 265 0
168 265 168 0
265 168 168 0
168 168 3 0
168 3 265 0
3 265 168 0
265 168 168 0
168 168 192 0
168 192 168 0
192 168 3 0
168 3 3 0
3 3 168 0
3 168 3 0
168 3 3 0
3 3 146 0
3 146 168 0
146 168 3 0
168 3 3 0
3 3 168 0
3 168 168 0
168 168 168 0
168 168 3 0
168 3 168 0
3 168 265 0
168 265 168 0
265 168 168 0
168 168 168 0
168 168 168 0
168 168 168 0
168 168 168 0
168 168 168 0
168 168 265 0
168 265 3 0
265 3 168 0
3 168 168 0
168 168 168 0
168 168 168 0
168 168 168 0
168 168 168 0
168 168 168 0
168 168 265 0
168 265 168 0
265 168 168 0
168 168 168 0
168 168 168 0
168 168 168 0
168 168 168 0
168 168 3 0
168 3 168 0
3 168 265 0
168 265 168 0
265 168 3 0
168 3 168 0
3 168 168 0
168 168 168 0
168 168 265 0
168 265 3 0
265 3 265 0
3 265 265 0
265 265 168 0
265 168 3 0
168 3 91 0
3 91 168 0
91 168 146 0
168 146 168 0
146 168 146 0
168 146 168 0
146 168 265 0
168 265 168 0
265 168 265 0
168 265 168 0
265 168 265 0
168 265 265 0
265 265 168 0
265 168 168 0
168 168 265 0
168 265 265 0
265 265 265 0
265 265 3 0
265 3 265 0
3 265 3 0
265 3 168 0
3 168 168 0
168 168 3 0
168 3 3 0
3 3 3 0
3 3 3 0
3 3 3 0
3 3 168 0
3 168 168 0
168 168 168 0
168 168 265 0
168 265 265 0
265 265 168 0
265 168 168 0
168 168 3 0
168 3 265 0
3 265 168 0
265 168 168 0
168 168 265 0
168 265 3 0
265 3 146 0
3 146 3 0
146 3 168 0
3 168 265 0
168 265 168 0
265 168 168 0
168 168 265 0
168 265 3 0
265 3 168 0
3 168 168 0
168 168 168 0
168 168 168 0
168 168 168 0
168 168 168 0
168 168 265 0
168 265 168 0
265 168 168 0
168 168 265 0
168 265 168 0
265 168 168 0
168 168 265 0
168 265 168 0
265 168 265 0
168 265 168 0
265 168 265 0
168 265 168 0
265 168 168 0
168 168 168 0
168 168 168 0
168 168 168 0
168 168 168 0
168 168 168 0
168 168 168 0
168 168 265 0
168 265 3 0
265 3 265 0
3 265 3 0
265 3 3 0
3 3 265 0
3 265 168 0
265 168 3 0
168 3 168 0
3 168 265 0
168 265 168 0
265 168 168 0
168 168 168 0
168 168 3 0
168 3 3 0
3 3 3 0
3 3 168 0
3 168 78 0
168 78 168 0
78 168 3 0
168 3 168 0
3 168 168 0
168 168 168 0
168 168 168 0
168 168 3 0
168 3 197 0
3 197 168 0
197 168 3 0
168 3 197 0
3 197 168 0
197 168 168 0
168 168 3 0
168 3 3 0
3 3 3 0
3 3 78 0
3 78 265 0
78 265 168 0
265 168 3 0
168 3 3 0
3 3 3 0
3 3 168 0
3 168 168 0
168 168 168 0
168 168 3 0
168 3 168 0
3 168 168 0
168 168 168 0
168 168 168 0
168 168 168 0
168 168 168 0
168 168 3 0
168 3 168 0
3 168 146 0
168 146 146 0
146 146 265 0
146 265 3 0
265 3 3 0
3 3 3 0
3 3 265 0
3 265 168 0
265 168 3 0
168 3 3 0
3 3 3 0
3 3 265 0
3 265 265 0
265 265 168 0
265 168 3 0
168 3 265 0
3 265 265 0
265 265 168 0
265 168 265 0
168 265 265 0
265 265 168 0
265 168 168 0
168 168 168 0
168 168 168 0
168 168 168 0
168 168 3 0
168 3 168 0
3 168 168 0
168 168 168 0
168 168 265 0
168 265 168 0
265 168 265 0
168 265 168 0
265 168 168 0
168 168 168 0
168 168 265 0
168 265 168 0
265 168 3 0
168 3 168 0
3 168 192 0
168 192 168 0
192 168 168 0
168 168 265 0
168 265 3 0
265 3 3 0
3 3 3 0
3 3 3 0
3 3 3 0
3 3 168 0
3 168 3 0
168 3 168 0
3 168 3 0
168 3 265 0
3 265 168 0
265 168 168 0
168 168 3 0
168 3 265 0
3 265 168 0
265 168 3 0
168 3 265 0
3 265 168 0
265 168 3 0
168 3 168 0
3 168 3 0
168 3 3 0
3 3 3 0
3 3 168 0
3 168 168 0
168 168 168 0
168 168 168 0
168 168 3 0
168 3 168 0
3 168 168 0
168 168 265 0
168 265 3 0
265 3 3 0
3 3 265 0
3 265 168 0
265 168 168 0
168 168 168 0
168 168 3 0
168 3 265 0
3 265 168 0
265 168 168 0
168 168 168 0
168 168 265 0
168 265 168 0
265 168 168 0
168 168 3 0
168 3 168 0
3 168 3 0
168 3 168 0
3 168 168 0
168 168 168 0
168 168 3 0
168 3 265 0
3 265 3 0
265 3 265 0
3 265 265 0
265 265 265 0
265 265 3 0
265 3 168 0
3 168 168 0
168 168 168 0
168 168 3 0
168 3 168 0
3 168 3 0
168 3 168 0
3 168 168 0
168 168 168 0
168 168 265 0
168 265 168 0
265 168 3 0
168 3 168 0
3 168 3 0
168 3 265 0
3 265 265 0
265 265 168 0
265 168 168 0
168 168 168 0
168 168 168 0
168 168 168 0
168 168 168 0
168 168 265 0
168 265 3 0
265 3 265 0
3 265 168 0
265 168 168 0
168 168 265 0
168 265 3 0
265 3 168 0
3 168 3 0
168 3 265 0
3 265 168 0
265 168 168 0
168 168 168 0
168 168 3 0
168 3 168 0
3 168 3 0
168 3 3 0
3 3 168 0
3 168 3 0
168 3 168 0
3 168 3 0
168 3 168 0
3 168 168 0
168 168 168 0
168 168 3 0
168 3 3 0
3 3 265 0
3 265 168 0
265 168 3 0
168 3 3 0
3 3 3 0
3 3 265 0
3 265 168 0
265 168 168 0
168 168 168 0
168 168 168 0
168 168 168 0
168 168 168 0
168 168 168 0
168 168 265 0
168 265 3 0
265 3 3 0
3 3 168 0
3 168 168 0
168 168 265 0
168 265 168 0
265 168 3 0
168 3 3 0
3 3 265 0
3 265 3 0
265 3 3 0
3 3 265 0
3 265 168 0
265 168 265 0
168 265 3 0
265 3 265 0
3 265 265 0
265 265 3 0
265 3 265 0
3 265 265 0
265 265 3 0
265 3 3 0
3 3 265 0
3 265 3 0
265 3 168 0
3 168 168 0
168 168 168 0
168 168 168 0
168 168 168 0
168 168 265 0
168 265 168 0
265 168 3 0
168 3 3 0
3 3 168 0
3 168 168 0
168 168 168 0
168 168 168 0
168 168 3 0
168 3 265 0
3 265 168 0
265 168 265 0
168 265 3 0
265 3 168 0
3 168 265 0
168 265 168 0
265 168 265 0
168 265 168 0
265 168 168 0
168 168 265 0
168 265 3 0
265 3 168 0
3 168 3 0
168 3 3 0
3 3 168 0
3 168 168 0
168 168 168 0
168 168 265 0
168 265 3 0
265 3 265 0
3 265 168 0
265 168 265 0
168 265 265 0
265 265 168 0
265 168 265 0
168 265 3 0
265 3 168 0
3 168 265 0
168 265 146 0
265 146 265 0
146 265 3 0
265 3 168 0
3 168 3 0
168 3 168 0
3 168 168 0
168 168 168 0
168 168 265 0
168 265 3 0
265 3 168 0
3 168 265 0
168 265 265 0
265 265 265 0
265 265 168 0
265 168 168 0
168 168 168 0
168 168 3 0
168 3 168 0
3 168 168 0
168 168 168 0
168 168 168 0
168 168 168 0
168 168 265 0
168 265 168 0
265 168 3 0
168 3 168 0
3 168 265 0
168 265 3 0
265 3 168 0
3 168 265 0
168 265 3 0
265 3 265 0
3 265 168 0
265 168 3 0
168 3 3 0
3 3 3 0
3 3 3 0
3 3 265 0
3 265 168 0
265 168 168 0
168 168 3 0
168 3 168 0
3 168 168 0
168 168 265 0
168 265 168 0
265 168 168 0
168 168 265 0
168 265 168 0
265 168 265 0
168 265 168 0
265 168 168 0
168 168 168 0
168 168 265 0
168 265 168 0
265 168 265 0
168 265 265 0
265 265 168 0
265 168 3 0
168 3 3 0
3 3 168 0
3 168 168 0
168 168 168 0
168 168 168 0
168 168 168 0
168 168 168 0
168 168 168 0
168 168 3 0
168 3 3 0
3 3 168 0
3 168 168 0
168 168 168 0
168 168 168 0
168 168 168 0
168 168 168 0
168 168 168 0
168 168 168 0
168 168 3 0
168 3 265 0
3 265 3 0
265 3 168 0
3 168 265 0
168 265 3 0
265 3 265 0
3 265 3 0
265 3 168 0
3 168 168 0
168 168 3 0
168 3 265 0
3 265 168 0
265 168 3 0
168 3 265 0
3 265 265 0
265 265 265 0
265 265 168 0
265 168 3 0
168 3 3 0
3 3 265 0
3 265 265 0
265 265 168 0
265 168 265 0
168 265 3 0
265 3 265 0
3 265 3 0
265 3 265 0
3 265 168 0
265 168 265 0
168 265 168 0
265 168 168 0
168 168 168 0
168 168 265 0
168 265 3 0
265 3 3 0
3 3 265 0
3 265 168 0
265 168 168 0
168 168 3 0
168 3 265 0
3 265 265 0
265 265 265 0
265 265 168 0
265 168 168 0
168 168 3 0
168 3 168 0
3 168 168 0
168 168 3 0
168 3 168 0
3 168 168 0
168 168 168 0
168 168 265 0
168 265 168 0
265 168 168 0
168 168 168 0
168 168 265 0
168 265 3 0
265 3 168 0
3 168 265 0
168 265 168 0
265 168 3 0
168 3 168 0
3 168 168 0
168 168 265 0
168 265 168 0
265 168 265 0
168 265 168 0
265 168 265 0
168 265 3 0
265 3 168 0
3 168 3 0
168 3 168 0
3 168 168 0
168 168 265 0
168 265 168 0
265 168 168 0
168 168 168 0
168 168 3 0
168 3 168 0
3 168 3 0
168 3 168 0
3 168 3 0
168 3 5 0
3 5 168 0
5 168 168 0
168 168 168 0
168 168 168 0
168 168 265 0
168 265 168 0
265 168 168 0
168 168 168 0
168 168 168 0
168 168 168 0
168 168 168 0
168 168 265 0
168 265 168 0
265 168 168 0
168 168 168 0
168 168 168 0
168 168 265 0
168 265 3 0
265 3 3 0
3 3 168 0
3 168 168 0
168 168 168 0
168 168 265 0
168 265 168 0
265 168 3 0
168 3 168 0
3 168 168 0
168 168 168 0
168 168 168 0
168 168 168 0
168 168 168 0
168 168 265 0
168 265 168 0
265 168 168 0
168 168 168 0
168 168 168 0
168 168 168 0
168 168 168 0
168 168 168 0
168 168 168 0
168 168 168 0
168 168 168 0
168 168 168 0
168 168 168 0
168 168 3 0
168 3 3 0
3 3 265 0
3 265 265 0
265 265 168 0
265 168 265 0
168 265 168 0
265 168 168 0
168 168 168 0
168 168 265 0
168 265 265 0
265 265 3 0
265 3 265 0
3 265 265 0
265 265 168 0
265 168 168 0
168 168 265 0
168 265 265 0
265 265 168 0
265 168 265 0
168 265 168 0
265 168 168 0
168 168 265 0
168 265 168 0
265 168 168 0
168 168 168 0
168 168 265 0
168 265 265 0
265 265 168 0
265 168 168 0
168 168 168 0
168 168 3 0
168 3 168 0
3 168 168 0
168 168 265 0
168 265 265 0
265 265 168 0
265 168 3 0
168 3 168 0
3 168 3 0
168 3 3 0
3 3 168 0
3 168 168 0
168 168 265 0
168 265 168 0
265 168 265 0
168 265 265 0
265 265 168 0
265 168 265 0
168 265 3 0
265 3 3 0
3 3 265 0
3 265 3 0
265 3 3 0
3 3 168 0
3 168 168 0
168 168 168 0
168 168 168 0
168 168 265 0
168 265 168 0
265 168 265 0
168 265 168 0
265 168 168 0
168 168 168 0
168 168 3 0
168 3 168 0
3 168 3 0
168 3 3 0
3 3 265 0
3 265 265 0
265 265 168 0
265 168 168 0
168 168 168 0
168 168 168 0
168 168 168 0
168 168 168 0
168 168 265 0
168 265 3 0
265 3 168 0
3 168 3 0
168 3 3 0
3 3 168 0
3 168 265 0
168 265 168 0
265 168 265 0
168 265 168 0
265 168 168 0
168 168 265 0
168 265 168 0
265 168 265 0
168 265 168 0
265 168 168 0
168 168 3 0
168 3 265 0
3 265 3 0
265 3 168 0
3 168 265 0
168 265 168 0
265 168 168 0
168 168 265 0
168 265 3 0
265 3 168 0
3 168 168 0
168 168 265 0
168 265 168 0
265 168 168 0
168 168 168 0
168 168 3 0
168 3 168 0
3 168 168 0
168 168 168 0
168 168 265 0
168 265 265 0
265 265 3 0
265 3 3 0
3 3 3 0
3 3 3 0
3 3 146 0
3 146 3 0
146 3 146 0
3 146 146 0
146 146 146 0
146 146 168 0
146 168 168 0
168 168 3 0
168 3 168 0
3 168 168 0
168 168 168 0
168 168 168 0
168 168 265 0
168 265 168 0
265 168 168 0
168 168 3 0
168 3 265 0
3 265 168 0
265 168 168 0
168 168 168 0
168 168 265 0
168 265 168 0
265 168 168 0
168 168 265 0
168 265 168 0
265 168 3 0
168 3 3 0
3 3 3 0
3 3 168 0
3 168 168 0
168 168 3 0
168 3 265 0
3 265 3 0
265 3 168 0
3 168 168 0
168 168 3 0
168 3 168 0
3 168 3 0
168 3 168 0
3 168 3 0
168 3 168 0
3 168 168 0
168 168 168 0
168 168 3 0
168 3 168 0
3 168 195 0
168 195 78 0
195 78 91 0
78 91 195 0
91 195 195 0
195 195 3 0
195 3 195 0
3 195 195 0
195 195 78 0
195 78 195 0
78 195 195 0
195 195 195 0
195 195 195 0
195 195 195 0
195 195 195 0
195 195 195 0
195 195 195 0
195 195 195 0
195 195 195 0
195 195 195 0
195 195 195 0
195 195 195 0
195 195 195 0
195 195 195 0
195 195 195 0
195 195 195 0
195 195 195 0
195 195 195 0
195 195 195 0
195 195 195 0
195 195 195 0
195 195 195 0
195 195 195 0
195 195 5 0
195 5 195 0
5 195 195 0
195 195 195 0
195 195 195 0
195 195 195 0
195 195 195 0
195 195 78 0
195 78 6 0
78 6 3 0
6 3 3 0
3 3 168 0
3 168 3 0
168 3 5 0
3 5 6 0
5 6 146 0
6 146 3 0
146 3 5 0
3 5 6 0
5 6 168 0
6 168 168 0
168 168 168 0
168 168 265 0
168 265 265 0
265 265 78 0
265 78 168 0
78 168 146 0
168 146 168 0
146 168 168 0
168 168 3 0
168 3 78 0
3 78 168 0
78 168 168 0
168 168 265 0
168 265 168 0
265 168 3 0
168 3 265 0
3 265 3 0
265 3 265 0
3 265 168 0
265 168 168 0
168 168 3 0
168 3 3 0
3 3 168 0
3 168 3 0
168 3 168 0
3 168 265 0
168 265 168 0
265 168 168 0
168 168 3 0
168 3 146 0
3 146 168 0
146 168 3 0
168 3 146 0
3 146 3 0
146 3 265 0
3 265 3 0
265 3 265 0
3 265 265 0
265 265 168 0
265 168 168 0
168 168 168 0
168 168 3 0
168 3 265 0
3 265 265 0
265 265 168 0
265 168 168 0
168 168 168 0
168 168 168 0
168 168 146 0
168 146 168 0
146 168 146 0
168 146 168 0
146 168 168 0
168 168 146 0
168 146 168 0
146 168 168 0
168 168 168 0
168 168 146 0
168 146 168 0
146 168 168 0
168 168 3 0
168 3 168 0
3 168 168 0
168 168 146 0
168 146 168 0
146 168 265 0
168 265 168 0
265 168 146 0
168 146 168 0
146 168 168 0
168 168 146 0
168 146 146 0
146 146 168 0
146 168 3 0
168 3 168 0
3 168 168 0
168 168 146 0
168 146 168 0
146 168 168 0
168 168 168 0
168 168 168 0
168 168 168 0
168 168 168 0
168 168 168 0
168 168 265 0
168 265 265 0
265 265 168 0
265 168 168 0
168 168 168 0
168 168 146 0
168 146 168 0
146 168 265 0
168 265 265 0
265 265 265 0
265 265 168 0
265 168 168 0
168 168 265 0
168 265 168 0
265 168 265 0
168 265 168 0
265 168 168 0
168 168 3 0
168 3 146 0
3 146 146 0
146 146 168 0
146 168 3 0
168 3 146 0
3 146 146 0
146 146 78 0
146 78 168 0
78 168 3 0
168 3 3 0
3 3 5 0
3 5 3 0
5 3 3 0
3 3 6 0
3 6 91 0
6 91 78 0
91 78 5 0
78 5 197 0
5 197 192 0
197 192 265 0
192 265 5 0
265 5 197 0
5 197 192 0
197 192 3 0
192 3 3 0
3 3 6 0
3 6 5 0
6 5 197 0
5 197 192 0
197 192 168 0
192 168 3 0
168 3 4 0
3 4 3 0
4 3 3 0
3 3 6 0
3 6 78 0
6 78 3 0
78 3 168 0
3 168 168 0
168 168 168 0
168 168 265 0
168 265 146 0
265 146 168 0
146 168 146 0
168 146 3 0
146 3 146 0
3 146 3 0
146 3 78 0
3 78 168 0
78 168 122 0
168 122 146 0
122 146 3 0
146 3 168 0
3 168 168 0
168 168 168 0
168 168 146 0
168 146 3 0
146 3 168 0
3 168 265 0
168 265 78 0
265 78 168 0
78 168 146 0
168 146 3 0
146 3 265 0
3 265 168 0
265 168 168 0
168 168 168 0
168 168 168 0
168 168 78 0
168 78 168 0
78 168 146 0
168 146 168 0
146 168 146 0
168 146 168 0
146 168 265 0
168 265 168 0
265 168 146 0
168 146 265 0
146 265 265 0
265 265 168 0
265 168 265 0
168 265 168 0
265 168 146 0
168 146 3 0
146 3 168 0
3 168 3 0
168 3 265 0
3 265 3 0
265 3 168 0
3 168 168 0
168 168 3 0
168 3 168 0
3 168 3 0
168 3 168 0
3 168 3 0
168 3 168 0
3 168 265 0
168 265 168 0
265 168 3 0
168 3 78 0
3 78 168 0
78 168 168 0
168 168 168 0
168 168 168 0
168 168 168 0
168 168 168 0
168 168 168 0
168 168 168 0
168 168 168 0
168 168 168 0
168 168 168 0
168 168 168 0
168 168 3 0
168 3 168 0
3 168 3 0
168 3 168 0
3 168 146 0
168 146 3 0
146 3 265 0
3 265 3 0
265 3 6 0
3 6 3 0
6 3 5 0
3 5 146 0
5 146 168 0
146 168 146 0
168 146 3 0
146 3 3 0
3 3 168 0
3 168 78 0
168 78 168 0
78 168 168 0
168 168 168 0
168 168 168 0
168 168 168 0
168 168 168 0
168 168 168 0
168 168 168 0
168 168 168 0
168 168 168 0
168 168 168 0
168 168 3 0
168 3 168 0
3 168 3 0
168 3 265 0
3 265 265 0
265 265 3 0
265 3 265 0
3 265 265 0
265 265 265 0
265 265 265 0
265 265 265 0
265 265 265 0
265 265 168 0
265 168 168 0
168 168 168 0
168 168 265 0
168 265 265 0
265 265 168 0
265 168 168 0
168 168 168 0
168 168 168 0
168 168 168 0
168 168 3 0
168 3 168 0
3 168 168 0
168 168 168 0
168 168 168 0
168 168 168 0
168 168 168 0
168 168 168 0
168 168 168 0
168 168 265 0
168 265 168 0
265 168 168 0
168 168 168 0
168 168 168 0
168 168 168 0
168 168 168 0
168 168 168 0
168 168 168 0
168 168 168 0
168 168 168 0
168 168 168 0
168 168 3 0
168 3 265 0
3 265 265 0
265 265 3 0
265 3 168 0
3 168 168 0
168 168 168 0
168 168 168 0
168 168 265 0
168 265 3 0
265 3 265 0
3 265 168 0
265 168 168 0
168 168 168 0
168 168 168 0
168 168 168 0
168 168 168 0
168 168 168 0
168 168 168 0
168 168 168 0
168 168 168 0
168 168 168 0
168 168 168 0
168 168 3 0
168 3 168 0
3 168 168 0
168 168 168 0
168 168 168 0
168 168 3 0
168 3 3 0
3 3 168 0
3 168 168 0
168 168 265 0
168 265 168 0
265 168 168 0
168 168 3 0
168 3 168 0
3 168 265 0
168 265 265 0
265 265 265 0
265 265 168 0
265 168 265 0
168 265 168 0
265 168 168 0
168 168 168 0
168 168 168 0
168 168 168 0
168 168 168 0
168 168 168 0
168 168 168 0
168 168 168 0
168 168 168 0
168 168 168 0
168 168 168 0
168 168 168 0
168 168 168 0
168 168 168 0
168 168 265 0
168 265 168 0
265 168 168 0
168 168 168 0
168 168 168 0
168 168 168 0
168 168 168 0
168 168 265 0
168 265 168 0
265 168 168 0
168 168 265 0
168 265 168 0
265 168 168 0
168 168 168 0
168 168 3 0
168 3 3 0
3 3 168 0
3 168 168 0
168 168 168 0
168 168 168 0
168 168 168 0
168 168 168 0
168 168 168 0
168 168 168 0
168 168 168 0
168 168 168 0
168 168 265 0
168 265 3 0
265 3 168 0
3 168 168 0
168 168 265 0
168 265 265 0
265 265 265 0
265 265 168 0
265 168 168 0
168 168 168 0
168 168 3 0
168 3 265 0
3 265 168 0
265 168 168 0
168 168 168 0
168 168 265 0
168 265 168 0
265 168 168 0
168 168 168 0
168 168 168 0
168 168 168 0
168 168 265 0
168 265 168 0
265 168 168 0
168 168 168 0
168 168 168 0
168 168 265 0
168 265 168 0
265 168 3 0
168 3 168 0
3 168 168 0
168 168 168 0
168 168 265 0
168 265 168 0
265 168 3 0
168 3 3 0
3 3 168 0
3 168 168 0
168 168 168 0
168 168 265 0
168 265 168 0
265 168 265 0
168 265 265 0
265 265 265 0
265 265 265 0
265 265 265 0
265 265 168 0
265 168 3 0
168 3 3 0
3 3 3 0
3 3 3 0
3 3 3 0
3 3 3 0
3 3 3 0
3 3 265 0
3 265 265 0
265 265 168 0
265 168 3 0
168 3 168 0
3 168 265 0
168 265 168 0
265 168 3 0
168 3 168 0
3 168 3 0
168 3 3 0
3 3 3 0
3 3 168 0
3 168 3 0
168 3 168 0
3 168 168 0
168 168 168 0
168 168 265 0
168 265 265 0
265 265 265 0
265 265 3 0
265 3 168 0
3 168 168 0
168 168 168 0
168 168 265 0
168 265 265 0
265 265 168 0
265 168 168 0
168 168 265 0
168 265 3 0
265 3 265 0
3 265 3 0
265 3 265 0
3 265 3 0
265 3 3 0
3 3 3 0
3 3 168 0
3 168 168 0
168 168 3 0
168 3 168 0
3 168 168 0
168 168 265 0
168 265 168 0
265 168 265 0
168 265 265 0
265 265 265 0
265 265 3 0
265 3 265 0
3 265 168 0
265 168 265 0
168 265 3 0
265 3 265 0
3 265 168 0
265 168 265 0
168 265 3 0
265 3 265 0
3 265 168 0
265 168 168 0
168 168 168 0
168 168 168 0
168 168 168 0
168 168 168 0
168 168 265 0
168 265 265 0
265 265 265 0
265 265 265 0
265 265 265 0
265 265 168 0
265 168 3 0
168 3 168 0
3 168 265 0
168 265 265 0
265 265 168 0
265 168 168 0
168 168 3 0
168 3 265 0
3 265 168 0
265 168 3 0
168 3 265 0
3 265 3 0
265 3 168 0
3 168 3 0
168 3 168 0
3 168 168 0
168 168 3 0
168 3 265 0
3 265 168 0
265 168 168 0
168 168 265 0
168 265 3 0
265 3 168 0
3 168 168 0
168 168 168 0
168 168 168 0
168 168 168 0
168 168 168 0
168 168 168 0
168 168 265 0
168 265 265 0
265 265 3 0
265 3 265 0
3 265 168 0
265 168 265 0
168 265 168 0
265 168 168 0
168 168 168 0
168 168 168 0
168 168 168 0
168 168 265 0
168 265 168 0
265 168 265 0
168 265 265 0
265 265 265 0
265 265 265 0
265 265 265 0
265 265 168 0
265 168 265 0
168 265 265 0
265 265 265 0
265 265 265 0
265 265 265 0
265 265 168 0
265 168 265 0
168 265 265 0
265 265 3 0
265 3 168 0
3 168 168 0
168 168 265 0
168 265 3 0
265 3 168 0
3 168 265 0
168 265 3 0
265 3 265 0
3 265 265 0
265 265 3 0
265 3 265 0
3 265 168 0
265 168 168 0
168 168 168 0
168 168 3 0
168 3 265 0
3 265 265 0
265 265 265 0
265 265 265 0
265 265 168 0
265 168 168 0
168 168 3 0
168 3 168 0
3 168 265 0
168 265 168 0
265 168 168 0
168 168 168 0
168 168 168 0
168 168 168 0
168 168 168 0
168 168 265 0
168 265 168 0
265 168 168 0
168 168 168 0
168 168 168 0
168 168 3 0
168 3 168 0
3 168 168 0
168 168 168 0
168 168 265 0
168 265 168 0
265 168 265 0
168 265 168 0
265 168 265 0
168 265 168 0
265 168 168 0
168 168 265 0
168 265 265 0
265 265 168 0
265 168 168 0
168 168 168 0
168 168 168 0
168 168 168 0
168 168 265 0
168 265 168 0
265 168 265 0
168 265 168 0
265 168 168 0
168 168 168 0
168 168 168 0
168 168 3 0
168 3 168 0
3 168 168 0
168 168 168 0
168 168 168 0
168 168 265 0
168 265 265 0
265 265 168 0
265 168 168 0
168 168 265 0
168 265 168 0
265 168 265 0
168 265 168 0
265 168 3 0
168 3 168 0
3 168 168 0
168 168 168 0
168 168 168 0
168 168 265 0
168 265 168 0
265 168 3 0
168 3 3 0
3 3 168 0
3 168 168 0
168 168 168 0
168 168 168 0
168 168 3 0
168 3 3 0
3 3 265 0
3 265 3 0
265 3 3 0
3 3 168 0
3 168 265 0
168 265 168 0
265 168 168 0
168 168 265 0
168 265 168 0
265 168 168 0
168 168 168 0
168 168 168 0
168 168 265 0
168 265 168 0
265 168 168 0
168 168 265 0
168 265 168 0
265 168 168 0
168 168 3 0
168 3 3 0
3 3 3 0
3 3 168 0
3 168 265 0
168 265 265 0
265 265 265 0
265 265 168 0
265 168 168 0
168 168 168 0
168 168 265 0
168 265 265 0
265 265 168 0
265 168 168 0
168 168 168 0
168 168 168 0
168 168 168 0
168 168 168 0
168 168 265 0
168 265 168 0
265 168 168 0
168 168 168 0
168 168 168 0
168 168 168 0
168 168 265 0
168 265 3 0
265 3 168 0
3 168 265 0
168 265 168 0
265 168 265 0
168 265 265 0
265 265 168 0
265 168 3 0
168 3 265 0
3 265 3 0
265 3 168 0
3 168 3 0
168 3 168 0
3 168 168 0
168 168 265 0
168 265 265 0
265 265 3 0
265 3 3 0
3 3 3 0
3 3 168 0
3 168 3 0
168 3 3 0
3 3 168 0
3 168 265 0
168 265 168 0
265 168 168 0
168 168 265 0
168 265 168 0
265 168 168 0
168 168 3 0
168 3 168 0
3 168 265 0
168 265 168 0
265 168 265 0
168 265 168 0
265 168 265 0
168 265 3 0
265 3 168 0
3 168 168 0
168 168 168 0
168 168 168 0
168 168 265 0
168 265 168 0
265 168 265 0
168 265 265 0
265 265 168 0
265 168 265 0
168 265 168 0
265 168 168 0
168 168 3 0
168 3 265 0
3 265 265 0
265 265 168 0
265 168 3 0
168 3 265 0
3 265 168 0
265 168 265 0
168 265 168 0
265 168 265 0
168 265 168 0
265 168 168 0
168 168 168 0
168 168 168 0
168 168 168 0
168 168 168 0
168 168 265 0
168 265 265 0
265 265 265 0
265 265 168 0
265 168 168 0
168 168 168 0
168 168 168 0
168 168 3 0
168 3 168 0
3 168 3 0
168 3 168 0
3 168 168 0
168 168 265 0
168 265 3 0
265 3 265 0
3 265 265 0
265 265 265 0
265 265 168 0
265 168 265 0
168 265 168 0
265 168 168 0
168 168 3 0
168 3 168 0
3 168 3 0
168 3 168 0
3 168 168 0
168 168 265 0
168 265 265 0
265 265 265 0
265 265 265 0
265 265 3 0
265 3 168 0
3 168 265 0
168 265 168 0
265 168 168 0
168 168 265 0
168 265 3 0
265 3 3 0
3 3 168 0
3 168 3 0
168 3 168 0
3 168 265 0
168 265 168 0
265 168 3 0
168 3 168 0
3 168 168 0
168 168 265 0
168 265 265 0
265 265 265 0
265 265 168 0
265 168 168 0
168 168 265 0
168 265 3 0
265 3 265 0
3 265 168 0
265 168 265 0
168 265 3 0
265 3 3 0
3 3 265 0
3 265 265 0
265 265 3 0
265 3 3 0
3 3 3 0
3 3 265 0
3 265 3 0
265 3 3 0
3 3 3 0
3 3 3 0
3 3 3 0
3 3 3 0
3 3 3 0
3 3 168 0
3 168 265 0
168 265 168 0
265 168 3 0
168 3 3 0
3 3 168 0
3 168 265 0
168 265 265 0
265 265 265 0
265 265 3 0
265 3 168 0
3 168 265 0
168 265 265 0
265 265 265 0
265 265 3 0
265 3 168 0
3 168 168 0
168 168 168 0
168 168 168 0
168 168 265 0
168 265 168 0
265 168 168 0
168 168 3 0
168 3 168 0
3 168 168 0
168 168 168 0
168 168 265 0
168 265 168 0
265 168 168 0
168 168 168 0
168 168 265 0
168 265 265 0
265 265 3 0
265 3 168 0
3 168 168 0
168 168 3 0
168 3 168 0
3 168 3 0
168 3 3 0
3 3 168 0
3 168 265 0
168 265 168 0
265 168 3 0
168 3 3 0
3 3 265 0
3 265 3 0
265 3 265 0
3 265 3 0
265 3 3 0
3 3 168 0
3 168 168 0
168 168 265 0
168 265 3 0
265 3 265 0
3 265 3 0
265 3 3 0
3 3 3 0
3 3 168 0
3 168 168 0
168 168 3 0
168 3 168 0
3 168 168 0
168 168 168 0
168 168 168 0
168 168 265 0
168 265 3 0
265 3 265 0
3 265 3 0
265 3 265 0
3 265 168 0
265 168 168 0
168 168 265 0
168 265 168 0
265 168 168 0
168 168 168 0
168 168 168 0
168 168 168 0
168 168 168 0
168 168 265 0
168 265 168 0
265 168 168 0
168 168 265 0
168 265 168 0
265 168 168 0
168 168 168 0
168 168 3 0
168 3 168 0
3 168 168 0
168 168 3 0
168 3 168 0
3 168 168 0
168 168 3 0
168 3 168 0
3 168 168 0
168 168 168 0
168 168 168 0
168 168 3 0
168 3 168 0
3 168 168 0
168 168 265 0
168 265 3 0
265 3 168 0
3 168 168 0
168 168 168 0
168 168 3 0
168 3 265 0
3 265 168 0
265 168 3 0
168 3 168 0
3 168 168 0
168 168 265 0
168 265 168 0
265 168 168 0
168 168 3 0
168 3 168 0
3 168 3 0
168 3 168 0
3 168 168 0
168 168 265 0
168 265 265 0
265 265 168 0
265 168 168 0
168 168 168 0
168 168 168 0
168 168 168 0
168 168 168 0
168 168 168 0
168 168 168 0
168 168 3 0
168 3 265 0
3 265 168 0
265 168 168 0
168 168 265 0
168 265 168 0
265 168 168 0
168 168 265 0
168 265 3 0
265 3 265 0
3 265 3 0
265 3 265 0
3 265 168 0
265 168 3 0
168 3 168 0
3 168 168 0
168 168 3 0
168 3 265 0
3 265 168 0
265 168 265 0
168 265 265 0
265 265 168 0
265 168 265 0
168 265 168 0
265 168 265 0
168 265 168 0
265 168 168 0
168 168 168 0
168 168 168 0
168 168 168 0
168 168 168 0
168 168 265 0
168 265 168 0
265 168 265 0
168 265 168 0
265 168 168 0
168 168 265 0
168 265 168 0
265 168 168 0
168 168 168 0
168 168 265 0
168 265 265 0
265 265 168 0
265 168 265 0
168 265 168 0
265 168 168 0
168 168 168 0
168 168 168 0
168 168 168 0
168 168 3 0
168 3 265 0
3 265 168 0
265 168 265 0
168 265 265 0
265 265 3 0
265 3 168 0
3 168 168 0
168 168 168 0
168 168 168 0
168 168 168 0
168 168 168 0
168 168 265 0
168 265 168 0
265 168 265 0
168 265 168 0
265 168 168 0
168 168 3 0
168 3 265 0
3 265 265 0
265 265 168 0
265 168 168 0
168 168 168 0
168 168 3 0
168 3 168 0
3 168 168 0
168 168 265 0
168 265 168 0
265 168 168 0
168 168 168 0
168 168 265 0
168 265 265 0
265 265 265 0
265 265 168 0
265 168 168 0
168 168 3 0
168 3 168 0
3 168 265 0
168 265 3 0
265 3 168 0
3 168 265 0
168 265 168 0
265 168 265 0
168 265 3 0
265 3 168 0
3 168 168 0
168 168 168 0
168 168 265 0
168 265 168 0
265 168 168 0
168 168 168 0
168 168 168 0
168 168 168 0
168 168 168 0
168 168 265 0
168 265 3 0
265 3 168 0
3 168 3 0
168 3 265 0
3 265 168 0
265 168 168 0
168 168 168 0
168 168 265 0
168 265 168 0
265 168 168 0
168 168 168 0
168 168 265 0
168 265 3 0
265 3 265 0
3 265 168 0
265 168 3 0
168 3 3 0
3 3 168 0
3 168 168 0
168 168 265 0
168 265 168 0
265 168 168 0
168 168 265 0
168 265 265 0
265 265 3 0
265 3 265 0
3 265 265 0
265 265 168 0
265 168 265 0
168 265 168 0
265 168 3 0
168 3 3 0
3 3 3 0
3 3 265 0
3 265 265 0
265 265 168 0
265 168 265 0
168 265 168 0
265 168 168 0
168 168 168 0
168 168 168 0
168 168 168 0
168 168 168 0
168 168 168 0
168 168 168 0
168 168 3 0
168 3 3 0
3 3 168 0
3 168 168 0
168 168 168 0
168 168 168 0
168 168 168 0
168 168 168 0
168 168 168 0
168 168 168 0
168 168 168 0
168 168 168 0
168 168 168 0
168 168 168 0
168 168 168 0
168 168 265 0
168 265 265 0
265 265 265 0
265 265 168 0
265 168 168 0
168 168 265 0
168 265 265 0
265 265 168 0
265 168 168 0
168 168 168 0
168 168 265 0
168 265 168 0
265 168 168 0
168 168 265 0
168 265 168 0
265 168 3 0
168 3 3 0
3 3 3 0
3 3 265 0
3 265 3 0
265 3 3 0
3 3 265 0
3 265 265 0
265 265 3 0
265 3 265 0
3 265 3 0
265 3 3 0
3 3 3 0
3 3 168 0
3 168 168 0
168 168 3 0
168 3 168 0
3 168 168 0
168 168 168 0
168 168 168 0
168 168 168 0
168 168 3 0
168 3 265 0
3 265 168 0
265 168 265 0
168 265 3 0
265 3 265 0
3 265 3 0
265 3 168 0
3 168 265 0
168 265 3 0
265 3 168 0
3 168 3 0
168 3 265 0
3 265 3 0
265 3 168 0
3 168 168 0
168 168 168 0
168 168 265 0
168 265 265 0
265 265 168 0
265 168 168 0
168 168 168 0
168 168 3 0
168 3 265 0
3 265 168 0
265 168 168 0
168 168 168 0
168 168 168 0
168 168 168 0
168 168 168 0
168 168 265 0
168 265 168 0
265 168 168 0
168 168 168 0
168 168 168 0
168 168 168 0
168 168 168 0
168 168 3 0
168 3 168 0
3 168 3 0
168 3 168 0
3 168 168 0
168 168 265 0
168 265 168 0
265 168 168 0
168 168 168 0
168 168 168 0
168 168 168 0
168 168 168 0
168 168 168 0
168 168 168 0
168 168 3 0
168 3 168 0
3 168 168 0
168 168 168 0
168 168 168 0
168 168 168 0
168 168 168 0
168 168 168 0
168 168 168 0
168 168 168 0
168 168 168 0
168 168 168 0
168 168 265 0
168 265 3 0
265 3 168 0
3 168 3 0
168 3 265 0
3 265 168 0
265 168 265 0
168 265 265 0
265 265 168 0
265 168 168 0
168 168 3 0
168 3 168 0
3 168 3 0
168 3 3 0
3 3 168 0
3 168 3 0
168 3 168 0
3 168 265 0
168 265 168 0
265 168 3 0
168 3 168 0
3 168 3 0
168 3 3 0
3 3 168 0
3 168 168 0
168 168 3 0
168 3 265 0
3 265 265 0
265 265 265 0
265 265 168 0
265 168 3 0
168 3 3 0
3 3 168 0
3 168 168 0
168 168 265 0
168 265 168 0
265 168 265 0
168 265 3 0
265 3 265 0
3 265 168 0
265 168 265 0
168 265 168 0
265 168 168 0
168 168 265 0
168 265 265 0
265 265 3 0
265 3 265 0
3 265 3 0
265 3 3 0
3 3 168 0
3 168 168 0
168 168 168 0
168 168 168 0
168 168 3 0
168 3 265 0
3 265 168 0
265 168 265 0
168 265 168 0
265 168 168 0
168 168 168 0
168 168 265 0
168 265 168 0
265 168 168 0
168 168 168 0
168 168 265 0
168 265 265 0
265 265 3 0
265 3 168 0
3 168 168 0
168 168 168 0
168 168 3 0
168 3 168 0
3 168 168 0
168 168 265 0
168 265 3 0
265 3 3 0
3 3 168 0
3 168 265 0
168 265 265 0
265 265 265 0
265 265 168 0
265 168 168 0
168 168 265 0
168 265 168 0
265 168 265 0
168 265 168 0
265 168 168 0
168 168 168 0
168 168 168 0
168 168 168 0
168 168 168 0
168 168 168 0
168 168 168 0
168 168 168 0
168 168 168 0
168 168 265 0
168 265 168 0
265 168 3 0
168 3 168 0
3 168 168 0
168 168 168 0
168 168 168 0
168 168 168 0
168 168 168 0
168 168 168 0
168 168 168 0
168 168 265 0
168 265 168 0
265 168 168 0
168 168 168 0
168 168 168 0
168 168 3 0
168 3 168 0
3 168 265 0
168 265 168 0
265 168 265 0
168 265 168 0
265 168 265 0
168 265 168 0
265 168 265 0
168 265 168 0
265 168 265 0
168 265 168 0
265 168 3 0
168 3 168 0
3 168 265 0
168 265 168 0
265 168 168 0
168 168 168 0
168 168 3 0
168 3 265 0
3 265 168 0
265 168 265 0
168 265 3 0
265 3 168 0
3 168 3 0
168 3 265 0
3 265 168 0
265 168 168 0
168 168 265 0
168 265 168 0
265 168 265 0
168 265 3 0
265 3 168 0
3 168 168 0
168 168 3 0
168 3 168 0
3 168 168 0
168 168 265 0
168 265 168 0
265 168 168 0
168 168 168 0
168 168 168 0
168 168 265 0
168 265 3 0
265 3 168 0
3 168 168 0
168 168 265 0
168 265 265 0
265 265 168 0
265 168 3 0
168 3 168 0
3 168 265 0
168 265 168 0
265 168 168 0
168 168 265 0
168 265 168 0
265 168 168 0
168 168 265 0
168 265 3 0
265 3 3 0
3 3 3 0
3 3 168 0
3 168 265 0
168 265 3 0
265 3 3 0
3 3 3 0
3 3 3 0
3 3 3 0
3 3 3 0
3 3 168 0
3 168 265 0
168 265 265 0
265 265 3 0
265 3 3 0
3 3 3 0
3 3 168 0
3 168 168 0
168 168 168 0
168 168 3 0
168 3 168 0
3 168 168 0
168 168 3 0
168 3 3 0
3 3 168 0
3 168 168 0
168 168 3 0
168 3 265 0
3 265 168 0
265 168 168 0
168 168 265 0
168 265 168 0
265 168 168 0
168 168 265 0
168 265 3 0
265 3 168 0
3 168 265 0
168 265 168 0
265 168 168 0
168 168 265 0
168 265 168 0
265 168 168 0
168 168 3 0
168 3 265 0
3 265 168 0
265 168 168 0
168 168 265 0
168 265 265 0
265 265 168 0
265 168 3 0
168 3 265 0
3 265 168 0
265 168 265 0
168 265 3 0
265 3 168 0
3 168 168 0
168 168 265 0
168 265 168 0
265 168 265 0
168 265 265 0
265 265 3 0
265 3 168 0
3 168 168 0
168 168 168 0
168 168 168 0
168 168 265 0
168 265 168 0
265 168 168 0
168 168 168 0
168 168 265 0
168 265 168 0
265 168 168 0
168 168 265 0
168 265 168 0
265 168 168 0
168 168 3 0
168 3 3 0
3 3 3 0
3 3 168 0
3 168 3 0
168 3 168 0
3 168 168 0
168 168 168 0
168 168 265 0
168 265 168 0
265 168 265 0
168 265 168 0
265 168 168 0
168 168 168 0
168 168 168 0
168 168 168 0
168 168 168 0
168 168 168 0
168 168 265 0
168 265 265 0
265 265 265 0
265 265 168 0
265 168 168 0
168 168 168 0
168 168 265 0
168 265 168 0
265 168 3 0
168 3 3 0
3 3 168 0
3 168 168 0
168 168 168 0
168 168 168 0
168 168 168 0
168 168 168 0
168 168 265 0
168 265 3 0
265 3 168 0
3 168 3 0
168 3 168 0
3 168 168 0
168 168 168 0
168 168 168 0
168 168 265 0
168 265 168 0
265 168 168 0
168 168 168 0
168 168 168 0
168 168 168 0
168 168 168 0
168 168 168 0
168 168 168 0
168 168 168 0
168 168 168 0
168 168 168 0
168 168 168 0
168 168 168 0
168 168 168 0
168 168 168 0
168 168 168 0
168 168 168 0
168 168 265 0
168 265 265 0
265 265 168 0
265 168 168 0
168 168 168 0
168 168 168 0
168 168 168 0
168 168 168 0
168 168 168 0
168 168 168 0
168 168 168 0
168 168 168 0
168 168 168 0
168 168 168 0
168 168 168 0
168 168 168 0
168 168 168 0
168 168 168 0
168 168 168 0
168 168 168 0
168 168 168 0
168 168 3 0
168 3 3 0
3 3 168 0
3 168 168 0
168 168 168 0
168 168 168 0
168 168 5 0
168 5 197 0
5 197 192 0
197 192 3 0
192 3 3 0
3 3 3 0
3 3 78 0
3 78 168 0
78 168 146 0
168 146 3 0
146 3 168 0
3 168 168 0
168 168 265 0
168 265 265 0
265 265 168 0
265 168 168 0
168 168 3 0
168 3 3 0
3 3 146 0
3 146 168 0
146 168 168 0
168 168 3 0
168 3 265 0
3 265 265 0
265 265 265 0
265 265 3 0
265 3 265 0
3 265 265 0
265 265 265 0
265 265 168 0
265 168 3 0
168 3 168 0
3 168 265 0
168 265 265 0
265 265 265 0
265 265 168 0
265 168 168 0
168 168 168 0
168 168 168 0
168 168 168 0
168 168 168 0
168 168 265 0
168 265 168 0
265 168 168 0
168 168 168 0
168 168 265 0
168 265 265 0
265 265 168 0
265 168 168 0
168 168 168 0
168 168 265 0
168 265 168 0
265 168 3 0
168 3 168 0
3 168 168 0
168 168 168 0
168 168 3 0
168 3 168 0
3 168 3 0
168 3 265 0
3 265 265 0
265 265 168 0
265 168 168 0
168 168 168 0
168 168 168 0
168 168 168 0
168 168 168 0
168 168 168 0
168 168 265 0
168 265 3 0
new
175 174 174 0
174 174 174 0
174 174 63 0
174 63 6 0
63 6 195 0
6 195 195 0
195 195 195 0
195 195 195 0
195 195 195 0
195 195 195 0
195 195 195 0
195 195 195 0
195 195 195 0
195 195 201 0
195 201 202 0
201 202 199 0
202 199 200 0
199 200 33 0
200 33 195 0
33 195 201 0
195 201 202 0
201 202 199 0
202 199 200 0
199 200 33 0
200 33 195 0
33 195 195 0
195 195 201 0
195 201 202 0
201 202 199 0
202 199 200 0
199 200 33 0
200 33 195 0
33 195 201 0
195 201 202 0
201 202 199 0
202 199 200 0
199 200 33 0
200 33 174 0
33 174 174 0
174 174 174 0
174 174 174 0
174 174 174 0
174 174 174 0
174 174 174 0
174 174 174 0
174 174 174 0
174 174 174 0
174 174 174 0
174 174 174 0
174 174 174 0
174 174 174 0
174 174 174 0
174 174 174 0
174 174 174 0
174 174 174 0
174 174 174 0
174 174 11 0
174 11 45 0
11 45 33 0
45 33 192 0
33 192 33 0
192 33 5 0
33 5 197 0
5 197 192 0
197 192 6 0
192 6 33 0
6 33 5 0
33 5 3 0
5 3 197 0
3 197 192 0
197 192 192 0
192 192 6 0
192 6 33 0
6 33 5 0
33 5 3 0
5 3 197 0
3 197 192 0
197 192 192 0
192 192 192 0
192 192 6 0
192 6 33 0
6 33 5 0
33 5 3 0
5 3 197 0
3 197 192 0
197 192 192 0
192 192 192 0
192 192 6 0
192 6 192 0
6 192 243 0
192 243 125 0
243 125 125 0
125 125 125 0
125 125 125 0
125 125 125 0
125 125 91 0
125 91 268 0
91 268 45 0
268 45 45 0
45 45 5 0
45 5 197 0
5 197 192 0
197 192 3 0
192 3 3 0
3 3 6 0
3 6 91 0
6 91 5 0
91 5 197 0
5 197 192 0
197 192 192 0
192 192 6 0
192 6 5 0
6 5 5 0
5 5 5 0
5 5 197 0
5 197 192 0
197 192 3 0
192 3 3 0
3 3 3 0
3 3 3 0
3 3 3 0
3 3 3 0
3 3 3 0
3 3 3 0
3 3 3 0
3 3 3 0
3 3 3 0
3 3 3 0
3 3 3 0
3 3 3 0
3 3 3 0
3 3 6 0
3 6 91 0
6 91 221 0
91 221 197 0
221 197 192 0
197 192 140 0
192 140 3 0
140 3 197 0
3 197 192 0
197 192 3 0
192 3 6 0
3 6 91 0
6 91 4 0
91 4 6 0
4 6 91 0
6 91 6 0
new
175 174 174 0
174 174 174 0
174 174 63 0
174 63 6 0
63 6 195 0
6 195 195 0
195 195 195 0
195 195 195 0
195 195 195 0
195 195 195 0
195 195 195 0
195 195 195 0
195 195 195 0
195 195 201 0
195 201 202 0
201 202 199 0
202 199 200 0
199 200 33 0
200 33 195 0
33 195 201 0
195 201 202 0
201 202 199 0
202 199 200 0
199 200 33 0
200 33 195 0
33 195 195 0
195 195 201 0
195 201 202 0
201 202 199 0
202 199 200 0
199 200 33 0
200 33 195 0
33 195 201 0
195 201 202 0
201 202 199 0
202 199 200 0
199 200 33 0
200 33 174 0
33 174 174 0
174 174 174 0
174 174 174 0
174 174 174 0
174 174 174 0
174 174 174 0
174 174 174 0
174 174 174 0
174 174 174 0
174 174 174 0
174 174 174 0
174 174 174 0
174 174 174 0
174 174 174 0
174 174 174 0
174 174 174 0
174 174 174 0
174 174 174 0
174 174 11 0
174 11 45 0
11 45 33 0
45 33 192 0
33 192 33 0
192 33 5 0
33 5 197 0
5 197 192 0
197 192 6 0
192 6 33 0
6 33 5 0
33 5 3 0
5 3 197 0
3 197 192 0
197 192 192 0
192 192 6 0
192 6 33 0
6 33 5 0
33 5 3 0
5 3 197 0
3 197 192 0
197 192 192 0
192 192 192 0
192 192 6 0
192 6 33 0
6 33 5 0
33 5 3 0
5 3 197 0
3 197 192 0
197 192 192 0
192 192 192 0
192 192 6 0
192 6 192 0
6 192 243 0
192 243 125 0
243 125 125 0
125 125 125 0
125 125 125 0
125 125 125 0
125 125 91 0
125 91 268 0
91 268 45 0
268 45 45 0
45 45 5 0
45 5 197 0
5 197 192 0
197 192 3 0
192 3 3 0
3 3 6 0
3 6 91 0
6 91 5 0
91 5 197 0
5 197 192 0
197 192 192 0
192 192 6 0
192 6 5 0
6 5 5 0
5 5 5 0
5 5 197 0
5 197 192 0
197 192 3 0
192 3 3 0
3 3 3 0
3 3 3 0
3 3 3 0
3 3 3 0
3 3 3 0
3 3 3 0
3 3 3 0
3 3 3 0
3 3 3 0
3 3 3 0
3 3 3 0
3 3 3 0
3 3 3 0
3 3 6 0
3 6 91 0
6 91 221 0
91 221 197 0
221 197 192 0
197 192 140 0
192 140 3 0
140 3 197 0
3 197 192 0
197 192 3 0
192 3 6 0
3 6 91 0
6 91 4 0
91 4 6 0
4 6 91 0
6 91 6 0
new
175 174 174 0
174 174 174 0
174 174 174 0
174 174 174 0
174 174 174 0
174 174 174 0
174 174 174 0
174 174 174 0
174 174 174 0
174 174 174 0
174 174 174 0
174 174 174 0
174 174 174 0
174 174 174 0
174 174 174 0
174 174 174 0
174 174 174 0
174 174 174 0
174 174 174 0
174 174 174 0
174 174 174 0
174 174 11 0
174 11 45 0
11 45 33 0
45 33 192 0
33 192 33 0
192 33 5 0
33 5 197 0
5 197 192 0
197 192 6 0
192 6 33 0
6 33 5 0
33 5 3 0
5 3 197 0
3 197 192 0
197 192 192 0
192 192 192 0
192 192 6 0
192 6 192 0
6 192 243 0
192 243 125 0
243 125 125 0
125 125 125 0
125 125 91 0
125 91 45 0
91 45 45 0
45 45 5 0
45 5 197 0
5 197 192 0
197 192 192 0
192 192 6 0
192 6 199 0
6 199 202 0
199 202 200 0
202 200 102 0
200 102 102 0
102 102 6 0
102 6 102 0
6 102 102 0
102 102 6 0
102 6 5 0
6 5 197 0
5 197 192 0
197 192 3 0
192 3 3 0
3 3 6 0
3 6 91 0
6 91 5 0
91 5 197 0
5 197 192 0
197 192 6 0
192 6 33 0
6 33 5 0
33 5 3 0
5 3 197 0
3 197 192 0
197 192 192 0
192 192 6 0
192 6 33 0
6 33 5 0
33 5 3 0
5 3 197 0
3 197 192 0
197 192 192 0
192 192 192 0
192 192 6 0
192 6 125 0
6 125 125 0
125 125 91 0
125 91 5 0
91 5 197 0
5 197 192 0
197 192 6 0
192 6 33 0
6 33 5 0
33 5 3 0
5 3 197 0
3 197 192 0
197 192 192 0
192 192 6 0
192 6 33 0
6 33 5 0
33 5 3 0
5 3 197 0
3 197 192 0
197 192 192 0
192 192 6 0
192 6 125 0
6 125 125 0
125 125 91 0
125 91 5 0
91 5 221 0
5 221 140 0
221 140 197 0
140 197 192 0
197 192 140 0
192 140 91 0
140 91 6 0
91 6 102 0
6 102 102 0
102 102 6 0
102 6 102 0
6 102 102 0
102 102 6 0
102 6 5 0
6 5 140 0
5 140 197 0
140 197 192 0
197 192 140 0
192 140 91 0
140 91 6 0
91 6 197 0
6 197 192 0
197 192 205 0
192 205 205 0
205 205 4 0
205 4 6 0
4 6 91 0
6 91 6 0
new
311 240 240 0
240 240 240 0
240 240 240 0
240 240 240 0
240 240 4 0
240 4 265 0
4 265 265 0
265 265 240 0
265 240 240 0
240 240 240 0
240 240 240 0
240 240 240 0
240 240 4 0
240 4 240 0
4 240 240 0
240 240 240 0
240 240 240 0
240 240 240 0
240 240 240 0
240 240 240 0
240 240 240 0
240 240 240 0
240 240 240 0
240 240 240 0
240 240 240 0
240 240 240 0
240 240 240 0
240 240 240 0
240 240 240 0
240 240 240 0
240 240 240 0
240 240 240 0
240 240 240 0
240 240 265 0
240 265 265 0
265 265 240 0
265 240 240 0
240 240 240 0
240 240 265 0
240 265 4 0
265 4 240 0
4 240 240 0
240 240 240 0
240 240 240 0
240 240 240 0
240 240 240 0
240 240 240 0
240 240 240 0
240 240 240 0
240 240 240 0
240 240 4 0
240 4 240 0
4 240 240 0
240 240 240 0
240 240 240 0
240 240 240 0
240 240 240 0
240 240 240 0
240 240 240 0
240 240 240 0
240 240 240 0
240 240 240 0
240 240 240 0
240 240 240 0
240 240 240 0
240 240 240 0
240 240 240 0
240 240 4 0
240 4 240 0
4 240 240 0
240 240 240 0
240 240 240 0
240 240 240 0
240 240 240 0
240 240 4 0
240 4 240 0
4 240 240 0
240 240 240 0
240 240 240 0
240 240 240 0
240 240 240 0
240 240 240 0
240 240 240 0
240 240 240 0
240 240 240 0
240 240 240 0
240 240 240 0
240 240 240 0
240 240 265 0
240 265 265 0
265 265 240 0
265 240 240 0
240 240 240 0
240 240 240 0
240 240 240 0
240 240 240 0
240 240 240 0
new
195 6 63 0
6 63 6 0
63 6 11 0
6 11 45 0
11 45 33 0
45 33 192 0
33 192 33 0
192 33 5 0
33 5 197 0
5 197 192 0
197 192 6 0
192 6 33 0
6 33 5 0
33 5 3 0
5 3 197 0
3 197 192 0
197 192 192 0
192 192 192 0
192 192 6 0
192 6 33 0
6 33 5 0
33 5 3 0
5 3 197 0
3 197 192 0
197 192 192 0
192 192 192 0
192 192 6 0
192 6 192 0
6 192 192 0
192 192 243 0
192 243 125 0
243 125 125 0
125 125 125 0
125 125 125 0
125 125 91 0
125 91 45 0
91 45 45 0
45 45 5 0
45 5 197 0
5 197 192 0
197 192 3 0
192 3 6 0
3 6 91 0
6 91 5 0
91 5 3 0
5 3 6 0
3 6 174 0
6 174 174 0
174 174 174 0
174 174 174 0
174 174 174 0
174 174 174 0
174 174 174 0
174 174 174 0
174 174 174 0
174 174 174 0
174 174 174 0
174 174 174 0
174 174 174 0
174 174 174 0
174 174 174 0
174 174 174 0
174 174 174 0
174 174 174 0
174 174 174 0
174 174 174 0
174 174 174 0
174 174 174 0
174 174 174 0
174 174 5 0
174 5 3 0
5 3 6 0
3 6 54 0
6 54 54 0
54 54 54 0
54 54 5 0
54 5 54 0
5 54 201 0
54 201 5 0
201 5 19 0
5 19 3 0
19 3 5 0
3 5 3 0
5 3 6 0
3 6 192 0
6 192 125 0
192 125 13 0
125 13 5 0
13 5 19 0
5 19 3 0
19 3 195 0
3 195 5 0
195 5 221 0
5 221 141 0
221 141 195 0
141 195 5 0
195 5 3 0
5 3 6 0
3 6 5 0
6 5 3 0
5 3 6 0
3 6 195 0
6 195 5 0
195 5 3 0
5 3 6 0
3 6 5 0
6 5 3 0
5 3 6 0
3 6 195 0
6 195 5 0
195 5 3 0
5 3 6 0
3 6 5 0
6 5 3 0
5 3 6 0
3 6 195 0
6 195 5 0
195 5 3 0
5 3 6 0
3 6 5 0
6 5 3 0
5 3 6 0
3 6 195 0
6 195 5 0
195 5 3 0
5 3 6 0
3 6 5 0
6 5 3 0
5 3 6 0
3 6 195 0
6 195 5 0
195 5 3 0
5 3 6 0
3 6 5 0
6 5 3 0
5 3 6 0
3 6 195 0
6 195 5 0
195 5 3 0
5 3 6 0
3 6 5 0
6 5 3 0
5 3 6 0
3 6 195 0
6 195 5 0
195 5 3 0
5 3 6 0
3 6 5 0
6 5 3 0
5 3 6 0
3 6 195 0
6 195 5 0
195 5 3 0
5 3 6 0
3 6 5 0
6 5 3 0
5 3 6 0
3 6 195 0
6 195 5 0
195 5 3 0
5 3 6 0
3 6 5 0
6 5 3 0
5 3 6 0
3 6 195 0
6 195 5 0
195 5 3 0
5 3 6 0
3 6 5 0
6 5 3 0
5 3 6 0
3 6 195 0
6 195 5 0
195 5 3 0
5 3 6 0
3 6 5 0
6 5 3 0
5 3 6 0
3 6 195 0
6 195 5 0
195 5 3 0
5 3 6 0
3 6 5 0
6 5 3 0
5 3 6 0
3 6 195 0
6 195 5 0
195 5 3 0
5 3 6 0
3 6 5 0
6 5 3 0
5 3 6 0
3 6 195 0
6 195 5 0
195 5 3 0
5 3 6 0
3 6 5 0
6 5 3 0
5 3 6 0
3 6 195 0
6 195 5 0
195 5 3 0
5 3 6 0
3 6 5 0
6 5 3 0
5 3 6 0
3 6 195 0
6 195 5 0
195 5 3 0
5 3 6 0
3 6 5 0
6 5 3 0
5 3 6 0
3 6 195 0
6 195 5 0
195 5 3 0
5 3 6 0
3 6 5 0
6 5 3 0
5 3 6 0
3 6 195 0
6 195 5 0
195 5 3 0
5 3 6 0
3 6 5 0
6 5 3 0
5 3 6 0
3 6 195 0
6 195 5 0
195 5 3 0
5 3 6 0
3 6 5 0
6 5 3 0
5 3 6 0
3 6 195 0
6 195 5 0
195 5 3 0
5 3 6 0
3 6 5 0
6 5 3 0
5 3 6 0
3 6 195 0
6 195 5 0
195 5 3 0
5 3 6 0
3 6 5 0
6 5 3 0
5 3 6 0
3 6 195 0
6 195 5 0
195 5 3 0
5 3 6 0
3 6 5 0
6 5 3 0
5 3 6 0
3 6 195 0
6 195 5 0
195 5 3 0
5 3 6 0
3 6 5 0
6 5 3 0
5 3 6 0
3 6 195 0
6 195 5 0
195 5 3 0
5 3 6 0
3 6 5 0
6 5 3 0
5 3 6 0
3 6 195 0
6 195 5 0
195 5 3 0
5 3 6 0
3 6 5 0
6 5 3 0
5 3 6 0
3 6 195 0
6 195 5 0
195 5 3 0
5 3 6 0
3 6 5 0
6 5 3 0
5 3 6 0
3 6 195 0
6 195 5 0
195 5 3 0
5 3 6 0
3 6 5 0
6 5 3 0
5 3 6 0
3 6 195 0
6 195 5 0
195 5 3 0
5 3 6 0
3 6 5 0
6 5 3 0
5 3 6 0
3 6 195 0
6 195 5 0
195 5 3 0
5 3 6 0
3 6 5 0
6 5 3 0
5 3 6 0
3 6 195 0
6 195 5 0
195 5 3 0
5 3 6 0
3 6 5 0
6 5 3 0
5 3 6 0
3 6 195 0
6 195 5 0
195 5 3 0
5 3 6 0
3 6 5 0
6 5 3 0
5 3 6 0
3 6 195 0
6 195 5 0
195 5 3 0
5 3 6 0
3 6 5 0
6 5 3 0
5 3 6 0
3 6 195 0
6 195 5 0
195 5 3 0
5 3 6 0
3 6 5 0
6 5 3 0
5 3 6 0
3 6 195 0
6 195 5 0
195 5 3 0
5 3 6 0
3 6 5 0
6 5 3 0
5 3 6 0
3 6 195 0
6 195 5 0
195 5 3 0
5 3 6 0
3 6 5 0
6 5 3 0
5 3 6 0
3 6 195 0
6 195 5 0
195 5 3 0
5 3 6 0
3 6 5 0
6 5 3 0
5 3 6 0
3 6 195 0
6 195 5 0
195 5 3 0
5 3 6 0
3 6 5 0
6 5 3 0
5 3 6 0
3 6 195 0
6 195 5 0
195 5 3 0
5 3 6 0
3 6 5 0
6 5 3 0
5 3 6 0
3 6 195 0
6 195 5 0
195 5 3 0
5 3 6 0
3 6 5 0
6 5 3 0
5 3 6 0
3 6 195 0
6 195 5 0
195 5 3 0
5 3 6 0
3 6 5 0
6 5 3 0
5 3 6 0
3 6 195 0
6 195 5 0
195 5 3 0
5 3 6 0
3 6 5 0
6 5 3 0
5 3 6 0
3 6 195 0
6 195 5 0
195 5 3 0
5 3 6 0
3 6 5 0
6 5 3 0
5 3 6 0
3 6 195 0
6 195 5 0
195 5 3 0
5 3 6 0
3 6 5 0
6 5 3 0
5 3 6 0
3 6 195 0
6 195 5 0
195 5 3 0
5 3 6 0
3 6 5 0
6 5 3 0
5 3 6 0
3 6 195 0
6 195 5 0
195 5 3 0
5 3 6 0
3 6 5 0
6 5 3 0
5 3 6 0
3 6 195 0
6 195 5 0
195 5 3 0
5 3 6 0
3 6 5 0
6 5 3 0
5 3 6 0
3 6 195 0
6 195 5 0
195 5 3 0
5 3 6 0
3 6 5 0
6 5 3 0
5 3 6 0
3 6 195 0
6 195 5 0
195 5 3 0
5 3 6 0
3 6 5 0
6 5 3 0
5 3 6 0
3 6 195 0
6 195 5 0
195 5 3 0
5 3 6 0
3 6 5 0
6 5 3 0
5 3 6 0
3 6 195 0
6 195 5 0
195 5 3 0
5 3 6 0
3 6 5 0
6 5 3 0
5 3 6 0
3 6 195 0
6 195 5 0
195 5 3 0
5 3 6 0
3 6 5 0
6 5 3 0
5 3 6 0
3 6 195 0
6 195 5 0
195 5 3 0
5 3 6 0
3 6 5 0
6 5 3 0
5 3 6 0
3 6 195 0
6 195 5 0
195 5 3 0
5 3 6 0
3 6 5 0
6 5 3 0
5 3 6 0
3 6 195 0
6 195 5 0
195 5 3 0
5 3 6 0
3 6 5 0
6 5 3 0
5 3 6 0
3 6 195 0
6 195 5 0
195 5 3 0
5 3 6 0
3 6 5 0
6 5 3 0
5 3 6 0
3 6 195 0
6 195 5 0
195 5 3 0
5 3 6 0
3 6 5 0
6 5 3 0
5 3 6 0
3 6 195 0
6 195 5 0
195 5 3 0
5 3 6 0
3 6 5 0
6 5 3 0
5 3 6 0
3 6 195 0
6 195 5 0
195 5 3 0
5 3 6 0
3 6 5 0
6 5 3 0
5 3 6 0
3 6 195 0
6 195 5 0
195 5 3 0
5 3 6 0
3 6 5 0
6 5 3 0
5 3 6 0
3 6 195 0
6 195 5 0
195 5 3 0
5 3 6 0
3 6 5 0
6 5 3 0
5 3 6 0
3 6 195 0
6 195 5 0
195 5 3 0
5 3 6 0
3 6 5 0
6 5 3 0
5 3 6 0
3 6 195 0
6 195 5 0
195 5 3 0
5 3 6 0
3 6 5 0
6 5 3 0
5 3 6 0
3 6 195 0
6 195 5 0
195 5 3 0
5 3 6 0
3 6 5 0
6 5 3 0
5 3 6 0
3 6 195 0
6 195 5 0
195 5 3 0
5 3 6 0
3 6 5 0
6 5 3 0
5 3 6 0
3 6 195 0
6 195 5 0
195 5 3 0
5 3 6 0
3 6 5 0
6 5 3 0
5 3 6 0
3 6 195 0
6 195 5 0
195 5 3 0
5 3 6 0
3 6 5 0
6 5 3 0
5 3 6 0
3 6 195 0
6 195 5 0
195 5 3 0
5 3 6 0
3 6 5 0
6 5 3 0
5 3 6 0
3 6 195 0
6 195 5 0
195 5 3 0
5 3 6 0
3 6 5 0
6 5 3 0
5 3 6 0
3 6 195 0
6 195 5 0
195 5 3 0
5 3 6 0
3 6 5 0
6 5 3 0
5 3 6 0
3 6 195 0
6 195 5 0
195 5 3 0
5 3 6 0
3 6 5 0
6 5 3 0
5 3 6 0
3 6 195 0
6 195 5 0
195 5 3 0
5 3 6 0
3 6 5 0
6 5 3 0
5 3 6 0
3 6 195 0
6 195 5 0
195 5 3 0
5 3 6 0
3 6 5 0
6 5 3 0
5 3 6 0
3 6 195 0
6 195 5 0
195 5 3 0
5 3 6 0
3 6 5 0
6 5 3 0
5 3 6 0
3 6 195 0
6 195 5 0
195 5 3 0
5 3 6 0
3 6 5 0
6 5 3 0
5 3 6 0
3 6 195 0
6 195 5 0
195 5 3 0
5 3 6 0
3 6 5 0
6 5 3 0
5 3 6 0
3 6 195 0
6 195 5 0
195 5 3 0
5 3 6 0
3 6 5 0
6 5 3 0
5 3 6 0
3 6 195 0
6 195 5 0
195 5 3 0
5 3 6 0
3 6 5 0
6 5 3 0
5 3 6 0
3 6 195 0
6 195 5 0
195 5 3 0
5 3 6 0
3 6 5 0
6 5 3 0
5 3 6 0
3 6 195 0
6 195 5 0
195 5 3 0
5 3 6 0
3 6 5 0
6 5 3 0
5 3 6 0
3 6 195 0
6 195 5 0
195 5 3 0
5 3 6 0
3 6 5 0
6 5 3 0
5 3 6 0
3 6 195 0
6 195 5 0
195 5 3 0
5 3 6 0
3 6 5 0
6 5 3 0
5 3 6 0
3 6 195 0
6 195 5 0
195 5 3 0
5 3 6 0
3 6 5 0
6 5 3 0
5 3 6 0
3 6 195 0
6 195 5 0
195 5 3 0
5 3 6 0
3 6 5 0
6 5 3 0
5 3 6 0
3 6 195 0
6 195 5 0
195 5 3 0
5 3 6 0
3 6 5 0
6 5 3 0
5 3 6 0
3 6 195 0
6 195 5 0
195 5 3 0
5 3 6 0
3 6 5 0
6 5 3 0
5 3 6 0
3 6 195 0
6 195 5 0
195 5 3 0
5 3 6 0
3 6 5 0
6 5 3 0
5 3 6 0
3 6 195 0
6 195 5 0
195 5 3 0
5 3 6 0
3 6 5 0
6 5 3 0
5 3 6 0
3 6 195 0
6 195 5 0
195 5 3 0
5 3 6 0
3 6 5 0
6 5 3 0
5 3 6 0
3 6 195 0
6 195 5 0
195 5 3 0
5 3 6 0
3 6 5 0
6 5 3 0
5 3 6 0
3 6 195 0
6 195 5 0
195 5 3 0
5 3 6 0
3 6 5 0
6 5 3 0
5 3 6 0
3 6 195 0
6 195 5 0
195 5 3 0
5 3 6 0
3 6 5 0
6 5 3 0
5 3 6 0
3 6 195 0
6 195 5 0
195 5 3 0
5 3 6 0
3 6 5 0
6 5 3 0
5 3 6 0
3 6 195 0
6 195 5 0
195 5 3 0
5 3 6 0
3 6 5 0
6 5 3 0
5 3 6 0
3 6 195 0
6 195 5 0
195 5 3 0
5 3 6 0
3 6 5 0
6 5 3 0
5 3 6 0
3 6 195 0
6 195 5 0
195 5 3 0
5 3 6 0
3 6 5 0
6 5 3 0
5 3 6 0
3 6 195 0
6 195 5 0
195 5 3 0
5 3 6 0
3 6 5 0
6 5 3 0
5 3 6 0
3 6 195 0
6 195 5 0
195 5 3 0
5 3 6 0
3 6 5 0
6 5 3 0
5 3 6 0
3 6 195 0
6 195 5 0
195 5 3 0
5 3 6 0
3 6 5 0
6 5 3 0
5 3 6 0
3 6 195 0
6 195 5 0
195 5 3 0
5 3 6 0
3 6 5 0
6 5 3 0
5 3 6 0
3 6 195 0
6 195 5 0
195 5 3 0
5 3 6 0
3 6 5 0
6 5 3 0
5 3 6 0
3 6 195 0
6 195 5 0
195 5 3 0
5 3 6 0
3 6 5 0
6 5 3 0
5 3 6 0
3 6 195 0
6 195 5 0
195 5 3 0
5 3 6 0
3 6 5 0
6 5 3 0
5 3 6 0
3 6 195 0
6 195 5 0
195 5 3 0
5 3 6 0
3 6 5 0
6 5 3 0
5 3 6 0
3 6 195 0
6 195 5 0
195 5 3 0
5 3 6 0
3 6 5 0
6 5 3 0
5 3 6 0
3 6 195 0
6 195 5 0
195 5 3 0
5 3 6 0
3 6 5 0
6 5 3 0
5 3 6 0
3 6 195 0
6 195 5 0
195 5 3 0
5 3 6 0
3 6 5 0
6 5 3 0
5 3 6 0
3 6 195 0
6 195 5 0
195 5 3 0
5 3 6 0
3 6 5 0
6 5 3 0
5 3 6 0
3 6 195 0
6 195 5 0
195 5 3 0
5 3 6 0
3 6 5 0
6 5 3 0
5 3 6 0
3 6 195 0
6 195 5 0
195 5 3 0
5 3 6 0
3 6 5 0
6 5 3 0
5 3 6 0
3 6 195 0
6 195 5 0
195 5 3 0
5 3 6 0
3 6 5 0
6 5 3 0
5 3 6 0
3 6 195 0
6 195 5 0
195 5 3 0
5 3 6 0
3 6 5 0
6 5 3 0
5 3 6 0
3 6 195 0
6 195 5 0
195 5 3 0
5 3 6 0
3 6 5 0
6 5 3 0
5 3 6 0
3 6 195 0
6 195 5 0
195 5 3 0
5 3 6 0
3 6 5 0
6 5 3 0
5 3 6 0
3 6 195 0
6 195 5 0
195 5 3 0
5 3 6 0
3 6 5 0
6 5 3 0
5 3 6 0
3 6 195 0
6 195 5 0
195 5 3 0
5 3 6 0
3 6 5 0
6 5 3 0
5 3 6 0
3 6 195 0
6 195 5 0
195 5 3 0
5 3 6 0
3 6 5 0
6 5 3 0
5 3 6 0
3 6 195 0
6 195 5 0
195 5 3 0
5 3 6 0
3 6 5 0
6 5 3 0
5 3 6 0
3 6 195 0
6 195 5 0
195 5 3 0
5 3 6 0
3 6 5 0
6 5 3 0
5 3 6 0
3 6 195 0
6 195 5 0
195 5 3 0
5 3 6 0
3 6 5 0
6 5 3 0
5 3 6 0
3 6 195 0
6 195 5 0
195 5 3 0
5 3 6 0
3 6 5 0
6 5 3 0
5 3 6 0
3 6 5 0
6 5 195 0
5 195 5 0
195 5 3 0
5 3 6 0
3 6 5 0
6 5 3 0
5 3 6 0
3 6 195 0
6 195 5 0
195 5 3 0
5 3 6 0
3 6 5 0
6 5 3 0
5 3 6 0
3 6 195 0
6 195 5 0
195 5 3 0
5 3 6 0
3 6 5 0
6 5 3 0
5 3 6 0
3 6 195 0
6 195 5 0
195 5 3 0
5 3 6 0
3 6 5 0
6 5 3 0
5 3 6 0
3 6 195 0
6 195 5 0
195 5 3 0
5 3 6 0
3 6 5 0
6 5 3 0
5 3 6 0
3 6 195 0
6 195 5 0
195 5 3 0
5 3 6 0
3 6 5 0
6 5 3 0
5 3 6 0
3 6 195 0
6 195 5 0
195 5 3 0
5 3 6 0
3 6 5 0
6 5 3 0
5 3 6 0
3 6 195 0
6 195 5 0
195 5 3 0
5 3 6 0
3 6 5 0
6 5 3 0
5 3 6 0
3 6 195 0
6 195 5 0
195 5 3 0
5 3 6 0
3 6 5 0
6 5 3 0
5 3 6 0
3 6 195 0
6 195 5 0
195 5 3 0
5 3 6 0
3 6 5 0
6 5 3 0
5 3 6 0
3 6 195 0
6 195 5 0
195 5 3 0
5 3 6 0
3 6 5 0
6 5 3 0
5 3 6 0
3 6 195 0
6 195 5 0
195 5 3 0
5 3 6 0
3 6 5 0
6 5 3 0
5 3 6 0
3 6 195 0
6 195 5 0
195 5 3 0
5 3 6 0
3 6 5 0
6 5 3 0
5 3 6 0
3 6 195 0
6 195 5 0
195 5 3 0
5 3 6 0
3 6 5 0
6 5 3 0
5 3 6 0
3 6 195 0
6 195 5 0
195 5 3 0
5 3 6 0
3 6 5 0
6 5 3 0
5 3 6 0
3 6 195 0
6 195 5 0
195 5 3 0
5 3 6 0
3 6 5 0
6 5 3 0
5 3 6 0
3 6 195 0
6 195 5 0
195 5 3 0
5 3 6 0
3 6 5 0
6 5 3 0
5 3 6 0
3 6 195 0
6 195 5 0
195 5 3 0
5 3 6 0
3 6 5 0
6 5 3 0
5 3 6 0
3 6 195 0
6 195 5 0
195 5 3 0
5 3 6 0
3 6 5 0
6 5 3 0
5 3 6 0
3 6 195 0
6 195 5 0
195 5 3 0
5 3 6 0
3 6 5 0
6 5 3 0
5 3 6 0
3 6 195 0
6 195 5 0
195 5 3 0
5 3 6 0
3 6 5 0
6 5 3 0
5 3 6 0
3 6 195 0
6 195 5 0
195 5 3 0
5 3 6 0
3 6 5 0
6 5 3 0
5 3 6 0
3 6 195 0
6 195 5 0
195 5 3 0
5 3 6 0
3 6 5 0
6 5 3 0
5 3 6 0
3 6 195 0
6 195 5 0
195 5 3 0
5 3 6 0
3 6 5 0
6 5 3 0
5 3 6 0
3 6 195 0
6 195 5 0
195 5 3 0
5 3 6 0
3 6 5 0
6 5 3 0
5 3 6 0
3 6 195 0
6 195 5 0
195 5 3 0
5 3 6 0
3 6 5 0
6 5 3 0
5 3 6 0
3 6 195 0
6 195 5 0
195 5 3 0
5 3 6 0
3 6 5 0
6 5 3 0
5 3 6 0
3 6 195 0
6 195 5 0
195 5 3 0
5 3 6 0
3 6 5 0
6 5 3 0
5 3 6 0
3 6 195 0
6 195 5 0
195 5 3 0
5 3 6 0
3 6 5 0
6 5 3 0
5 3 6 0
3 6 195 0
6 195 5 0
195 5 3 0
5 3 6 0
3 6 5 0
6 5 3 0
5 3 6 0
3 6 195 0
6 195 5 0
195 5 3 0
5 3 6 0
3 6 5 0
6 5 3 0
5 3 6 0
3 6 195 0
6 195 5 0
195 5 3 0
5 3 6 0
3 6 5 0
6 5 3 0
5 3 6 0
3 6 195 0
6 195 5 0
195 5 3 0
5 3 6 0
3 6 5 0
6 5 3 0
5 3 6 0
3 6 195 0
6 195 5 0
195 5 3 0
5 3 6 0
3 6 5 0
6 5 3 0
5 3 6 0
3 6 195 0
6 195 5 0
195 5 3 0
5 3 6 0
3 6 5 0
6 5 3 0
5 3 6 0
3 6 195 0
6 195 5 0
195 5 3 0
5 3 6 0
3 6 5 0
6 5 3 0
5 3 6 0
3 6 195 0
6 195 5 0
195 5 3 0
5 3 6 0
3 6 5 0
6 5 3 0
5 3 6 0
3 6 195 0
6 195 5 0
195 5 3 0
5 3 6 0
3 6 5 0
6 5 3 0
5 3 6 0
3 6 195 0
6 195 5 0
195 5 3 0
5 3 6 0
3 6 5 0
6 5 3 0
5 3 6 0
3 6 195 0
6 195 5 0
195 5 3 0
5 3 6 0
3 6 5 0
6 5 3 0
5 3 6 0
3 6 195 0
6 195 5 0
195 5 3 0
5 3 6 0
3 6 5 0
6 5 3 0
5 3 6 0
3 6 195 0
6 195 5 0
195 5 3 0
5 3 6 0
3 6 5 0
6 5 3 0
5 3 6 0
3 6 195 0
6 195 5 0
195 5 3 0
5 3 6 0
3 6 5 0
6 5 3 0
5 3 6 0
3 6 195 0
6 195 5 0
195 5 3 0
5 3 6 0
3 6 5 0
6 5 3 0
5 3 6 0
3 6 195 0
6 195 5 0
195 5 3 0
5 3 6 0
3 6 5 0
6 5 3 0
5 3 6 0
3 6 195 0
6 195 5 0
195 5 3 0
5 3 6 0
3 6 5 0
6 5 3 0
5 3 6 0
3 6 195 0
6 195 5 0
195 5 3 0
5 3 6 0
3 6 5 0
6 5 3 0
5 3 6 0
3 6 195 0
6 195 5 0
195 5 3 0
5 3 6 0
3 6 5 0
6 5 3 0
5 3 6 0
3 6 195 0
6 195 5 0
195 5 3 0
5 3 6 0
3 6 5 0
6 5 3 0
5 3 6 0
3 6 195 0
6 195 5 0
195 5 3 0
5 3 6 0
3 6 5 0
6 5 3 0
5 3 6 0
3 6 195 0
6 195 5 0
195 5 3 0
5 3 6 0
3 6 5 0
6 5 3 0
5 3 6 0
3 6 195 0
6 195 5 0
195 5 3 0
5 3 6 0
3 6 5 0
6 5 3 0
5 3 6 0
3 6 195 0
6 195 5 0
195 5 3 0
5 3 6 0
3 6 5 0
6 5 3 0
5 3 6 0
3 6 195 0
6 195 5 0
195 5 3 0
5 3 6 0
3 6 5 0
6 5 3 0
5 3 6 0
3 6 195 0
6 195 5 0
195 5 3 0
5 3 6 0
3 6 5 0
6 5 3 0
5 3 6 0
3 6 195 0
6 195 5 0
195 5 3 0
5 3 6 0
3 6 5 0
6 5 3 0
5 3 6 0
3 6 195 0
6 195 5 0
195 5 3 0
5 3 6 0
3 6 5 0
6 5 3 0
5 3 6 0
3 6 195 0
6 195 5 0
195 5 3 0
5 3 6 0
3 6 5 0
6 5 3 0
5 3 6 0
3 6 195 0
6 195 5 0
195 5 3 0
5 3 6 0
3 6 5 0
6 5 3 0
5 3 6 0
3 6 195 0
6 195 5 0
195 5 3 0
5 3 6 0
3 6 5 0
6 5 3 0
5 3 6 0
3 6 195 0
6 195 5 0
195 5 3 0
5 3 6 0
3 6 5 0
6 5 3 0
5 3 6 0
3 6 195 0
6 195 5 0
195 5 3 0
5 3 6 0
3 6 5 0
6 5 3 0
5 3 6 0
3 6 195 0
6 195 5 0
195 5 3 0
5 3 6 0
3 6 5 0
6 5 3 0
5 3 6 0
3 6 3 0
6 3 6 0
3 6 5 0
6 5 3 0
5 3 6 0
3 6 195 0
6 195 5 0
195 5 3 0
5 3 6 0
3 6 5 0
6 5 3 0
5 3 6 0
3 6 195 0
6 195 5 0
195 5 3 0
5 3 6 0
3 6 5 0
6 5 3 0
5 3 6 0
3 6 195 0
6 195 5 0
195 5 3 0
5 3 6 0
3 6 5 0
6 5 3 0
5 3 6 0
3 6 195 0
6 195 5 0
195 5 3 0
5 3 6 0
3 6 5 0
6 5 3 0
5 3 6 0
3 6 195 0
6 195 5 0
195 5 3 0
5 3 6 0
3 6 5 0
6 5 3 0
5 3 6 0
3 6 195 0
6 195 5 0
195 5 3 0
5 3 6 0
3 6 5 0
6 5 3 0
5 3 6 0
3 6 195 0
6 195 5 0
195 5 3 0
5 3 6 0
3 6 5 0
6 5 3 0
5 3 6 0
3 6 195 0
6 195 5 0
195 5 3 0
5 3 6 0
3 6 5 0
6 5 3 0
5 3 6 0
3 6 195 0
6 195 5 0
195 5 3 0
5 3 6 0
3 6 5 0
6 5 3 0
5 3 6 0
3 6 195 0
6 195 5 0
195 5 3 0
5 3 6 0
3 6 5 0
6 5 3 0
5 3 6 0
3 6 195 0
6 195 5 0
195 5 3 0
5 3 6 0
3 6 5 0
6 5 3 0
5 3 6 0
3 6 195 0
6 195 5 0
195 5 3 0
5 3 6 0
3 6 5 0
6 5 3 0
5 3 6 0
3 6 195 0
6 195 5 0
195 5 3 0
5 3 6 0
3 6 5 0
6 5 3 0
5 3 6 0
3 6 195 0
6 195 5 0
195 5 3 0
5 3 6 0
3 6 5 0
6 5 3 0
5 3 6 0
3 6 195 0
6 195 5 0
195 5 3 0
5 3 6 0
3 6 5 0
6 5 3 0
5 3 6 0
3 6 195 0
6 195 5 0
195 5 3 0
5 3 6 0
3 6 5 0
6 5 3 0
5 3 6 0
3 6 195 0
6 195 5 0
195 5 3 0
5 3 6 0
3 6 5 0
6 5 3 0
5 3 6 0
3 6 195 0
6 195 5 0
195 5 3 0
5 3 6 0
3 6 5 0
6 5 3 0
5 3 6 0
3 6 195 0
6 195 5 0
195 5 3 0
5 3 6 0
3 6 5 0
6 5 3 0
5 3 6 0
3 6 195 0
6 195 5 0
195 5 3 0
5 3 6 0
3 6 5 0
6 5 3 0
5 3 6 0
3 6 195 0
6 195 5 0
195 5 3 0
5 3 6 0
3 6 5 0
6 5 3 0
5 3 6 0
3 6 195 0
6 195 5 0
195 5 3 0
5 3 6 0
3 6 5 0
6 5 3 0
5 3 6 0
3 6 195 0
6 195 5 0
195 5 3 0
5 3 6 0
3 6 5 0
6 5 3 0
5 3 6 0
3 6 195 0
6 195 5 0
195 5 3 0
5 3 6 0
3 6 5 0
6 5 3 0
5 3 6 0
3 6 195 0
6 195 5 0
195 5 3 0
5 3 6 0
3 6 5 0
6 5 3 0
5 3 6 0
3 6 195 0
6 195 5 0
195 5 3 0
5 3 6 0
3 6 5 0
6 5 3 0
5 3 6 0
3 6 195 0
6 195 5 0
195 5 3 0
5 3 6 0
3 6 5 0
6 5 3 0
5 3 6 0
3 6 195 0
6 195 195 0
195 195 5 0
195 5 3 0
5 3 6 0
3 6 5 0
6 5 3 0
5 3 6 0
3 6 195 0
6 195 5 0
195 5 3 0
5 3 6 0
3 6 5 0
6 5 3 0
5 3 6 0
3 6 195 0
6 195 5 0
195 5 3 0
5 3 6 0
3 6 5 0
6 5 3 0
5 3 6 0
3 6 141 0
6 141 6 0
141 6 197 0
6 197 192 0
197 192 4 0
new
175 174 174 0
174 174 174 0
174 174 63 0
174 63 6 0
63 6 195 0
6 195 195 0
195 195 195 0
195 195 195 0
195 195 195 0
195 195 195 0
195 195 195 0
195 195 195 0
195 195 195 0
195 195 201 0
195 201 202 0
201 202 199 0
202 199 200 0
199 200 33 0
200 33 195 0
33 195 201 0
195 201 202 0
201 202 199 0
202 199 200 0
199 200 33 0
200 33 195 0
33 195 195 0
195 195 201 0
195 201 202 0
201 202 199 0
202 199 200 0
199 200 33 0
200 33 195 0
33 195 201 0
195 201 202 0
201 202 199 0
202 199 200 0
199 200 33 0
200 33 174 0
33 174 174 0
174 174 174 0
174 174 174 0
174 174 174 0
174 174 174 0
174 174 174 0
174 174 174 0
174 174 174 0
174 174 174 0
174 174 174 0
174 174 174 0
174 174 174 0
174 174 174 0
174 174 174 0
174 174 174 0
174 174 174 0
174 174 174 0
174 174 174 0
174 174 11 0
174 11 45 0
11 45 33 0
45 33 192 0
33 192 33 0
192 33 5 0
33 5 197 0
5 197 192 0
197 192 6 0
192 6 33 0
6 33 5 0
33 5 3 0
5 3 197 0
3 197 192 0
197 192 192 0
192 192 6 0
192 6 33 0
6 33 5 0
33 5 3 0
5 3 197 0
3 197 192 0
197 192 192 0
192 192 192 0
192 192 6 0
192 6 33 0
6 33 5 0
33 5 3 0
5 3 197 0
3 197 192 0
197 192 192 0
192 192 192 0
192 192 6 0
192 6 192 0
6 192 243 0
192 243 125 0
243 125 125 0
125 125 125 0
125 125 125 0
125 125 125 0
125 125 91 0
125 91 268 0
91 268 45 0
268 45 45 0
45 45 5 0
45 5 197 0
5 197 192 0
197 192 3 0
192 3 3 0
3 3 6 0
3 6 91 0
6 91 5 0
91 5 197 0
5 197 192 0
197 192 192 0
192 192 6 0
192 6 5 0
6 5 5 0
5 5 5 0
5 5 197 0
5 197 192 0
197 192 3 0
192 3 3 0
3 3 3 0
3 3 3 0
3 3 3 0
3 3 3 0
3 3 3 0
3 3 3 0
3 3 3 0
3 3 3 0
3 3 3 0
3 3 3 0
3 3 3 0
3 3 3 0
3 3 3 0
3 3 6 0
3 6 91 0
6 91 221 0
91 221 197 0
221 197 192 0
197 192 140 0
192 140 3 0
140 3 197 0
3 197 192 0
197 192 3 0
192 3 6 0
3 6 91 0
6 91 4 0
91 4 6 0
4 6 91 0
6 91 6 0
new
