175 174 174 0
174 174 174 0
174 174 57 0
174 57 175 0
57 175 54 0
175 54 175 0
54 175 6 0
175 6 3 0
6 3 6 0
3 6 174 0
6 174 174 0
174 174 174 0
174 174 174 0
174 174 174 0
174 174 174 0
174 174 174 0
174 174 174 0
174 174 174 0
174 174 174 0
174 174 174 0
174 174 174 0
174 174 174 0
174 174 174 0
174 174 174 0
174 174 174 0
174 174 174 0
174 174 174 0
174 174 174 0
174 174 11 0
174 11 45 0
11 45 33 0
45 33 192 0
33 192 33 0
192 33 5 0
33 5 197 0
5 197 192 0
197 192 6 0
192 6 33 0
6 33 5 0
33 5 3 0
5 3 197 0
3 197 192 0
197 192 192 0
192 192 6 0
192 6 33 0
6 33 5 0
33 5 3 0
5 3 197 0
3 197 192 0
197 192 192 0
192 192 6 0
192 6 33 0
6 33 5 0
33 5 3 0
5 3 197 0
3 197 192 0
197 192 192 0
192 192 192 0
192 192 6 0
192 6 33 0
6 33 5 0
33 5 3 0
5 3 197 0
3 197 192 0
197 192 192 0
192 192 192 0
192 192 6 0
192 6 33 0
6 33 5 0
33 5 3 0
5 3 197 0
3 197 192 0
197 192 192 0
192 192 6 0
192 6 33 0
6 33 5 0
33 5 3 0
5 3 197 0
3 197 192 0
197 192 192 0
192 192 192 0
192 192 6 0
192 6 33 0
6 33 5 0
33 5 3 0
5 3 197 0
3 197 192 0
197 192 192 0
192 192 6 0
192 6 192 0
6 192 192 0
192 192 243 0
192 243 125 0
243 125 125 0
125 125 125 0
125 125 125 0
125 125 125 0
125 125 125 0
125 125 125 0
125 125 125 0
125 125 125 0
125 125 91 0
125 91 258 0
91 258 311 0
258 311 240 0
311 240 240 0
240 240 174 0
240 174 174 0
174 174 175 0
174 175 191 0
175 191 122 0
191 122 268 0
122 268 45 0
268 45 45 0
45 45 5 0
45 5 197 0
5 197 192 0
197 192 3 0
192 3 3 0
3 3 6 0
3 6 91 0
6 91 5 0
91 5 197 0
5 197 192 0
197 192 192 0
192 192 6 0
192 6 54 0
6 54 54 0
54 54 54 0
54 54 54 0
54 54 174 0
54 174 174 0
174 174 174 0
174 174 174 0
174 174 174 0
174 174 174 0
174 174 174 0
174 174 174 0
174 174 174 0
174 174 174 0
174 174 174 0
174 174 174 0
174 174 174 0
174 174 174 0
174 174 174 0
174 174 174 0
174 174 174 0
174 174 174 0
174 174 174 0
174 174 174 0
174 174 174 0
174 174 174 0
174 174 174 0
174 174 174 0
174 174 5 0
174 5 221 0
5 221 220 0
221 220 196 0
220 196 196 0
196 196 196 0
196 196 196 0
196 196 196 0
196 196 196 0
196 196 196 0
196 196 196 0
196 196 196 0
196 196 196 0
196 196 196 0
196 196 196 0
196 196 196 0
196 196 196 0
196 196 196 0
196 196 196 0
196 196 196 0
196 196 196 0
196 196 196 0
196 196 196 0
196 196 196 0
196 196 196 0
196 196 196 0
196 196 196 0
196 196 196 0
196 196 196 0
196 196 196 0
196 196 196 0
196 196 196 0
196 196 196 0
196 196 196 0
196 196 196 0
196 196 196 0
196 196 196 0
196 196 196 0
196 196 196 0
196 196 196 0
196 196 196 0
196 196 196 0
196 196 196 0
196 196 196 0
196 196 196 0
196 196 196 0
196 196 196 0
196 196 196 0
196 196 196 0
196 196 196 0
196 196 196 0
196 196 196 0
196 196 196 0
196 196 196 0
196 196 196 0
196 196 196 0
196 196 196 0
196 196 196 0
196 196 196 0
196 196 196 0
196 196 196 0
196 196 196 0
196 196 196 0
196 196 196 0
196 196 196 0
196 196 196 0
196 196 196 0
196 196 196 0
196 196 196 0
196 196 196 0
196 196 196 0
196 196 196 0
196 196 196 0
196 196 196 0
196 196 196 0
196 196 196 0
196 196 196 0
196 196 196 0
196 196 196 0
196 196 196 0
196 196 196 0
196 196 196 0
196 196 196 0
196 196 196 0
196 196 196 0
196 196 196 0
196 196 196 0
196 196 196 0
196 196 196 0
196 196 196 0
196 196 220 0
196 220 6 0
220 6 197 0
6 197 192 0
197 192 4 0
192 4 4 0
4 4 4 0
4 4 4 0
4 4 4 0
4 4 4 0
4 4 4 0
4 4 4 0
4 4 4 0
4 4 4 0
4 4 4 0
4 4 4 0
4 4 4 0
4 4 4 0
4 4 4 0
4 4 4 0
4 4 4 0
4 4 4 0
4 4 174 0
4 174 174 0
174 174 174 0
174 174 174 0
174 174 174 0
174 174 174 0
174 174 174 0
174 174 174 0
174 174 174 0
174 174 174 0
174 174 174 0
174 174 174 0
174 174 6 0
174 6 91 0
6 91 6 0
new
175 5 3 0
5 3 6 0
3 6 195 0
6 195 175 0
195 175 175 0
175 175 175 0
175 175 175 0
175 175 195 0
175 195 175 0
195 175 175 0
175 175 208 0
175 208 175 0
208 175 60 0
175 60 195 0
60 195 195 0
195 195 60 0
195 60 175 0
60 175 208 0
175 208 175 0
208 175 175 0
175 175 208 0
175 208 175 0
208 175 175 0
175 175 5 0
175 5 143 0
5 143 197 0
143 197 3 0
197 3 19 0
3 19 4 0
19 4 143 0
4 143 6 0
143 6 175 0
6 175 175 0
175 175 208 0
175 208 175 0
208 175 175 0
175 175 175 0
175 175 175 0
175 175 208 0
175 208 175 0
208 175 5 0
175 5 175 0
5 175 208 0
175 208 175 0
208 175 54 0
175 54 54 0
54 54 221 0
54 221 221 0
221 221 175 0
221 175 54 0
175 54 54 0
54 54 54 0
54 54 54 0
54 54 54 0
54 54 54 0
54 54 54 0
54 54 54 0
54 54 175 0
54 175 221 0
175 221 221 0
221 221 221 0
221 221 221 0
221 221 4 0
221 4 176 0
4 176 3 0
176 3 176 0
3 176 162 0
176 162 3 0
162 3 4 0
3 4 4 0
4 4 176 0
4 176 3 0
176 3 176 0
3 176 162 0
176 162 3 0
162 3 3 0
3 3 4 0
3 4 176 0
4 176 175 0
176 175 175 0
175 175 175 0
175 175 175 0
175 175 6 0
175 6 175 0
6 175 208 0
175 208 175 0
208 175 10 0
175 10 175 0
10 175 208 0
175 208 175 0
208 175 175 0
175 175 175 0
175 175 175 0
175 175 175 0
175 175 175 0
175 175 91 0
new
6 11 45 0
11 45 33 0
45 33 192 0
33 192 33 0
192 33 5 0
33 5 197 0
5 197 192 0
197 192 6 0
192 6 33 0
6 33 5 0
33 5 3 0
5 3 197 0
3 197 192 0
197 192 192 0
192 192 192 0
192 192 6 0
192 6 192 0
6 192 243 0
192 243 125 0
243 125 125 0
125 125 125 0
125 125 91 0
125 91 45 0
91 45 45 0
45 45 102 0
45 102 102 0
102 102 6 0
102 6 102 0
6 102 102 0
102 102 6 0
102 6 5 0
6 5 197 0
5 197 192 0
197 192 3 0
192 3 3 0
3 3 6 0
3 6 91 0
6 91 5 0
91 5 197 0
5 197 192 0
197 192 6 0
192 6 33 0
6 33 5 0
33 5 3 0
5 3 197 0
3 197 192 0
197 192 192 0
192 192 6 0
192 6 33 0
6 33 5 0
33 5 3 0
5 3 197 0
3 197 192 0
197 192 192 0
192 192 192 0
192 192 6 0
192 6 125 0
6 125 125 0
125 125 91 0
125 91 5 0
91 5 197 0
5 197 192 0
197 192 6 0
192 6 33 0
6 33 5 0
33 5 3 0
5 3 197 0
3 197 192 0
197 192 192 0
192 192 6 0
192 6 33 0
6 33 5 0
33 5 3 0
5 3 197 0
3 197 192 0
197 192 192 0
192 192 6 0
192 6 125 0
6 125 125 0
125 125 91 0
125 91 5 0
91 5 221 0
5 221 140 0
221 140 197 0
140 197 192 0
197 192 140 0
192 140 91 0
140 91 6 0
91 6 102 0
6 102 102 0
102 102 6 0
102 6 102 0
6 102 102 0
102 102 6 0
102 6 5 0
6 5 140 0
5 140 197 0
140 197 192 0
197 192 140 0
192 140 91 0
140 91 6 0
91 6 300 0
6 300 298 0
300 298 6 0
298 6 6 0
new
6 63 6 0
63 6 11 0
6 11 45 0
11 45 33 0
45 33 192 0
33 192 33 0
192 33 5 0
33 5 197 0
5 197 192 0
197 192 6 0
192 6 33 0
6 33 5 0
33 5 3 0
5 3 197 0
3 197 192 0
197 192 192 0
192 192 192 0
192 192 6 0
192 6 33 0
6 33 5 0
33 5 3 0
5 3 197 0
3 197 192 0
197 192 192 0
192 192 192 0
192 192 6 0
192 6 192 0
6 192 192 0
192 192 243 0
192 243 125 0
243 125 125 0
125 125 125 0
125 125 125 0
125 125 91 0
125 91 45 0
91 45 45 0
45 45 5 0
45 5 197 0
5 197 192 0
197 192 3 0
192 3 6 0
3 6 91 0
6 91 5 0
91 5 3 0
5 3 6 0
3 6 174 0
6 174 174 0
174 174 174 0
174 174 174 0
174 174 174 0
174 174 174 0
174 174 174 0
174 174 174 0
174 174 174 0
174 174 174 0
174 174 174 0
174 174 174 0
174 174 174 0
174 174 174 0
174 174 174 0
174 174 174 0
174 174 174 0
174 174 174 0
174 174 174 0
174 174 174 0
174 174 174 0
174 174 174 0
174 174 174 0
174 174 5 0
174 5 3 0
5 3 6 0
3 6 54 0
6 54 54 0
54 54 54 0
54 54 5 0
54 5 54 0
5 54 201 0
54 201 5 0
201 5 19 0
5 19 3 0
19 3 5 0
3 5 3 0
5 3 6 0
3 6 192 0
6 192 125 0
192 125 13 0
125 13 5 0
13 5 19 0
5 19 3 0
19 3 195 0
3 195 5 0
195 5 221 0
5 221 141 0
221 141 195 0
141 195 5 0
195 5 3 0
5 3 6 0
3 6 5 0
6 5 3 0
5 3 6 0
3 6 195 0
6 195 5 0
195 5 3 0
5 3 6 0
3 6 5 0
6 5 3 0
5 3 6 0
3 6 195 0
6 195 5 0
195 5 3 0
5 3 6 0
3 6 5 0
6 5 3 0
5 3 6 0
3 6 195 0
6 195 5 0
195 5 3 0
5 3 6 0
3 6 5 0
6 5 3 0
5 3 6 0
3 6 195 0
6 195 5 0
195 5 3 0
5 3 6 0
3 6 5 0
6 5 3 0
5 3 6 0
3 6 195 0
6 195 5 0
195 5 3 0
5 3 6 0
3 6 5 0
6 5 3 0
5 3 6 0
3 6 195 0
6 195 5 0
195 5 3 0
5 3 6 0
3 6 5 0
6 5 3 0
5 3 6 0
3 6 195 0
6 195 5 0
195 5 3 0
5 3 6 0
3 6 5 0
6 5 3 0
5 3 6 0
3 6 195 0
6 195 5 0
195 5 3 0
5 3 6 0
3 6 5 0
6 5 3 0
5 3 6 0
3 6 195 0
6 195 5 0
195 5 3 0
5 3 6 0
3 6 5 0
6 5 3 0
5 3 6 0
3 6 195 0
6 195 5 0
195 5 3 0
5 3 6 0
3 6 5 0
6 5 3 0
5 3 6 0
3 6 195 0
6 195 5 0
195 5 3 0
5 3 6 0
3 6 5 0
6 5 3 0
5 3 6 0
3 6 195 0
6 195 5 0
195 5 3 0
5 3 6 0
3 6 5 0
6 5 3 0
5 3 6 0
3 6 195 0
6 195 5 0
195 5 3 0
5 3 6 0
3 6 5 0
6 5 3 0
5 3 6 0
3 6 195 0
6 195 5 0
195 5 3 0
5 3 6 0
3 6 5 0
6 5 3 0
5 3 6 0
3 6 195 0
6 195 5 0
195 5 3 0
5 3 6 0
3 6 5 0
6 5 3 0
5 3 6 0
3 6 195 0
6 195 5 0
195 5 3 0
5 3 6 0
3 6 5 0
6 5 3 0
5 3 6 0
3 6 195 0
6 195 5 0
195 5 3 0
5 3 6 0
3 6 5 0
6 5 3 0
5 3 6 0
3 6 195 0
6 195 5 0
195 5 3 0
5 3 6 0
3 6 5 0
6 5 3 0
5 3 6 0
3 6 195 0
6 195 5 0
195 5 3 0
5 3 6 0
3 6 5 0
6 5 3 0
5 3 6 0
3 6 195 0
6 195 5 0
195 5 3 0
5 3 6 0
3 6 5 0
6 5 3 0
5 3 6 0
3 6 195 0
6 195 5 0
195 5 3 0
5 3 6 0
3 6 5 0
6 5 3 0
5 3 6 0
3 6 195 0
6 195 5 0
195 5 3 0
5 3 6 0
3 6 5 0
6 5 3 0
5 3 6 0
3 6 195 0
6 195 5 0
195 5 3 0
5 3 6 0
3 6 5 0
6 5 3 0
5 3 6 0
3 6 195 0
6 195 5 0
195 5 3 0
5 3 6 0
3 6 5 0
6 5 3 0
5 3 6 0
3 6 195 0
6 195 5 0
195 5 3 0
5 3 6 0
3 6 5 0
6 5 3 0
5 3 6 0
3 6 195 0
6 195 5 0
195 5 3 0
5 3 6 0
3 6 5 0
6 5 3 0
5 3 6 0
3 6 195 0
6 195 5 0
195 5 3 0
5 3 6 0
3 6 5 0
6 5 3 0
5 3 6 0
3 6 195 0
6 195 5 0
195 5 3 0
5 3 6 0
3 6 5 0
6 5 3 0
5 3 6 0
3 6 195 0
6 195 5 0
195 5 3 0
5 3 6 0
3 6 5 0
6 5 3 0
5 3 6 0
3 6 195 0
6 195 5 0
195 5 3 0
5 3 6 0
3 6 5 0
6 5 3 0
5 3 6 0
3 6 195 0
6 195 5 0
195 5 3 0
5 3 6 0
3 6 5 0
6 5 3 0
5 3 6 0
3 6 195 0
6 195 5 0
195 5 3 0
5 3 6 0
3 6 5 0
6 5 3 0
5 3 6 0
3 6 195 0
6 195 5 0
195 5 3 0
5 3 6 0
3 6 5 0
6 5 3 0
5 3 6 0
3 6 195 0
6 195 5 0
195 5 3 0
5 3 6 0
3 6 5 0
6 5 3 0
5 3 6 0
3 6 195 0
6 195 5 0
195 5 3 0
5 3 6 0
3 6 5 0
6 5 3 0
5 3 6 0
3 6 195 0
6 195 5 0
195 5 3 0
5 3 6 0
3 6 5 0
6 5 3 0
5 3 6 0
3 6 195 0
6 195 5 0
195 5 3 0
5 3 6 0
3 6 5 0
6 5 3 0
5 3 6 0
3 6 195 0
6 195 5 0
195 5 3 0
5 3 6 0
3 6 5 0
6 5 3 0
5 3 6 0
3 6 195 0
6 195 5 0
195 5 3 0
5 3 6 0
3 6 5 0
6 5 3 0
5 3 6 0
3 6 195 0
6 195 5 0
195 5 3 0
5 3 6 0
3 6 5 0
6 5 3 0
5 3 6 0
3 6 195 0
6 195 5 0
195 5 3 0
5 3 6 0
3 6 5 0
6 5 3 0
5 3 6 0
3 6 195 0
6 195 5 0
195 5 3 0
5 3 6 0
3 6 5 0
6 5 3 0
5 3 6 0
3 6 195 0
6 195 5 0
195 5 3 0
5 3 6 0
3 6 5 0
6 5 3 0
5 3 6 0
3 6 195 0
6 195 5 0
195 5 3 0
5 3 6 0
3 6 5 0
6 5 3 0
5 3 6 0
3 6 195 0
6 195 5 0
195 5 3 0
5 3 6 0
3 6 5 0
6 5 3 0
5 3 6 0
3 6 195 0
6 195 5 0
195 5 3 0
5 3 6 0
3 6 5 0
6 5 3 0
5 3 6 0
3 6 195 0
6 195 5 0
195 5 3 0
5 3 6 0
3 6 5 0
6 5 3 0
5 3 6 0
3 6 195 0
6 195 5 0
195 5 3 0
5 3 6 0
3 6 5 0
6 5 3 0
5 3 6 0
3 6 195 0
6 195 5 0
195 5 3 0
5 3 6 0
3 6 5 0
6 5 3 0
5 3 6 0
3 6 195 0
6 195 5 0
195 5 3 0
5 3 6 0
3 6 5 0
6 5 3 0
5 3 6 0
3 6 195 0
6 195 5 0
195 5 3 0
5 3 6 0
3 6 5 0
6 5 3 0
5 3 6 0
3 6 195 0
6 195 5 0
195 5 3 0
5 3 6 0
3 6 5 0
6 5 3 0
5 3 6 0
3 6 195 0
6 195 5 0
195 5 3 0
5 3 6 0
3 6 5 0
6 5 3 0
5 3 6 0
3 6 195 0
6 195 5 0
195 5 3 0
5 3 6 0
3 6 5 0
6 5 3 0
5 3 6 0
3 6 195 0
6 195 5 0
195 5 3 0
5 3 6 0
3 6 5 0
6 5 3 0
5 3 6 0
3 6 195 0
6 195 5 0
195 5 3 0
5 3 6 0
3 6 5 0
6 5 3 0
5 3 6 0
3 6 195 0
6 195 5 0
195 5 3 0
5 3 6 0
3 6 5 0
6 5 3 0
5 3 6 0
3 6 195 0
6 195 5 0
195 5 3 0
5 3 6 0
3 6 5 0
6 5 3 0
5 3 6 0
3 6 195 0
6 195 5 0
195 5 3 0
5 3 6 0
3 6 5 0
6 5 3 0
5 3 6 0
3 6 195 0
6 195 5 0
195 5 3 0
5 3 6 0
3 6 5 0
6 5 3 0
5 3 6 0
3 6 195 0
6 195 5 0
195 5 3 0
5 3 6 0
3 6 5 0
6 5 3 0
5 3 6 0
3 6 195 0
6 195 5 0
195 5 3 0
5 3 6 0
3 6 5 0
6 5 3 0
5 3 6 0
3 6 195 0
6 195 5 0
195 5 3 0
5 3 6 0
3 6 5 0
6 5 3 0
5 3 6 0
3 6 195 0
6 195 5 0
195 5 3 0
5 3 6 0
3 6 5 0
6 5 3 0
5 3 6 0
3 6 195 0
6 195 5 0
195 5 3 0
5 3 6 0
3 6 5 0
6 5 3 0
5 3 6 0
3 6 195 0
6 195 5 0
195 5 3 0
5 3 6 0
3 6 5 0
6 5 3 0
5 3 6 0
3 6 195 0
6 195 5 0
195 5 3 0
5 3 6 0
3 6 5 0
6 5 3 0
5 3 6 0
3 6 195 0
6 195 5 0
195 5 3 0
5 3 6 0
3 6 5 0
6 5 3 0
5 3 6 0
3 6 195 0
6 195 5 0
195 5 3 0
5 3 6 0
3 6 5 0
6 5 3 0
5 3 6 0
3 6 195 0
6 195 5 0
195 5 3 0
5 3 6 0
3 6 5 0
6 5 3 0
5 3 6 0
3 6 195 0
6 195 5 0
195 5 3 0
5 3 6 0
3 6 5 0
6 5 3 0
5 3 6 0
3 6 195 0
6 195 5 0
195 5 3 0
5 3 6 0
3 6 5 0
6 5 3 0
5 3 6 0
3 6 195 0
6 195 5 0
195 5 3 0
5 3 6 0
3 6 5 0
6 5 3 0
5 3 6 0
3 6 195 0
6 195 5 0
195 5 3 0
5 3 6 0
3 6 5 0
6 5 3 0
5 3 6 0
3 6 195 0
6 195 5 0
195 5 3 0
5 3 6 0
3 6 5 0
6 5 3 0
5 3 6 0
3 6 195 0
6 195 5 0
195 5 3 0
5 3 6 0
3 6 5 0
6 5 3 0
5 3 6 0
3 6 195 0
6 195 5 0
195 5 3 0
5 3 6 0
3 6 5 0
6 5 3 0
5 3 6 0
3 6 195 0
6 195 5 0
195 5 3 0
5 3 6 0
3 6 5 0
6 5 3 0
5 3 6 0
3 6 195 0
6 195 5 0
195 5 3 0
5 3 6 0
3 6 5 0
6 5 3 0
5 3 6 0
3 6 195 0
6 195 5 0
195 5 3 0
5 3 6 0
3 6 5 0
6 5 3 0
5 3 6 0
3 6 195 0
6 195 5 0
195 5 3 0
5 3 6 0
3 6 5 0
6 5 3 0
5 3 6 0
3 6 195 0
6 195 5 0
195 5 3 0
5 3 6 0
3 6 5 0
6 5 3 0
5 3 6 0
3 6 195 0
6 195 5 0
195 5 3 0
5 3 6 0
3 6 5 0
6 5 3 0
5 3 6 0
3 6 195 0
6 195 5 0
195 5 3 0
5 3 6 0
3 6 5 0
6 5 3 0
5 3 6 0
3 6 195 0
6 195 5 0
195 5 3 0
5 3 6 0
3 6 5 0
6 5 3 0
5 3 6 0
3 6 195 0
6 195 5 0
195 5 3 0
5 3 6 0
3 6 5 0
6 5 3 0
5 3 6 0
3 6 195 0
6 195 5 0
195 5 3 0
5 3 6 0
3 6 5 0
6 5 3 0
5 3 6 0
3 6 195 0
6 195 5 0
195 5 3 0
5 3 6 0
3 6 5 0
6 5 3 0
5 3 6 0
3 6 195 0
6 195 5 0
195 5 3 0
5 3 6 0
3 6 5 0
6 5 3 0
5 3 6 0
3 6 195 0
6 195 5 0
195 5 3 0
5 3 6 0
3 6 5 0
6 5 3 0
5 3 6 0
3 6 195 0
6 195 5 0
195 5 3 0
5 3 6 0
3 6 5 0
6 5 3 0
5 3 6 0
3 6 195 0
6 195 5 0
195 5 3 0
5 3 6 0
3 6 5 0
6 5 3 0
5 3 6 0
3 6 195 0
6 195 5 0
195 5 3 0
5 3 6 0
3 6 5 0
6 5 3 0
5 3 6 0
3 6 195 0
6 195 5 0
195 5 3 0
5 3 6 0
3 6 5 0
6 5 3 0
5 3 6 0
3 6 195 0
6 195 5 0
195 5 3 0
5 3 6 0
3 6 5 0
6 5 3 0
5 3 6 0
3 6 195 0
6 195 5 0
195 5 3 0
5 3 6 0
3 6 5 0
6 5 3 0
5 3 6 0
3 6 195 0
6 195 5 0
195 5 3 0
5 3 6 0
3 6 5 0
6 5 3 0
5 3 6 0
3 6 195 0
6 195 5 0
195 5 3 0
5 3 6 0
3 6 5 0
6 5 3 0
5 3 6 0
3 6 195 0
6 195 5 0
195 5 3 0
5 3 6 0
3 6 5 0
6 5 3 0
5 3 6 0
3 6 195 0
6 195 5 0
195 5 3 0
5 3 6 0
3 6 5 0
6 5 3 0
5 3 6 0
3 6 195 0
6 195 5 0
195 5 3 0
5 3 6 0
3 6 5 0
6 5 3 0
5 3 6 0
3 6 195 0
6 195 5 0
195 5 3 0
5 3 6 0
3 6 5 0
6 5 3 0
5 3 6 0
3 6 195 0
6 195 5 0
195 5 3 0
5 3 6 0
3 6 5 0
6 5 3 0
5 3 6 0
3 6 195 0
6 195 5 0
195 5 3 0
5 3 6 0
3 6 5 0
6 5 3 0
5 3 6 0
3 6 195 0
6 195 5 0
195 5 3 0
5 3 6 0
3 6 5 0
6 5 3 0
5 3 6 0
3 6 195 0
6 195 5 0
195 5 3 0
5 3 6 0
3 6 5 0
6 5 3 0
5 3 6 0
3 6 195 0
6 195 5 0
195 5 3 0
5 3 6 0
3 6 5 0
6 5 3 0
5 3 6 0
3 6 195 0
6 195 5 0
195 5 3 0
5 3 6 0
3 6 5 0
6 5 3 0
5 3 6 0
3 6 195 0
6 195 5 0
195 5 3 0
5 3 6 0
3 6 5 0
6 5 3 0
5 3 6 0
3 6 195 0
6 195 5 0
195 5 3 0
5 3 6 0
3 6 5 0
6 5 3 0
5 3 6 0
3 6 195 0
6 195 5 0
195 5 3 0
5 3 6 0
3 6 5 0
6 5 3 0
5 3 6 0
3 6 195 0
6 195 5 0
195 5 3 0
5 3 6 0
3 6 5 0
6 5 3 0
5 3 6 0
3 6 195 0
6 195 5 0
195 5 3 0
5 3 6 0
3 6 5 0
6 5 3 0
5 3 6 0
3 6 195 0
6 195 5 0
195 5 3 0
5 3 6 0
3 6 5 0
6 5 3 0
5 3 6 0
3 6 195 0
6 195 5 0
195 5 3 0
5 3 6 0
3 6 5 0
6 5 3 0
5 3 6 0
3 6 195 0
6 195 5 0
195 5 3 0
5 3 6 0
3 6 5 0
6 5 3 0
5 3 6 0
3 6 195 0
6 195 5 0
195 5 3 0
5 3 6 0
3 6 5 0
6 5 3 0
5 3 6 0
3 6 195 0
6 195 5 0
195 5 3 0
5 3 6 0
3 6 5 0
6 5 3 0
5 3 6 0
3 6 195 0
6 195 5 0
195 5 3 0
5 3 6 0
3 6 5 0
6 5 3 0
5 3 6 0
3 6 195 0
6 195 5 0
195 5 3 0
5 3 6 0
3 6 5 0
6 5 3 0
5 3 6 0
3 6 195 0
6 195 5 0
195 5 3 0
5 3 6 0
3 6 5 0
6 5 3 0
5 3 6 0
3 6 195 0
6 195 5 0
195 5 3 0
5 3 6 0
3 6 5 0
6 5 3 0
5 3 6 0
3 6 195 0
6 195 5 0
195 5 3 0
5 3 6 0
3 6 5 0
6 5 3 0
5 3 6 0
3 6 195 0
6 195 5 0
195 5 3 0
5 3 6 0
3 6 5 0
6 5 3 0
5 3 6 0
3 6 195 0
6 195 5 0
195 5 3 0
5 3 6 0
3 6 5 0
6 5 3 0
5 3 6 0
3 6 195 0
6 195 5 0
195 5 3 0
5 3 6 0
3 6 5 0
6 5 3 0
5 3 6 0
3 6 195 0
6 195 5 0
195 5 3 0
5 3 6 0
3 6 5 0
6 5 3 0
5 3 6 0
3 6 195 0
6 195 5 0
195 5 3 0
5 3 6 0
3 6 5 0
6 5 3 0
5 3 6 0
3 6 195 0
6 195 5 0
195 5 3 0
5 3 6 0
3 6 5 0
6 5 3 0
5 3 6 0
3 6 195 0
6 195 5 0
195 5 3 0
5 3 6 0
3 6 5 0
6 5 3 0
5 3 6 0
3 6 195 0
6 195 5 0
195 5 3 0
5 3 6 0
3 6 5 0
6 5 3 0
5 3 6 0
3 6 195 0
6 195 5 0
195 5 3 0
5 3 6 0
3 6 5 0
6 5 3 0
5 3 6 0
3 6 195 0
6 195 5 0
195 5 3 0
5 3 6 0
3 6 5 0
6 5 3 0
5 3 6 0
3 6 195 0
6 195 5 0
195 5 3 0
5 3 6 0
3 6 5 0
6 5 3 0
5 3 6 0
3 6 195 0
6 195 5 0
195 5 3 0
5 3 6 0
3 6 5 0
6 5 3 0
5 3 6 0
3 6 195 0
6 195 5 0
195 5 3 0
5 3 6 0
3 6 5 0
6 5 3 0
5 3 6 0
3 6 195 0
6 195 5 0
195 5 3 0
5 3 6 0
3 6 5 0
6 5 3 0
5 3 6 0
3 6 195 0
6 195 5 0
195 5 3 0
5 3 6 0
3 6 5 0
6 5 3 0
5 3 6 0
3 6 195 0
6 195 5 0
195 5 3 0
5 3 6 0
3 6 5 0
6 5 3 0
5 3 6 0
3 6 195 0
6 195 5 0
195 5 3 0
5 3 6 0
3 6 5 0
6 5 3 0
5 3 6 0
3 6 195 0
6 195 5 0
195 5 3 0
5 3 6 0
3 6 5 0
6 5 3 0
5 3 6 0
3 6 195 0
6 195 5 0
195 5 3 0
5 3 6 0
3 6 5 0
6 5 3 0
5 3 6 0
3 6 195 0
6 195 5 0
195 5 3 0
5 3 6 0
3 6 5 0
6 5 3 0
5 3 6 0
3 6 195 0
6 195 5 0
195 5 3 0
5 3 6 0
3 6 5 0
6 5 3 0
5 3 6 0
3 6 195 0
6 195 5 0
195 5 3 0
5 3 6 0
3 6 5 0
6 5 3 0
5 3 6 0
3 6 195 0
6 195 5 0
195 5 3 0
5 3 6 0
3 6 5 0
6 5 3 0
5 3 6 0
3 6 195 0
6 195 5 0
195 5 3 0
5 3 6 0
3 6 5 0
6 5 3 0
5 3 6 0
3 6 195 0
6 195 5 0
195 5 3 0
5 3 6 0
3 6 5 0
6 5 3 0
5 3 6 0
3 6 195 0
6 195 5 0
195 5 3 0
5 3 6 0
3 6 5 0
6 5 3 0
5 3 6 0
3 6 195 0
6 195 5 0
195 5 3 0
5 3 6 0
3 6 5 0
6 5 3 0
5 3 6 0
3 6 195 0
6 195 5 0
195 5 3 0
5 3 6 0
3 6 5 0
6 5 3 0
5 3 6 0
3 6 195 0
6 195 5 0
195 5 3 0
5 3 6 0
3 6 5 0
6 5 3 0
5 3 6 0
3 6 195 0
6 195 5 0
195 5 3 0
5 3 6 0
3 6 5 0
6 5 3 0
5 3 6 0
3 6 195 0
6 195 5 0
195 5 3 0
5 3 6 0
3 6 5 0
6 5 3 0
5 3 6 0
3 6 195 0
6 195 5 0
195 5 3 0
5 3 6 0
3 6 5 0
6 5 3 0
5 3 6 0
3 6 195 0
6 195 5 0
195 5 3 0
5 3 6 0
3 6 5 0
6 5 3 0
5 3 6 0
3 6 195 0
6 195 5 0
195 5 3 0
5 3 6 0
3 6 5 0
6 5 3 0
5 3 6 0
3 6 195 0
6 195 5 0
195 5 3 0
5 3 6 0
3 6 5 0
6 5 3 0
5 3 6 0
3 6 195 0
6 195 5 0
195 5 3 0
5 3 6 0
3 6 5 0
6 5 3 0
5 3 6 0
3 6 195 0
6 195 5 0
195 5 3 0
5 3 6 0
3 6 5 0
6 5 3 0
5 3 6 0
3 6 195 0
6 195 5 0
195 5 3 0
5 3 6 0
3 6 5 0
6 5 3 0
5 3 6 0
3 6 195 0
6 195 5 0
195 5 3 0
5 3 6 0
3 6 5 0
6 5 3 0
5 3 6 0
3 6 195 0
6 195 5 0
195 5 3 0
5 3 6 0
3 6 5 0
6 5 3 0
5 3 6 0
3 6 195 0
6 195 5 0
195 5 3 0
5 3 6 0
3 6 5 0
6 5 3 0
5 3 6 0
3 6 195 0
6 195 5 0
195 5 3 0
5 3 6 0
3 6 5 0
6 5 3 0
5 3 6 0
3 6 195 0
6 195 5 0
195 5 3 0
5 3 6 0
3 6 5 0
6 5 3 0
5 3 6 0
3 6 195 0
6 195 5 0
195 5 3 0
5 3 6 0
3 6 5 0
6 5 3 0
5 3 6 0
3 6 195 0
6 195 5 0
195 5 3 0
5 3 6 0
3 6 5 0
6 5 3 0
5 3 6 0
3 6 195 0
6 195 5 0
195 5 3 0
5 3 6 0
3 6 5 0
6 5 3 0
5 3 6 0
3 6 195 0
6 195 5 0
195 5 3 0
5 3 6 0
3 6 5 0
6 5 3 0
5 3 6 0
3 6 195 0
6 195 5 0
195 5 3 0
5 3 6 0
3 6 5 0
6 5 3 0
5 3 6 0
3 6 195 0
6 195 5 0
195 5 3 0
5 3 6 0
3 6 5 0
6 5 3 0
5 3 6 0
3 6 195 0
6 195 5 0
195 5 3 0
5 3 6 0
3 6 5 0
6 5 3 0
5 3 6 0
3 6 195 0
6 195 5 0
195 5 3 0
5 3 6 0
3 6 5 0
6 5 3 0
5 3 6 0
3 6 195 0
6 195 5 0
195 5 3 0
5 3 6 0
3 6 5 0
6 5 3 0
5 3 6 0
3 6 195 0
6 195 5 0
195 5 3 0
5 3 6 0
3 6 5 0
6 5 3 0
5 3 6 0
3 6 195 0
6 195 5 0
195 5 3 0
5 3 6 0
3 6 5 0
6 5 3 0
5 3 6 0
3 6 195 0
6 195 5 0
195 5 3 0
5 3 6 0
3 6 5 0
6 5 3 0
5 3 6 0
3 6 195 0
6 195 5 0
195 5 3 0
5 3 6 0
3 6 5 0
6 5 3 0
5 3 6 0
3 6 195 0
6 195 5 0
195 5 3 0
5 3 6 0
3 6 5 0
6 5 3 0
5 3 6 0
3 6 195 0
6 195 5 0
195 5 3 0
5 3 6 0
3 6 5 0
6 5 3 0
5 3 6 0
3 6 195 0
6 195 5 0
195 5 3 0
5 3 6 0
3 6 5 0
6 5 3 0
5 3 6 0
3 6 195 0
6 195 5 0
195 5 3 0
5 3 6 0
3 6 5 0
6 5 3 0
5 3 6 0
3 6 195 0
6 195 5 0
195 5 3 0
5 3 6 0
3 6 5 0
6 5 3 0
5 3 6 0
3 6 195 0
6 195 5 0
195 5 3 0
5 3 6 0
3 6 5 0
6 5 3 0
5 3 6 0
3 6 195 0
6 195 5 0
195 5 3 0
5 3 6 0
3 6 5 0
6 5 3 0
5 3 6 0
3 6 195 0
6 195 5 0
195 5 3 0
5 3 6 0
3 6 5 0
6 5 3 0
5 3 6 0
3 6 195 0
6 195 5 0
195 5 3 0
5 3 6 0
3 6 5 0
6 5 3 0
5 3 6 0
3 6 195 0
6 195 5 0
195 5 3 0
5 3 6 0
3 6 5 0
6 5 3 0
5 3 6 0
3 6 195 0
6 195 5 0
195 5 3 0
5 3 6 0
3 6 5 0
6 5 3 0
5 3 6 0
3 6 195 0
6 195 5 0
195 5 3 0
5 3 6 0
3 6 5 0
6 5 3 0
5 3 6 0
3 6 195 0
6 195 5 0
195 5 3 0
5 3 6 0
3 6 5 0
6 5 3 0
5 3 6 0
3 6 195 0
6 195 5 0
195 5 3 0
5 3 6 0
3 6 5 0
6 5 3 0
5 3 6 0
3 6 195 0
6 195 5 0
195 5 3 0
5 3 6 0
3 6 5 0
6 5 3 0
5 3 6 0
3 6 195 0
6 195 5 0
195 5 3 0
5 3 6 0
3 6 5 0
6 5 3 0
5 3 6 0
3 6 195 0
6 195 5 0
195 5 3 0
5 3 6 0
3 6 5 0
6 5 3 0
5 3 6 0
3 6 195 0
6 195 5 0
195 5 3 0
5 3 6 0
3 6 5 0
6 5 3 0
5 3 6 0
3 6 195 0
6 195 5 0
195 5 3 0
5 3 6 0
3 6 5 0
6 5 3 0
5 3 6 0
3 6 195 0
6 195 5 0
195 5 3 0
5 3 6 0
3 6 5 0
6 5 3 0
5 3 6 0
3 6 195 0
6 195 5 0
195 5 3 0
5 3 6 0
3 6 5 0
6 5 3 0
5 3 6 0
3 6 195 0
6 195 5 0
195 5 3 0
5 3 6 0
3 6 5 0
6 5 3 0
5 3 6 0
3 6 195 0
6 195 5 0
195 5 3 0
5 3 6 0
3 6 5 0
6 5 3 0
5 3 6 0
3 6 195 0
6 195 5 0
195 5 3 0
5 3 6 0
3 6 5 0
6 5 3 0
5 3 6 0
3 6 195 0
6 195 5 0
195 5 3 0
5 3 6 0
3 6 5 0
6 5 3 0
5 3 6 0
3 6 195 0
6 195 5 0
195 5 3 0
5 3 6 0
3 6 5 0
6 5 3 0
5 3 6 0
3 6 195 0
6 195 5 0
195 5 3 0
5 3 6 0
3 6 5 0
6 5 3 0
5 3 6 0
3 6 195 0
6 195 5 0
195 5 3 0
5 3 6 0
3 6 5 0
6 5 3 0
5 3 6 0
3 6 195 0
6 195 5 0
195 5 3 0
5 3 6 0
3 6 5 0
6 5 3 0
5 3 6 0
3 6 195 0
6 195 5 0
195 5 3 0
5 3 6 0
3 6 5 0
6 5 3 0
5 3 6 0
3 6 195 0
6 195 5 0
195 5 3 0
5 3 6 0
3 6 5 0
6 5 3 0
5 3 6 0
3 6 195 0
6 195 5 0
195 5 3 0
5 3 6 0
3 6 5 0
6 5 3 0
5 3 6 0
3 6 195 0
6 195 5 0
195 5 3 0
5 3 6 0
3 6 5 0
6 5 3 0
5 3 6 0
3 6 195 0
6 195 5 0
195 5 3 0
5 3 6 0
3 6 5 0
6 5 3 0
5 3 6 0
3 6 195 0
6 195 5 0
195 5 3 0
5 3 6 0
3 6 5 0
6 5 3 0
5 3 6 0
3 6 195 0
6 195 5 0
195 5 3 0
5 3 6 0
3 6 5 0
6 5 3 0
5 3 6 0
3 6 195 0
6 195 5 0
195 5 3 0
5 3 6 0
3 6 5 0
6 5 3 0
5 3 6 0
3 6 141 0
6 141 6 0
141 6 197 0
6 197 192 0
197 192 4 0
new
174 6 6 0
6 6 6 0
6 6 5 0
6 5 220 0
5 220 221 0
220 221 221 0
221 221 221 0
221 221 221 0
221 221 221 0
221 221 221 0
221 221 221 0
221 221 221 0
221 221 221 0
221 221 221 0
221 221 221 0
221 221 221 0
221 221 221 0
221 221 221 0
221 221 221 0
221 221 221 0
221 221 221 0
221 221 221 0
221 221 220 0
221 220 6 0
220 6 5 0
6 5 63 0
5 63 6 0
63 6 63 0
6 63 6 0
63 6 63 0
6 63 6 0
63 6 11 0
6 11 45 0
11 45 33 0
45 33 192 0
33 192 33 0
192 33 5 0
33 5 197 0
5 197 192 0
197 192 6 0
192 6 33 0
6 33 5 0
33 5 3 0
5 3 197 0
3 197 192 0
197 192 125 0
192 125 192 0
125 192 192 0
192 192 6 0
192 6 33 0
6 33 5 0
33 5 3 0
5 3 197 0
3 197 192 0
197 192 192 0
192 192 6 0
192 6 33 0
6 33 5 0
33 5 3 0
5 3 197 0
3 197 192 0
197 192 192 0
192 192 192 0
192 192 192 0
192 192 6 0
192 6 33 0
6 33 5 0
33 5 3 0
5 3 197 0
3 197 192 0
197 192 192 0
192 192 6 0
192 6 33 0
6 33 5 0
33 5 3 0
5 3 197 0
3 197 192 0
197 192 192 0
192 192 6 0
192 6 33 0
6 33 5 0
33 5 3 0
5 3 197 0
3 197 192 0
197 192 192 0
192 192 6 0
192 6 33 0
6 33 5 0
33 5 3 0
5 3 197 0
3 197 192 0
197 192 192 0
192 192 6 0
192 6 33 0
6 33 5 0
33 5 3 0
5 3 197 0
3 197 192 0
197 192 192 0
192 192 192 0
192 192 6 0
192 6 33 0
6 33 5 0
33 5 3 0
5 3 197 0
3 197 192 0
197 192 192 0
192 192 6 0
192 6 33 0
6 33 5 0
33 5 3 0
5 3 197 0
3 197 192 0
197 192 192 0
192 192 192 0
192 192 6 0
192 6 192 0
6 192 192 0
192 192 243 0
192 243 125 0
243 125 125 0
125 125 125 0
125 125 125 0
125 125 125 0
125 125 125 0
125 125 125 0
125 125 125 0
125 125 125 0
125 125 125 0
125 125 125 0
125 125 125 0
125 125 91 0
125 91 258 0
91 258 311 0
258 311 240 0
311 240 240 0
240 240 174 0
240 174 174 0
174 174 175 0
174 175 191 0
175 191 122 0
191 122 199 0
122 199 45 0
199 45 45 0
45 45 78 0
45 78 5 0
78 5 5 0
5 5 197 0
5 197 221 0
197 221 197 0
221 197 192 0
197 192 140 0
192 140 3 0
140 3 3 0
3 3 6 0
3 6 91 0
6 91 85 0
91 85 5 0
85 5 5 0
5 5 197 0
5 197 192 0
197 192 3 0
192 3 3 0
3 3 3 0
3 3 3 0
3 3 3 0
3 3 3 0
3 3 3 0
3 3 3 0
3 3 3 0
3 3 3 0
3 3 3 0
3 3 3 0
3 3 3 0
3 3 3 0
3 3 3 0
3 3 6 0
3 6 91 0
6 91 240 0
91 240 5 0
240 5 3 0
5 3 6 0
3 6 195 0
6 195 195 0
195 195 85 0
195 85 195 0
85 195 5 0
195 5 197 0
5 197 221 0
197 221 197 0
221 197 192 0
197 192 140 0
192 140 3 0
140 3 3 0
3 3 6 0
3 6 91 0
6 91 5 0
91 5 197 0
5 197 221 0
197 221 197 0
221 197 192 0
197 192 140 0
192 140 3 0
140 3 3 0
3 3 6 0
3 6 91 0
6 91 42 0
91 42 42 0
42 42 42 0
42 42 120 0
42 120 6 0
120 6 6 0
6 6 6 0
6 6 3 0
6 3 6 0
3 6 142 0
6 142 3 0
142 3 142 0
3 142 3 0
142 3 6 0
3 6 3 0
6 3 6 0
3 6 7 0
6 7 5 0
7 5 197 0
5 197 221 0
197 221 197 0
221 197 192 0
197 192 140 0
192 140 3 0
140 3 3 0
3 3 6 0
3 6 91 0
6 91 85 0
91 85 45 0
85 45 45 0
45 45 45 0
45 45 195 0
45 195 5 0
195 5 197 0
5 197 221 0
197 221 197 0
221 197 192 0
197 192 140 0
192 140 3 0
140 3 3 0
3 3 6 0
3 6 91 0
6 91 197 0
91 197 192 0
197 192 4 0
new
175 174 174 0
174 174 174 0
174 174 6 0
174 6 63 0
6 63 6 0
63 6 195 0
6 195 195 0
195 195 195 0
195 195 195 0
195 195 195 0
195 195 195 0
195 195 195 0
195 195 195 0
195 195 195 0
195 195 201 0
195 201 202 0
201 202 199 0
202 199 200 0
199 200 33 0
200 33 195 0
33 195 201 0
195 201 202 0
201 202 199 0
202 199 200 0
199 200 33 0
200 33 195 0
33 195 195 0
195 195 201 0
195 201 202 0
201 202 199 0
202 199 200 0
199 200 33 0
200 33 195 0
33 195 201 0
195 201 202 0
201 202 199 0
202 199 200 0
199 200 33 0
200 33 174 0
33 174 174 0
174 174 174 0
174 174 174 0
174 174 174 0
174 174 174 0
174 174 174 0
174 174 174 0
174 174 174 0
174 174 174 0
174 174 174 0
174 174 174 0
174 174 174 0
174 174 174 0
174 174 174 0
174 174 174 0
174 174 174 0
174 174 174 0
174 174 174 0
174 174 11 0
174 11 45 0
11 45 33 0
45 33 192 0
33 192 33 0
192 33 5 0
33 5 197 0
5 197 192 0
197 192 6 0
192 6 33 0
6 33 5 0
33 5 3 0
5 3 197 0
3 197 192 0
197 192 192 0
192 192 6 0
192 6 33 0
6 33 5 0
33 5 3 0
5 3 197 0
3 197 192 0
197 192 192 0
192 192 192 0
192 192 6 0
192 6 33 0
6 33 5 0
33 5 3 0
5 3 197 0
3 197 192 0
197 192 192 0
192 192 192 0
192 192 6 0
192 6 192 0
6 192 243 0
192 243 125 0
243 125 125 0
125 125 125 0
125 125 125 0
125 125 125 0
125 125 91 0
125 91 268 0
91 268 45 0
268 45 45 0
45 45 5 0
45 5 197 0
5 197 192 0
197 192 3 0
192 3 3 0
3 3 6 0
3 6 91 0
6 91 5 0
91 5 197 0
5 197 192 0
197 192 192 0
192 192 6 0
192 6 5 0
6 5 5 0
5 5 5 0
5 5 197 0
5 197 192 0
197 192 3 0
192 3 3 0
3 3 3 0
3 3 3 0
3 3 3 0
3 3 3 0
3 3 3 0
3 3 3 0
3 3 3 0
3 3 3 0
3 3 3 0
3 3 3 0
3 3 3 0
3 3 3 0
3 3 3 0
3 3 6 0
3 6 91 0
6 91 5 0
91 5 197 0
5 197 192 0
197 192 3 0
192 3 45 0
3 45 197 0
45 197 192 0
197 192 3 0
192 3 4 0
3 4 3 0
4 3 3 0
3 3 3 0
3 3 3 0
3 3 3 0
3 3 3 0
3 3 3 0
3 3 3 0
3 3 3 0
3 3 3 0
3 3 3 0
3 3 3 0
3 3 3 0
3 3 3 0
3 3 6 0
3 6 91 0
6 91 4 0
91 4 6 0
4 6 91 0
6 91 6 0
new
175 174 174 0
174 174 174 0
174 174 63 0
174 63 6 0
63 6 195 0
6 195 195 0
195 195 195 0
195 195 195 0
195 195 195 0
195 195 195 0
195 195 195 0
195 195 195 0
195 195 195 0
195 195 201 0
195 201 202 0
201 202 199 0
202 199 200 0
199 200 33 0
200 33 195 0
33 195 201 0
195 201 202 0
201 202 199 0
202 199 200 0
199 200 33 0
200 33 195 0
33 195 195 0
195 195 201 0
195 201 202 0
201 202 199 0
202 199 200 0
199 200 33 0
200 33 195 0
33 195 201 0
195 201 202 0
201 202 199 0
202 199 200 0
199 200 33 0
200 33 174 0
33 174 174 0
174 174 174 0
174 174 174 0
174 174 174 0
174 174 174 0
174 174 174 0
174 174 174 0
174 174 174 0
174 174 174 0
174 174 174 0
174 174 174 0
174 174 174 0
174 174 174 0
174 174 174 0
174 174 174 0
174 174 174 0
174 174 174 0
174 174 174 0
174 174 11 0
174 11 45 0
11 45 33 0
45 33 192 0
33 192 33 0
192 33 5 0
33 5 197 0
5 197 192 0
197 192 6 0
192 6 33 0
6 33 5 0
33 5 3 0
5 3 197 0
3 197 192 0
197 192 192 0
192 192 6 0
192 6 33 0
6 33 5 0
33 5 3 0
5 3 197 0
3 197 192 0
197 192 192 0
192 192 192 0
192 192 6 0
192 6 33 0
6 33 5 0
33 5 3 0
5 3 197 0
3 197 192 0
197 192 192 0
192 192 192 0
192 192 6 0
192 6 192 0
6 192 243 0
192 243 125 0
243 125 125 0
125 125 125 0
125 125 125 0
125 125 125 0
125 125 91 0
125 91 268 0
91 268 45 0
268 45 45 0
45 45 5 0
45 5 197 0
5 197 192 0
197 192 3 0
192 3 3 0
3 3 6 0
3 6 91 0
6 91 5 0
91 5 197 0
5 197 192 0
197 192 192 0
192 192 6 0
192 6 5 0
6 5 5 0
5 5 5 0
5 5 197 0
5 197 192 0
197 192 3 0
192 3 3 0
3 3 3 0
3 3 3 0
3 3 3 0
3 3 3 0
3 3 3 0
3 3 3 0
3 3 3 0
3 3 3 0
3 3 3 0
3 3 3 0
3 3 3 0
3 3 3 0
3 3 3 0
3 3 6 0
3 6 91 0
6 91 221 0
91 221 197 0
221 197 192 0
197 192 140 0
192 140 3 0
140 3 197 0
3 197 192 0
197 192 3 0
192 3 6 0
3 6 91 0
6 91 4 0
91 4 6 0
4 6 91 0
6 91 6 0
new
102 6 195 0
6 195 195 0
195 195 195 0
195 195 195 0
195 195 195 0
195 195 195 0
195 195 195 0
195 195 195 0
195 195 195 0
195 195 195 0
195 195 195 0
195 195 195 0
195 195 195 0
195 195 195 0
195 195 195 0
195 195 195 0
195 195 195 0
195 195 195 0
195 195 195 0
195 195 195 0
195 195 195 0
195 195 195 0
195 195 195 0
195 195 195 0
195 195 195 0
195 195 195 0
195 195 195 0
195 195 195 0
195 195 195 0
195 195 195 0
195 195 195 0
195 195 195 0
195 195 195 0
195 195 195 0
195 195 195 0
195 195 195 0
195 195 195 0
195 195 195 0
195 195 195 0
195 195 195 0
195 195 195 0
195 195 195 0
195 195 195 0
195 195 195 0
195 195 195 0
195 195 195 0
195 195 195 0
195 195 195 0
195 195 195 0
195 195 195 0
195 195 195 0
195 195 195 0
195 195 195 0
195 195 195 0
195 195 195 0
195 195 195 0
195 195 195 0
195 195 195 0
195 195 195 0
195 195 195 0
195 195 195 0
195 195 195 0
195 195 195 0
195 195 195 0
195 195 195 0
195 195 195 0
195 195 195 0
195 195 195 0
195 195 195 0
195 195 195 0
195 195 195 0
195 195 195 0
195 195 195 0
195 195 195 0
195 195 195 0
195 195 195 0
195 195 195 0
195 195 195 0
195 195 195 0
195 195 195 0
195 195 195 0
195 195 195 0
195 195 195 0
195 195 195 0
195 195 195 0
195 195 195 0
195 195 195 0
195 195 195 0
195 195 195 0
195 195 195 0
195 195 195 0
195 195 195 0
195 195 195 0
195 195 195 0
195 195 195 0
195 195 195 0
195 195 140 0
195 140 3 0
140 3 3 0
3 3 102 0
3 102 102 0
102 102 102 0
102 102 13 0
102 13 102 0
13 102 102 0
102 102 102 0
102 102 102 0
102 102 6 0
102 6 195 0
6 195 5 0
195 5 197 0
5 197 192 0
197 192 3 0
192 3 3 0
3 3 6 0
3 6 91 0
6 91 195 0
91 195 102 0
195 102 102 0
102 102 78 0
102 78 168 0
78 168 102 0
168 102 168 0
102 168 54 0
168 54 102 0
54 102 6 0
102 6 102 0
6 102 102 0
102 102 78 0
102 78 168 0
78 168 102 0
168 102 168 0
102 168 54 0
168 54 102 0
54 102 6 0
102 6 195 0
6 195 102 0
195 102 102 0
102 102 78 0
102 78 168 0
78 168 102 0
168 102 168 0
102 168 54 0
168 54 102 0
54 102 6 0
102 6 102 0
6 102 102 0
102 102 102 0
102 102 102 0
102 102 102 0
102 102 102 0
102 102 102 0
102 102 102 0
102 102 6 0
102 6 219 0
6 219 311 0
219 311 240 0
311 240 140 0
240 140 3 0
140 3 3 0
3 3 240 0
3 240 240 0
240 240 240 0
240 240 240 0
240 240 240 0
240 240 240 0
240 240 240 0
240 240 240 0
240 240 102 0
240 102 102 0
102 102 102 0
102 102 13 0
102 13 102 0
13 102 102 0
102 102 102 0
102 102 102 0
102 102 6 0
102 6 5 0
6 5 197 0
5 197 192 0
197 192 3 0
192 3 3 0
3 3 6 0
3 6 91 0
6 91 5 0
91 5 197 0
5 197 192 0
197 192 3 0
192 3 3 0
3 3 6 0
3 6 91 0
6 91 195 0
91 195 102 0
195 102 102 0
102 102 78 0
102 78 168 0
78 168 102 0
168 102 168 0
102 168 54 0
168 54 102 0
54 102 6 0
102 6 102 0
6 102 102 0
102 102 78 0
102 78 168 0
78 168 102 0
168 102 168 0
102 168 54 0
168 54 102 0
54 102 6 0
102 6 195 0
6 195 102 0
195 102 102 0
102 102 78 0
102 78 168 0
78 168 102 0
168 102 168 0
102 168 54 0
168 54 102 0
54 102 6 0
102 6 102 0
6 102 102 0
102 102 102 0
new
311 78 240 0
78 240 265 0
240 265 240 0
265 240 78 0
240 78 240 0
78 240 265 0
240 265 240 0
265 240 78 0
240 78 240 0
78 240 265 0
240 265 240 0
265 240 78 0
240 78 78 0
78 78 240 0
78 240 265 0
240 265 240 0
265 240 78 0
240 78 78 0
78 78 240 0
78 240 265 0
240 265 240 0
265 240 78 0
240 78 78 0
78 78 240 0
78 240 265 0
240 265 240 0
265 240 78 0
240 78 78 0
78 78 240 0
78 240 265 0
240 265 240 0
265 240 78 0
240 78 78 0
78 78 240 0
78 240 265 0
240 265 240 0
265 240 78 0
240 78 78 0
78 78 240 0
78 240 265 0
240 265 240 0
265 240 78 0
240 78 78 0
78 78 240 0
78 240 265 0
240 265 240 0
265 240 78 0
240 78 78 0
78 78 240 0
78 240 265 0
240 265 240 0
265 240 78 0
240 78 240 0
78 240 265 0
240 265 240 0
265 240 78 0
240 78 78 0
78 78 240 0
78 240 265 0
240 265 240 0
265 240 78 0
240 78 78 0
78 78 240 0
78 240 265 0
240 265 240 0
265 240 78 0
240 78 240 0
78 240 265 0
240 265 240 0
265 240 78 0
240 78 78 0
78 78 240 0
78 240 265 0
240 265 240 0
265 240 78 0
240 78 240 0
78 240 265 0
240 265 240 0
265 240 78 0
240 78 78 0
78 78 240 0
78 240 265 0
240 265 240 0
265 240 78 0
240 78 78 0
78 78 240 0
78 240 265 0
240 265 240 0
265 240 78 0
240 78 78 0
78 78 240 0
78 240 265 0
240 265 240 0
265 240 78 0
240 78 78 0
78 78 240 0
78 240 265 0
240 265 240 0
265 240 78 0
240 78 240 0
78 240 265 0
240 265 240 0
265 240 78 0
240 78 240 0
78 240 265 0
240 265 240 0
265 240 78 0
240 78 78 0
78 78 240 0
78 240 265 0
240 265 240 0
265 240 78 0
240 78 78 0
78 78 240 0
78 240 265 0
240 265 240 0
265 240 78 0
240 78 78 0
78 78 240 0
78 240 265 0
240 265 240 0
265 240 78 0
240 78 78 0
78 78 240 0
78 240 265 0
240 265 240 0
265 240 78 0
240 78 78 0
78 78 240 0
78 240 265 0
240 265 240 0
265 240 78 0
240 78 78 0
78 78 240 0
78 240 265 0
240 265 240 0
265 240 78 0
240 78 78 0
78 78 240 0
78 240 265 0
240 265 240 0
265 240 78 0
240 78 78 0
78 78 240 0
78 240 265 0
240 265 240 0
265 240 78 0
240 78 78 0
78 78 240 0
78 240 265 0
240 265 240 0
265 240 78 0
240 78 78 0
78 78 240 0
78 240 265 0
240 265 240 0
265 240 78 0
240 78 78 0
78 78 240 0
78 240 265 0
240 265 240 0
265 240 78 0
240 78 78 0
78 78 240 0
78 240 265 0
240 265 240 0
265 240 78 0
240 78 78 0
78 78 240 0
78 240 265 0
240 265 240 0
265 240 78 0
240 78 78 0
78 78 240 0
78 240 265 0
240 265 240 0
265 240 78 0
240 78 78 0
78 78 240 0
78 240 265 0
240 265 240 0
265 240 78 0
240 78 78 0
78 78 240 0
78 240 265 0
240 265 240 0
265 240 78 0
240 78 78 0
78 78 240 0
78 240 265 0
240 265 240 0
265 240 78 0
240 78 78 0
78 78 240 0
78 240 265 0
240 265 240 0
265 240 78 0
240 78 78 0
78 78 240 0
78 240 265 0
240 265 240 0
265 240 78 0
240 78 78 0
78 78 240 0
78 240 265 0
240 265 240 0
265 240 78 0
240 78 78 0
78 78 240 0
78 240 265 0
240 265 240 0
265 240 78 0
240 78 78 0
78 78 240 0
78 240 265 0
240 265 240 0
265 240 78 0
240 78 78 0
78 78 240 0
78 240 265 0
240 265 240 0
265 240 78 0
240 78 78 0
78 78 240 0
78 240 265 0
240 265 240 0
265 240 78 0
240 78 78 0
78 78 240 0
78 240 265 0
240 265 240 0
265 240 240 0
240 240 78 0
240 78 78 0
78 78 240 0
78 240 265 0
240 265 240 0
265 240 78 0
240 78 78 0
78 78 240 0
78 240 265 0
240 265 240 0
265 240 78 0
240 78 78 0
78 78 240 0
78 240 265 0
240 265 240 0
265 240 78 0
240 78 78 0
78 78 240 0
78 240 265 0
240 265 240 0
265 240 78 0
240 78 240 0
78 240 265 0
240 265 240 0
265 240 78 0
240 78 78 0
78 78 240 0
78 240 265 0
240 265 240 0
265 240 78 0
240 78 78 0
78 78 240 0
78 240 265 0
240 265 240 0
265 240 78 0
240 78 78 0
78 78 240 0
78 240 265 0
240 265 240 0
265 240 78 0
240 78 78 0
78 78 240 0
78 240 265 0
240 265 240 0
265 240 78 0
240 78 78 0
78 78 240 0
78 240 265 0
240 265 240 0
265 240 78 0
240 78 240 0
78 240 240 0
240 240 78 0
240 78 240 0
78 240 265 0
240 265 240 0
265 240 78 0
240 78 78 0
78 78 240 0
78 240 265 0
240 265 240 0
265 240 78 0
240 78 78 0
78 78 240 0
78 240 265 0
240 265 240 0
265 240 78 0
240 78 240 0
78 240 240 0
240 240 78 0
240 78 240 0
78 240 265 0
240 265 240 0
265 240 78 0
240 78 78 0
78 78 240 0
78 240 265 0
240 265 240 0
265 240 78 0
240 78 78 0
78 78 240 0
78 240 265 0
240 265 240 0
265 240 78 0
240 78 240 0
78 240 240 0
240 240 78 0
240 78 240 0
78 240 265 0
240 265 240 0
265 240 78 0
240 78 78 0
78 78 240 0
78 240 265 0
240 265 240 0
265 240 78 0
240 78 78 0
78 78 240 0
78 240 265 0
240 265 240 0
265 240 78 0
240 78 240 0
78 240 240 0
240 240 78 0
240 78 240 0
78 240 265 0
240 265 240 0
265 240 78 0
240 78 78 0
78 78 240 0
78 240 265 0
240 265 240 0
265 240 78 0
240 78 240 0
78 240 240 0
240 240 240 0
240 240 78 0
240 78 265 0
78 265 240 0
265 240 78 0
240 78 78 0
78 78 240 0
78 240 265 0
240 265 240 0
265 240 78 0
240 78 78 0
78 78 240 0
78 240 265 0
240 265 240 0
265 240 78 0
240 78 240 0
78 240 240 0
240 240 78 0
240 78 240 0
78 240 265 0
240 265 240 0
265 240 78 0
240 78 78 0
78 78 240 0
78 240 265 0
240 265 240 0
265 240 78 0
240 78 78 0
78 78 240 0
78 240 265 0
240 265 240 0
265 240 78 0
240 78 240 0
78 240 240 0
240 240 78 0
240 78 240 0
78 240 265 0
240 265 240 0
265 240 78 0
240 78 240 0
78 240 265 0
240 265 240 0
265 240 78 0
240 78 240 0
78 240 265 0
240 265 240 0
265 240 78 0
240 78 78 0
78 78 240 0
78 240 265 0
240 265 240 0
265 240 78 0
240 78 78 0
78 78 240 0
78 240 265 0
240 265 240 0
265 240 78 0
240 78 78 0
78 78 240 0
78 240 265 0
240 265 240 0
265 240 78 0
240 78 78 0
78 78 240 0
78 240 265 0
240 265 240 0
265 240 78 0
240 78 78 0
78 78 240 0
78 240 265 0
240 265 240 0
265 240 78 0
240 78 78 0
78 78 240 0
78 240 265 0
240 265 240 0
265 240 78 0
240 78 78 0
78 78 240 0
78 240 265 0
240 265 240 0
265 240 78 0
240 78 78 0
78 78 240 0
78 240 265 0
240 265 240 0
265 240 78 0
240 78 78 0
78 78 240 0
78 240 265 0
240 265 240 0
265 240 78 0
240 78 240 0
78 240 240 0
240 240 78 0
240 78 240 0
78 240 265 0
240 265 240 0
265 240 78 0
240 78 78 0
78 78 240 0
78 240 265 0
240 265 240 0
265 240 78 0
240 78 78 0
78 78 240 0
78 240 265 0
240 265 240 0
265 240 78 0
240 78 78 0
78 78 240 0
78 240 265 0
240 265 240 0
265 240 78 0
240 78 78 0
78 78 240 0
78 240 265 0
240 265 240 0
265 240 78 0
240 78 78 0
78 78 240 0
78 240 265 0
240 265 240 0
265 240 78 0
240 78 240 0
78 240 240 0
240 240 78 0
240 78 240 0
78 240 265 0
new
